/*--------------------------------*- C++ -*----------------------------------*\
  =========                 |
  \\      /  F ield         | OpenFOAM: The Open Source CFD Toolbox
   \\    /   O peration     | Website:  https://openfoam.org
    \\  /    A nd           | Version:  8
     \\/     M anipulation  |
\*---------------------------------------------------------------------------*/
FoamFile
{
    version     2.0;
    format      ascii;
    class       volScalarField;
    location    "0.85";
    object      p;
}
// * * * * * * * * * * * * * * * * * * * * * * * * * * * * * * * * * * * * * //

dimensions      [1 -1 -2 0 0 0 0];

internalField   nonuniform List<scalar> 
1924
(
0
-5.7716
-5.29627
-5.49602
-3.32685
-7.07361
-8.33937
-10.8152
-11.4526
-4.53783
-17.0977
-20.1268
8.91699
-29.0856
-83.5488
-84.1867
8.81096
-32.162
17.6328
-40.7216
9.29818
2.81635
7.91249
-42.1841
1.77111
-0.801225
-1.82338
-14.5327
-1.91863
10.9424
7.85393
1.74622
4.16604
8.48379
-10.7977
7.30049
1.75829
-2.64241
10.8687
8.1573
-0.106688
9.04079
-0.479377
8.93309
2.19705
3.89651
-4.77651
0.091903
160.815
25.5361
29.9406
9.05315
3.28402
71.1246
8.00624
-6.3657
14.3592
-1.37088
-15.2834
-29.3053
9.31175
-80.5153
10.0226
15.4859
160.028
0.819185
-61.713
6.517
1.60497
15.4871
9.33441
-78.4313
14.0859
10.2428
8.69112
9.73346
4.7508
8.79744
5.11276
10.566
-11.8741
-7.36367
10.2719
9.31676
8.41503
6.14847
-15.9781
-80.2261
94.674
9.36594
-57.2926
-6.69326
7.18698
6.96937
9.29536
225.924
2.50405
-14.4711
-25.1658
9.23882
-2.68564
9.29302
-28.1823
-14.3496
7.87187
5.1969
0.41762
9.10919
-24.3886
8.28198
0.742543
3.27735
-3.2313
13.4688
8.33628
9.82926
-3.83976
-85.9477
3.45131
6.93174
39.7057
669.757
13.0168
9.49697
-70.9355
6.96823
8.81355
7.64502
5.4963
685.39
-1.71207
-1.83232
7.00487
13.088
9.12775
4.2657
-1.72938
0.555288
-49.4041
-3.51403
-9.06014
-73.8742
12.2437
3.37261
-6.10576
537.274
7.09696
9.25308
-23.8906
3.2501
14.878
764.456
8.84739
-4.82088
-8.30069
5.78541
671.033
-2.62126
-5.33108
-4.26405
12.8011
9.16433
-7.36302
670.179
18.8634
5.06416
2.03657
717.86
6.98356
4.38832
0.477578
-11.6748
3.26353
-15.8176
-4.69184
9.85633
12.6527
9.36546
8.13931
-10.7202
7.34357
-85.9826
10.9651
2.08364
295.57
-11.9241
8.44409
2.32325
3.01867
11.2257
7.60864
-14.0041
-5.99128
-14.6317
-4.77209
764.27
-5.32118
9.3188
9.13092
9.24381
22.6985
-9.33946
0.253756
-20.5536
-1.22703
6.00709
-20.9197
8.86773
9.08307
8.74562
669.721
1.37411
-64.9308
-4.52987
1.09443
7.98712
-20.1925
8.67391
-24.4674
6.40857
7.12167
7.74268
0.231012
-70.4726
-23.7358
-5.84801
-8.79501
-4.01739
-13.8409
8.27407
3.71287
-44.2612
8.66641
9.30229
-13.6515
10.2288
-62.7855
-33.616
-5.46716
764
-84.7694
7.06378
-54.9168
8.73963
0.419652
9.06222
-32.0936
-2.50502
10.472
-0.858906
-30.1201
696.796
-15.7145
-1.01481
1.10539
-74.3546
-0.954558
6.1265
7.60205
-38.3555
4.98785
-7.45391
-14.3084
9.42072
0.176486
7.33524
6.96678
3.43945
8.81401
12.0821
8.11635
14.5001
2.85053
3.56672
-43.3384
-12.9765
-36.3937
-13.4944
-4.12325
8.97271
45.8607
792.829
-50.9805
-25.7601
71.4248
11.2376
-10.1454
701.009
-46.4729
5.95202
-14.1004
9.70069
-22.3941
-65.7353
13.1208
23.374
-78.3501
8.64512
4.71501
-71.6743
768.425
-6.70782
-51.2923
-19.2297
-44.3386
-0.46299
10.4642
-43.4813
4.25115
7.4912
8.92466
4.4486
-28.0384
2.47056
-3.45489
9.90432
4.90479
-50.3454
-19.0674
-0.802968
7.14269
6.43219
-11.5447
21.0053
-2.76178
-7.8169
3.86237
1.58457
-3.32415
-14.6538
8.05576
-59.1942
2.41506
-46.3644
5.38089
-21.7733
-36.3618
-27.1939
-39.1124
-16.3294
-6.02559
14.5869
1.74637
8.61754
-80.9234
-81.1885
3.64438
-70.8352
6.17472
-1.54749
-0.291334
8.16508
21.54
-60.5603
8.79879
-1.70865
503.62
-58.6634
4.86278
312.472
-30.8748
-72.7887
-53.8521
-45.4448
-1.19043
-22.0305
1.86177
6.21919
-39.4481
-32.1551
-39.1851
-1.24494
2.72774
-79.4045
-6.32761
9.62787
-77.1879
-83.6171
0.562672
-75.3002
-78.9744
0.971056
2.93484
-9.84309
8.33477
-33.0102
5.85537
-51.2466
-4.52625
-28.4665
20.958
1.5584
-1.43554
-58.6858
-42.2955
3.88544
-1.99311
0.845496
-16.5389
-84.8355
473.414
3.52534
8.42055
8.87665
810.308
-34.3388
-20.9046
-64.8234
1.61494
-1.72836
-29.4754
1.58324
-63.9627
-35.9177
-49.4585
-17.4645
-11.3946
-66.0626
5.04582
-3.32707
-60.1262
5.11012
-16.3875
8.66198
-1.36572
-47.9353
-4.42967
11.049
1.06181
-14.8249
-38.932
-9.60558
-19.9757
1.76753
-45.6734
-11.9161
-41.3451
15.5921
-43.8113
-1.12839
6.37447
-6.1469
-10.5228
34.8841
-71.471
-26.9702
-38.7606
4.23276
-2.1423
-47.1342
-83.8451
0.957524
-19.7989
-24.1132
-4.36464
-7.22583
-28.5624
-75.1727
2.14698
-80.3702
-5.55107
0.191907
9.9074
2.64133
8.19373
-51.1833
-60.5668
-50.1344
-50.1087
6.31819
-3.05782
1.03577
5.57137
-23.2378
4.93436
-3.86004
16.7634
-70.1118
-73.6249
-85.6254
-36.5203
-53.8271
-27.4413
-63.6359
0.412856
-3.03742
-11.5205
-74.0777
-18.6971
-8.08062
12.2826
-16.4656
1.21811
-5.96227
-52.7108
-15.686
-77.0971
-35.8148
-10.1079
17.9477
-46.9031
-79.1724
5.19617
-1.76946
8.61715
-16.4617
-63.4837
-5.61069
0.53775
-36.0043
0.811453
-12.9021
-39.1786
-20.716
-46.9335
-50.0081
-1.30635
-7.18801
-57.4286
-83.8084
1.58967
-67.6226
-8.76511
-30.1776
-30.6168
-14.3225
3.82858
9.91745
-5.17329
-58.2277
2.23726
-73.8872
0.443847
6.30441
7.97117
-55.1142
-57.7767
4.37323
9.2238
-4.15638
0.0668043
18.9176
12.4519
2.07474
-20.8432
-16.1179
10.3105
18.693
-66.4683
-25.7683
-14.9979
-25.5834
-85.3434
0.674427
-10.7798
5.59591
9.24418
31.4102
16.4496
14.763
-3.58407
1.57544
10.8396
-27.7179
3.92746
5.49893
-7.2948
-7.09792
5.93603
0.356837
-17.4734
-19.2859
-9.36792
-33.6556
3.63686
-41.8684
6.95543
8.33002
-40.6732
4.18948
-2.24249
-76.1933
-61.0424
-35.7993
206.819
11.0279
-49.8581
10.3883
-12.3397
15.1771
-5.87333
0.750404
57.0394
78.4968
19.6882
-35.4418
-42.8963
-2.23888
-55.7031
2.09383
371.544
-54.5278
-57.3733
23.223
-0.0798565
-77.6498
-13.5175
-3.51519
5.58621
12.8656
-5.34122
-75.9838
6.84954
-8.84482
-1.77131
-67.1038
-30.7283
7.5932
316.652
20.4766
-26.2976
-10.3597
-9.08344
-4.01889
-63.9569
3.75404
8.22187
-69.8599
-21.2937
6.18031
-82.7203
-13.7722
-4.08031
3.3889
0.0847452
396.531
-11.7696
47.4386
-17.5001
-22.2382
-20.5618
-23.5941
0.146422
-8.92956
-16.1638
-62.6091
-3.48149
-63.4153
-18.2163
4.22882
0.859366
-24.7444
-3.45363
-40.7565
7.31736
-28.8448
1.4219
-2.21523
-7.20217
4.94782
4.62596
8.95448
3.01517
-16.5615
-29.6076
22.7847
-5.48103
-79.0543
0.401221
0.110268
-1.23023
-6.94734
11.9502
-12.2045
-66.5785
-14.1049
-66.9041
-82.0922
31.2613
6.72227
-37.8641
-42.0027
-55.5901
-45.7852
-4.84768
-64.8789
-33.1071
115.756
-30.6803
7.77051
13.8052
-61.6981
-10.5984
-10.9712
0.831406
-49.9298
7.78098
1.34144
-0.383922
-3.81639
-10.5244
7.85068
-13.4307
8.11627
158.337
-15.6362
-18.2402
-10.0011
-26.8371
0.099611
0.457452
23.4489
-18.4493
221.548
-7.07834
-19.5875
-19.9043
1.66665
-53.7165
127.305
1.69578
-65.7575
-5.37312
6.879
-80.8826
14.1228
9.72511
371.332
6.90986
-20.3572
-20.1742
6.36361
17.7168
-3.39814
-45.0457
-6.24818
-33.4273
-17.0607
-54.3247
4.74702
67.9234
-21.3652
-8.79852
445.222
-15.1952
50.279
-0.265353
7.13636
0.122525
-17.545
-4.8919
-15.9427
-70.7901
41.553
23.0897
-40.1626
15.603
268.151
492.545
-58.4219
5.30646
-21.1896
-53.8489
-14.0081
-4.41972
9.72361
-9.05192
-0.650828
15.7953
-12.2334
-73.0389
-11.3018
57.5295
-15.4598
7.81648
-32.0133
-0.177314
-7.84862
10.5639
-16.6771
11.0041
-2.41366
-70.0378
8.48018
-56.4195
0.648463
-75.6467
-15.2368
-41.6286
20.4786
9.54173
1.35283
-38.204
-14.3671
-3.38397
-12.113
-29.306
174.823
-16.0578
0.686611
10.8879
6.31972
-6.09495
22.193
-6.21816
-59.8282
37.7314
-66.5667
-13.6076
-0.450928
4.68277
-24.0257
38.8245
478.441
0.469433
8.26116
-46.9254
32.492
-5.41362
3.01001
7.25749
-48.9387
-47.1287
44.2131
-22.484
-21.0297
-2.47865
-35.5229
-13.0146
11.0723
-72.7154
-9.53425
0.165407
-10.4226
-4.32886
-9.50471
-1.10227
-39.1272
-17.0347
432.64
-18.8009
471.529
-12.8377
-7.14637
615.806
1.27394
-13.6911
-3.90698
-52.8993
0.629556
-73.8167
-12.889
32.119
-4.53921
-68.9047
-15.2959
3.16223
-0.269691
75.3127
-0.491184
-34.3101
-49.8949
-13.9205
6.73373
16.3975
-10.2856
47.7036
-6.46304
9.17038
10.8625
-14.996
0.425326
16.2881
-69.4795
-0.612048
17.8913
-7.74625
14.0402
156.176
-16.2516
37.3527
0.200312
-47.2253
-2.74626
-14.706
-5.24902
-8.73471
-26.3691
-12.2376
-22.7764
-2.64211
-12.0633
116.516
-42.4985
-31.5718
-29.1423
-25.5932
-57.0457
15.2563
-65.5739
10.2142
7.49049
-0.137216
287
-8.44489
-4.74058
-35.9222
47.8579
-11.7325
-38.4807
-10.5942
19.4494
-23.3424
170.759
168.639
-6.31521
43.2833
-7.53027
-0.389603
-4.22727
-0.661557
-64.8688
-4.01283
332.635
-20.1031
11.447
-10.4592
-47.771
-77.1885
-14.2786
-1.25284
-51.8088
-6.0496
0.144543
-10.4167
7.40325
-33.5606
0.699227
-15.2811
-5.28234
-7.40745
151.64
-18.4968
98.8393
464.152
-14.6724
-3.60749
-8.58592
11.5361
-56.4387
4.60113
-5.55275
30.0562
0.331092
-22.9012
71.6905
17.8206
10.7798
11.8545
-40.384
21.3121
-15.5753
0.0486525
-69.9088
50.8519
-4.34077
-41.1076
-4.70813
-9.09994
55.209
-9.17067
-0.436456
-2.61127
-8.17411
-54.8016
35.5059
-11.2768
-11.1889
-11.5478
8.0579
-52.6914
-12.4408
16.6633
-0.807089
-6.72033
-3.82438
-4.34149
79.9509
66.3864
0.221319
3.12346
-2.73271
-13.7782
-1.51822
0.284696
-5.76386
-1.0336
-21.8765
-27.4826
12.8272
-6.11117
52.025
1.58232
-34.8763
0.12964
7.07749
-51.6966
-30.1906
-24.7323
88.0235
-3.47216
26.2944
-43.5234
-11.4208
-23.6904
-21.3323
-9.18119
-14.614
-0.250852
-5.33086
-29.1651
-32.8262
-27.3268
303.587
-8.41849
-11.995
-3.83626
-0.615296
1.13804
9.29103
15.0682
29.2699
10.5786
-20.1468
-11.4822
201.383
82.5401
-1.13478
-37.4872
26.6504
-5.03391
16.7446
-49.6033
-77.7957
-2.91006
-39.4476
-7.02256
-17.8654
-9.10222
-8.35143
-2.18559
-2.41938
-31.1678
14.7678
-4.61281
-8.08415
-55.9059
-6.42266
-31.9731
2.1198
-0.566363
-10.7387
14.0753
-0.010837
61.7243
16.069
-10.7366
-42.3251
-5.60637
-16.5857
60.3717
-42.6125
63.35
-4.02343
-0.284406
-11.6138
2.72607
427.18
-28.8959
-0.801541
-5.3498
7.63923
-5.00626
-0.859313
177.41
28.1304
-0.782178
-16.8679
-10.0754
-40.2786
-8.25346
-1.33029
-23.0597
-2.53475
19.7077
-4.97978
-2.60352
-41.7329
-7.17596
4.30084
51.5943
0.0196737
-2.72369
0.996287
18.8251
-6.69128
343.505
16.8295
-7.67954
-12.8151
-6.15806
44.3271
-2.93578
485.035
497.782
-63.0571
21.0881
-4.67635
-22.7776
-0.0509979
-5.53748
-7.91628
25.4669
-32.0454
-22.2029
-21.2328
6.91454
2.11793
-0.736483
-19.1641
-18.1219
-24.9654
4.36068
-38.345
-0.823018
-0.963614
-5.25364
-20.3503
-18.765
82.1778
-1.15961
-28.5113
517.272
102.3
24.6878
-3.98139
-5.22132
-5.01786
-2.17836
29.8644
347.892
4.20093
-17.9519
-37.4832
-19.0408
-33.095
-23.8476
21.2275
7.90181
18.2517
-6.10877
-8.37179
485.271
-7.00952
-4.97612
132.175
61.5003
-4.25562
-12.6935
-3.28805
-24.544
-1.95403
5.55851
64.7867
-73.3104
-13.0887
0.775169
112.891
10.2665
-3.55523
4.21877
28.2479
-32.2798
0.317096
-5.19976
-0.0664171
401.65
-4.60945
-5.69984
-4.99652
-9.03627
-0.431039
-5.39605
108.022
50.8997
-21.3817
578.2
-4.73684
-1.06623
73.357
8.87115
-32.0665
2.83181
-1.13227
9.04682
-0.989517
-4.63276
405.132
-9.40464
-16.5706
-1.62148
-25.1262
65.4907
-29.6433
8.28284
93.8701
-24.3427
-4.25116
-19.3795
91.1806
20.8818
-5.74961
-4.62484
-2.44301
33.9761
-31.8706
47.144
82.2782
373.184
-13.0511
-19.3704
-4.88547
-5.70514
-19.3541
-17.8083
-12.4753
-21.3262
-3.29167
10.5083
1.25708
-24.9294
-6.10299
7.23294
70.9627
138.194
-30.1391
-3.45159
-2.01868
0.963423
56.0163
-4.19127
0.520054
-6.26845
0.628854
9.1327
92.7505
-18.8533
111.395
703.947
0.0764617
2.46666
-0.476733
480.152
189.579
-4.47836
184.928
53.3405
-1.80637
-0.0470419
-19.4747
-4.06328
-18.3501
69.2729
139.266
-18.6092
-4.05166
-28.6747
-3.97739
-1.7377
95.1881
201.371
12.3491
-11.5894
290.915
0.423667
-18.6029
-4.03292
-25.3335
3.63727
-4.02295
-3.47765
-1.69108
7.3622
524.179
9.73818
183.651
-16.4124
-22.8012
-3.44169
-4.10188
13.8173
-4.0422
-4.28446
589.324
-25.9661
3.88511
-17.792
12.2387
1.7017
-3.91222
-19.496
2.12669
17.7599
131.929
-4.42794
-16.9437
10.5343
177.894
-4.3801
6.08212
335.618
-13.8223
10.2212
2.02978
-2.79227
-2.20696
24.6501
-8.22579
-16.4843
118.249
12.8739
-25.8756
35.8269
-1.73941
-3.52833
76.6001
-17.2781
134.06
-25.9102
-33.3276
0.494469
366.592
0.385792
0.136187
433.195
0.88123
8.25595
57.681
13.836
-4.28608
-18.1907
-19.2415
320.711
-3.59482
4.27441
-20.7439
1.89878
272.038
170.749
174.316
398.207
2.21051
169.08
-3.12727
-24.7189
-2.85613
14.03
-23.5993
2.24656
80.734
-1.64597
37.5871
41.2198
-25.3458
-18.4463
511.889
-7.94511
-2.73522
184.51
-3.1726
4.00127
256.162
3.80158
11.2356
203.043
322.26
188.168
3.03639
-19.777
714.526
12.7442
-3.54142
113.928
2.5027
9.92836
1.76324
-17.332
331.851
-1.65792
-3.07287
152.62
7.9819
-1.11408
772.224
-8.42229
-1.53623
-2.21753
178.164
13.0563
-2.37091
-8.98649
-3.74542
-17.7575
6.37148
3.98578
-0.692832
5.17503
-14.423
145.254
15.3571
-14.6078
-1.57855
167.181
8.47327
379.28
579.857
-0.403957
-19.1982
-15.7447
-0.537658
-4.12878
15.4063
262.597
14.0434
9.04992
-19.3818
-15.2481
-21.4176
363.339
-1.92745
-18.5081
12.4986
-17.807
-21.2072
1.98539
-7.20395
-0.59892
-2.08065
77.8278
13.8237
-20.1225
-28.1994
-7.47235
-13.3869
-22.148
-2.62154
-17.248
-1.25454
-2.33102
170.693
-0.465015
-3.01455
-12.5251
3.45511
105.828
-0.762875
-19.0995
-1.48253
-21.7201
-0.677899
-16.5902
370.609
-22.2683
494.807
-21.625
356.136
14.8233
784.108
7.87987
9.93445
-2.03006
-2.60578
703.174
0.425355
16.2934
563.642
359.179
337.391
56.5599
-0.806446
-12.8427
-15.4493
293.804
-12.1734
-11.1174
224.371
8.74711
344.349
-0.179882
0.137823
15.6799
0.397441
-2.83578
316.863
-16.6779
-2.96577
-1.43282
-0.129452
-14.4214
-0.741066
348.555
5.13984
-19.6258
140.425
1.37685
0.605857
0.293595
-1.1621
-20.5339
0.0637917
11.7109
13.2466
1.41905
1.14898
-10.6084
262.193
3.50442
-4.95803
-1.08754
3.11003
0.893589
-20.3828
-3.4006
1.20512
-20.2162
30.7455
271.687
163.17
-0.419625
-1.83493
15.5978
-4.63894
-18.0895
0.998109
691.817
-8.50014
0.523573
-1.66948
-11.9621
374.815
295.848
269.575
-3.61719
-9.32204
3.58285
406.35
-12.1559
1.89121
1.38083
-8.01385
0.20169
1.59331
27.0761
15.9326
-6.93371
120.469
-19.938
-2.92469
2.10439
-2.5084
775.176
-3.9875
8.69602
16.8329
287.064
-15.1149
-19.3303
0.898553
-5.25687
-15.4075
-7.99972
-0.463316
-16.5096
1.55007
198.759
-12.4712
-5.65153
-2.29286
581.824
-9.5883
-3.70842
-17.127
112.064
118.774
282.991
-7.34434
1.27049
2.86583
-7.83176
12.2793
-16.0014
762.852
503.795
-18.5381
3.32645
-14.9031
-18.0363
0.861486
-9.35359
1.43792
-23.6193
-0.804647
-37.6445
-16.772
-17.2509
251.723
11.4412
-9.12565
2.43306
-12.1884
-2.12978
-19.0304
-0.566885
-19.2188
551.304
-12.9656
-3.83177
311.72
2.14703
-15.525
522.221
-9.95383
-0.288661
-11.9594
2.79473
1.75394
15.365
16.0849
-15.5362
-11.9979
-11.3945
-2.92306
0.380683
-13.8097
-15.4199
4.86502
164.484
3.11078
-19.1732
3.46136
-12.7948
-1.18212
-9.23111
543.524
426.884
-11.4009
483.006
13.6123
-6.07317
-4.4182
-6.58109
5.74018
-17.8431
-11.1007
-4.33209
-14.2316
1.53007
-6.20137
2.58822
-3.79711
681.721
752.491
4.16568
-9.1865
-2.8847
464.38
8.74945
-10.4035
16.1358
-8.03347
-17.2637
5.72963
-6.22599
-2.50095
-3.02221
4.37015
3.61443
2.33015
-0.203323
-10.2257
-4.78891
-1.77629
4.73372
-32.9582
12.3904
4.71017
436.224
3.29667
-2.39453
0.823789
480.845
348.125
-14.345
4.94566
-1.84144
-19.5809
-26.2982
-10.853
-3.25342
4.55526
-0.155522
0.192273
1.52023
-2.52852
2.57912
2.28753
1.99769
-15.2982
-1.23307
3.5747
0.701841
-15.5021
14.0745
14.1796
2.0165
-13.7582
-2.99681
14.4316
3.0865
-17.7698
13.5161
6.54301
5.05659
0.9397
0.401122
2.94921
-11.7463
610.763
-4.2829
13.8221
10.6471
2.30124
16.1487
15.1102
-15.0826
-19.3503
-5.5509
9.13423
47.3582
0.370421
15.9262
16.6276
2.2171
6.08241
0.979588
34.2146
25.6913
22.352
8.39068
9.17914
22.6531
2.19733
-13.3886
7.69986
3.09454
130.024
133.848
5.13931
-14.4442
37.467
66.491
85.0466
61.1822
20.0317
545.736
676.511
148.972
740.517
148.983
743.649
2.14812
2.94083
12.5223
1.39105
-0.661344
-2.00093
4.07247
5.73925
-0.724071
-3.63228
6.88569
14.1723
-18.256
28.7843
14.8688
-7.01381
-3.50015
115.535
46.9241
49.5305
22.4427
20.32
6.68678
8.03793
-1.54222
50.1436
10.6071
9.53385
-4.78589
1.2548
594.244
672.753
195.743
51.9252
164.88
712.399
524.319
2.97667
269.529
496.31
642.038
494.693
9.29726
212.187
102.732
674.824
218.706
2.18006
446.522
103.336
3.81109
370.162
29.2479
8.5688
173.543
460.209
380.78
464.752
462.763
465.847
461.763
463.586
463.773
3.45219
170.513
315.072
531.914
529.232
531.099
318.3
8.44162
2.25787
517.596
216.411
207.856
362.846
283.295
473.284
50.9672
8.27723
222.428
658.9
605.455
510.655
549.655
519.157
553.521
520.779
517.158
520.043
761.372
657.385
16.1172
8.18631
310.355
4.31039
458.702
479.903
168.256
375.005
44.3735
474.531
7.72615
379.309
19.675
44.981
468.542
42.1913
314.13
146.695
465.175
-24.5205
81.0323
6.74855
482.821
290.339
-38.7631
350.215
213.705
460.897
25.1558
6.07253
-48.6498
331.09
168.128
812.935
5.11385
-20.8354
113.789
-30.8466
5.06162
283.84
4.49801
-32.8332
86.0004
3.57163
99.0918
147.661
198.119
338.131
4.18372
762.569
812.02
-41.2088
)
;

boundaryField
{
    patch0
    {
        type            calculated;
        value           nonuniform List<scalar> 
4010
(
0
0
-5.7716
-5.7716
-5.29627
-5.29627
-5.49602
-5.49602
-3.32685
-3.32685
-7.07361
-7.07361
-8.33937
-8.33937
-10.8152
-10.8152
-11.4526
-11.4526
-4.53783
-4.53783
-17.0977
-17.0977
-20.1268
-20.1268
8.91699
8.91699
-29.0856
-29.0856
-83.5488
-83.5488
-84.1867
-84.1867
8.81096
8.81096
-32.162
-32.162
17.6328
17.6328
-40.7216
-40.7216
9.29818
9.29818
2.81635
2.81635
7.91249
7.91249
-42.1841
-42.1841
1.77111
1.77111
-0.801225
-0.801225
-1.82338
-1.82338
-14.5327
-14.5327
-1.91863
-1.91863
10.9424
10.9424
7.85393
7.85393
1.74622
1.74622
4.16604
4.16604
8.48379
8.48379
-10.7977
-10.7977
7.30049
7.30049
1.75829
1.75829
-2.64241
-2.64241
10.8687
10.8687
8.1573
8.1573
-0.106688
-0.106688
9.04079
9.04079
-0.479377
-0.479377
8.93309
8.93309
2.19705
2.19705
3.89651
3.89651
-4.77651
-4.77651
0.091903
0.091903
160.815
160.815
25.5361
25.5361
29.9406
29.9406
9.05315
9.05315
3.28402
3.28402
71.1246
71.1246
8.00624
8.00624
-6.3657
-6.3657
14.3592
14.3592
-1.37088
-1.37088
-15.2834
-15.2834
-29.3053
-29.3053
9.31175
9.31175
-80.5153
-80.5153
10.0226
10.0226
15.4859
15.4859
160.028
160.028
0.819185
0.819185
-61.713
-61.713
6.517
6.517
1.60497
1.60497
15.4871
15.4871
9.33441
9.33441
-78.4313
-78.4313
14.0859
14.0859
10.2428
10.2428
8.69112
8.69112
9.73346
9.73346
4.7508
4.7508
8.79744
8.79744
5.11276
5.11276
10.566
10.566
-11.8741
-11.8741
-7.36367
-7.36367
10.2719
10.2719
9.31676
9.31676
8.41503
8.41503
6.14847
6.14847
-15.9781
-15.9781
-80.2261
-80.2261
94.674
94.674
9.36594
9.36594
-57.2926
-57.2926
-6.69326
-6.69326
7.18698
7.18698
6.96937
6.96937
9.29536
9.29536
225.924
225.924
2.50405
2.50405
-14.4711
-14.4711
-25.1658
-25.1658
9.23882
9.23882
-2.68564
-2.68564
9.29302
9.29302
-28.1823
-28.1823
-14.3496
-14.3496
7.87187
7.87187
5.1969
5.1969
0.41762
0.41762
9.10919
9.10919
-24.3886
-24.3886
8.28198
8.28198
0.742543
0.742543
3.27735
3.27735
-3.2313
-3.2313
13.4688
13.4688
8.33628
8.33628
9.82926
9.82926
-3.83976
-3.83976
-85.9477
-85.9477
3.45131
3.45131
6.93174
6.93174
39.7057
39.7057
669.757
669.757
13.0168
13.0168
9.49697
9.49697
-70.9355
-70.9355
6.96823
6.96823
8.81355
8.81355
7.64502
7.64502
5.4963
5.4963
685.39
685.39
-1.71207
-1.71207
-1.83232
-1.83232
7.00487
7.00487
13.088
13.088
9.12775
9.12775
4.2657
4.2657
-1.72938
-1.72938
0.555288
0.555288
-49.4041
-49.4041
-3.51403
-3.51403
-9.06014
-9.06014
-73.8742
-73.8742
12.2437
12.2437
20.317
3.37261
3.37261
3.54802
-6.10576
-6.10576
537.274
537.274
7.09696
7.09696
9.25308
9.25308
-23.8906
-23.8906
3.2501
3.2501
14.878
14.878
764.456
764.456
858.196
8.84739
8.84739
-4.82088
-4.82088
-8.30069
-8.30069
5.78541
5.78541
671.033
671.033
-2.62126
-2.62126
-5.33108
-5.33108
-4.26405
-4.26405
12.8011
12.8011
9.16433
9.16433
-7.36302
-7.36302
670.179
670.179
18.8634
18.8634
5.06416
5.06416
2.03657
2.03657
717.86
717.86
6.98356
6.98356
4.38832
4.38832
0.477578
0.477578
-11.6748
-11.6748
3.26353
3.26353
-15.8176
-15.8176
-4.69184
-4.69184
9.85633
9.85633
12.6527
12.6527
9.36546
9.36546
8.13931
8.13931
-10.7202
-10.7202
7.34357
7.34357
-85.9826
-85.9826
10.9651
10.9651
2.08364
2.08364
295.57
295.57
-11.9241
-11.9241
8.44409
8.44409
2.32325
2.32325
3.01867
3.01867
11.2257
11.2257
7.60864
7.60864
-14.0041
-14.0041
-5.99128
-5.99128
-14.6317
-14.6317
-4.77209
-4.77209
764.27
764.27
858.01
-5.32118
-5.32118
9.3188
9.3188
9.13092
9.13092
9.24381
9.24381
22.6985
22.6985
-9.33946
-9.33946
0.253756
0.253756
-20.5536
-20.5536
-1.22703
-1.22703
6.00709
6.00709
-20.9197
-20.9197
8.86773
8.86773
9.08307
9.08307
8.74562
8.74562
8.87223
669.721
669.721
1.37411
1.37411
-64.9308
-64.9308
-4.52987
-4.52987
1.09443
1.09443
7.98712
7.98712
-20.1925
-20.1925
8.67391
8.67391
-24.4674
-24.4674
6.40857
6.40857
7.12167
7.12167
7.74268
7.74268
0.231012
0.231012
-70.4726
-70.4726
-23.7358
-23.7358
-5.84801
-5.84801
-8.79501
-8.79501
-4.01739
-4.01739
-13.8409
-13.8409
8.27407
8.27407
3.71287
3.71287
-44.2612
-44.2612
8.66641
8.66641
9.30229
9.30229
-13.6515
-13.6515
10.2288
10.2288
10.3604
-62.7855
-62.7855
-33.616
-33.616
-5.46716
-5.46716
764
764
857.74
-84.7694
-84.7694
7.06378
7.06378
-54.9168
-54.9168
8.73963
8.73963
0.419652
0.419652
9.06222
9.06222
-32.0936
-32.0936
-2.50502
-2.50502
10.472
10.472
-0.858906
-0.858906
-30.1201
-30.1201
696.796
696.796
-15.7145
-15.7145
-1.01481
-1.01481
1.10539
1.10539
-74.3546
-74.3546
-0.954558
-0.954558
6.1265
6.1265
7.60205
7.60205
-38.3555
-38.3555
4.98785
4.98785
-7.45391
-7.45391
-14.3084
-14.3084
9.42072
9.42072
0.176486
0.176486
7.33524
7.33524
6.96678
6.96678
3.43945
3.43945
8.81401
8.81401
12.0821
12.0821
8.11635
8.11635
14.5001
14.5001
2.85053
2.85053
3.56672
3.56672
-43.3384
-43.3384
-12.9765
-12.9765
-36.3937
-36.3937
-13.4944
-13.4944
-4.12325
-4.12325
8.97271
8.97271
45.8607
45.8607
792.829
792.829
859.617
-50.9805
-50.9805
-25.7601
-25.7601
71.4248
71.4248
11.2376
11.2376
-10.1454
-10.1454
701.009
701.009
-46.4729
-46.4729
5.95202
5.95202
-14.1004
-14.1004
9.70069
9.70069
-22.3941
-22.3941
-65.7353
-65.7353
13.1208
13.1208
23.374
23.374
-78.3501
-78.3501
8.64512
8.64512
4.71501
4.71501
-71.6743
-71.6743
768.425
768.425
858.205
-6.70782
-6.70782
-51.2923
-51.2923
-19.2297
-19.2297
-44.3386
-44.3386
-0.46299
-0.46299
10.4642
10.4642
-43.4813
-43.4813
4.25115
4.25115
7.4912
7.4912
8.92466
8.92466
4.4486
4.4486
-28.0384
-28.0384
2.47056
2.47056
-3.45489
-3.45489
9.90432
9.90432
4.90479
4.90479
-50.3454
-50.3454
-19.0674
-19.0674
-0.802968
-0.802968
7.14269
7.14269
6.43219
6.43219
-11.5447
-11.5447
21.0053
21.0053
-2.76178
-2.76178
-7.8169
-7.8169
3.86237
3.86237
1.58457
1.58457
-3.32415
-3.32415
-14.6538
-14.6538
8.05576
8.05576
-59.1942
-59.1942
2.41506
2.41506
-46.3644
-46.3644
5.38089
5.38089
-21.7733
-21.7733
-36.3618
-36.3618
-27.1939
-27.1939
-39.1124
-39.1124
-16.3294
-16.3294
-6.02559
-6.02559
14.5869
14.5869
1.74637
1.74637
8.61754
8.61754
-80.9234
-80.9234
-81.1885
-81.1885
3.64438
3.64438
-70.8352
-70.8352
6.17472
6.17472
-1.54749
-1.54749
-0.291334
-0.291334
8.16508
8.16508
21.54
21.54
-60.5603
-60.5603
8.79879
8.79879
-1.70865
-1.70865
503.62
503.62
-58.6634
-58.6634
4.86278
4.86278
312.472
312.472
-30.8748
-30.8748
-72.7887
-72.7887
-53.8521
-53.8521
-45.4448
-45.4448
-1.19043
-1.19043
-22.0305
-22.0305
1.86177
1.86177
6.21919
6.21919
-39.4481
-39.4481
-32.1551
-32.1551
-39.1851
-39.1851
-1.24494
-1.24494
2.72774
2.72774
-79.4045
-79.4045
-6.32761
-6.32761
9.62787
9.62787
-77.1879
-77.1879
-83.6171
-83.6171
0.562672
0.562672
-75.3002
-75.3002
-78.9744
-78.9744
0.971056
0.971056
2.93484
2.93484
-9.84309
-9.84309
8.33477
8.33477
-33.0102
-33.0102
5.85537
5.85537
-51.2466
-51.2466
-4.52625
-4.52625
-28.4665
-28.4665
20.958
20.958
1.5584
1.5584
-1.43554
-1.43554
-58.6858
-58.6858
-42.2955
-42.2955
3.88544
3.88544
4.01478
-1.99311
-1.99311
0.845496
0.845496
-16.5389
-16.5389
-84.8355
-84.8355
473.414
473.414
3.52534
3.52534
8.42055
8.42055
8.87665
8.87665
810.308
810.308
858.677
-34.3388
-34.3388
-20.9046
-20.9046
-64.8234
-64.8234
1.61494
1.61494
-1.72836
-1.72836
-29.4754
-29.4754
1.58324
1.58324
-63.9627
-63.9627
-35.9177
-35.9177
-49.4585
-49.4585
-17.4645
-17.4645
-11.3946
-11.3946
-66.0626
-66.0626
5.04582
5.04582
-3.32707
-3.32707
-60.1262
-60.1262
5.11012
5.11012
-16.3875
-16.3875
8.66198
8.66198
-1.36572
-1.36572
-47.9353
-47.9353
-4.42967
-4.42967
11.049
11.049
1.06181
1.06181
-14.8249
-14.8249
-38.932
-38.932
-9.60558
-9.60558
-19.9757
-19.9757
1.76753
1.76753
-45.6734
-45.6734
-11.9161
-11.9161
-41.3451
-41.3451
15.5921
15.5921
-43.8113
-43.8113
-1.12839
-1.12839
6.37447
6.37447
-6.1469
-6.1469
-10.5228
-10.5228
34.8841
34.8841
-71.471
-71.471
-26.9702
-26.9702
-26.912
-38.7606
-38.7606
4.23276
4.23276
-2.1423
-2.1423
-47.1342
-47.1342
-83.8451
-83.8451
0.957524
0.957524
-19.7989
-19.7989
-24.1132
-24.1132
-4.36464
-4.36464
-7.22583
-7.22583
-28.5624
-28.5624
-75.1727
-75.1727
2.14698
2.14698
-80.3702
-80.3702
-5.55107
-5.55107
0.191907
0.191907
9.9074
9.9074
2.64133
2.64133
8.19373
8.19373
-51.1833
-51.1833
-60.5668
-60.5668
-50.1344
-50.1344
-50.1087
-50.1087
6.31819
6.31819
-3.05782
-3.05782
1.03577
1.03577
5.57137
5.57137
-23.2378
-23.2378
4.93436
4.93436
-3.86004
-3.86004
16.7634
16.7634
-70.1118
-70.1118
-73.6249
-73.6249
-85.6254
-85.6254
-36.5203
-36.5203
-53.8271
-53.8271
-27.4413
-27.4413
-63.6359
-63.6359
0.412856
0.412856
-3.03742
-3.03742
-11.5205
-11.5205
-74.0777
-74.0777
-18.6971
-18.6971
-8.08062
-8.08062
12.2826
12.2826
-16.4656
-16.4656
1.21811
1.21811
-5.96227
-5.96227
-52.7108
-52.7108
-15.686
-15.686
-77.0971
-77.0971
-35.8148
-35.8148
-10.1079
-10.1079
17.9477
17.9477
-46.9031
-46.9031
-79.1724
-79.1724
5.19617
5.19617
-1.76946
-1.76946
8.61715
8.61715
-16.4617
-16.4617
-63.4837
-63.4837
-5.61069
-5.61069
0.53775
0.53775
-36.0043
-36.0043
0.811453
0.811453
-12.9021
-12.9021
-39.1786
-39.1786
-20.716
-20.716
-46.9335
-46.9335
-50.0081
-50.0081
-1.30635
-1.30635
-7.18801
-7.18801
-57.4286
-57.4286
-83.8084
-83.8084
1.58967
1.58967
-67.6226
-67.6226
-8.76511
-8.76511
-30.1776
-30.1776
-30.6168
-30.6168
-14.3225
-14.3225
3.82858
3.82858
9.91745
9.91745
-5.17329
-5.17329
-58.2277
-58.2277
2.23726
2.23726
-73.8872
-73.8872
0.443847
0.443847
6.30441
6.30441
7.97117
7.97117
-55.1142
-55.1142
-57.7767
-57.7767
4.37323
4.37323
9.2238
9.2238
-4.15638
-4.15638
0.0668043
0.0668043
18.9176
18.9176
12.4519
12.4519
2.07474
2.07474
-20.8432
-20.8432
-16.1179
-16.1179
10.3105
10.3105
18.693
18.693
-66.4683
-66.4683
-25.7683
-25.7683
-14.9979
-14.9979
-25.5834
-25.5834
-85.3434
-85.3434
0.674427
0.674427
-10.7798
-10.7798
5.59591
5.59591
9.24418
9.24418
31.4102
31.4102
16.4496
16.4496
14.763
14.763
-3.58407
-3.58407
1.57544
1.57544
10.8396
10.8396
-27.7179
-27.7179
3.92746
3.92746
5.49893
5.49893
-7.2948
-7.2948
-7.09792
-7.09792
5.93603
5.93603
0.356837
0.356837
-17.4734
-17.4734
-19.2859
-19.2859
-9.36792
-9.36792
-33.6556
-33.6556
3.63686
3.63686
-41.8684
-41.8684
6.95543
6.95543
8.33002
8.33002
-40.6732
-40.6732
4.18948
4.18948
-2.24249
-2.24249
-76.1933
-76.1933
-61.0424
-61.0424
-35.7993
-35.7993
206.819
206.819
11.0279
11.0279
-49.8581
-49.8581
10.3883
10.3883
-12.3397
-12.3397
15.1771
15.1771
-5.87333
-5.87333
0.750404
0.750404
57.0394
57.0394
78.4968
78.4968
19.6882
19.6882
-35.4418
-35.4418
-42.8963
-42.8963
-2.23888
-2.23888
-55.7031
-55.7031
2.09383
2.09383
371.544
371.544
-54.5278
-54.5278
-57.3733
-57.3733
23.223
23.223
-0.0798565
-0.0798565
-77.6498
-77.6498
-13.5175
-13.5175
-3.51519
-3.51519
5.58621
5.58621
12.8656
12.8656
-5.34122
-5.34122
-75.9838
-75.9838
6.84954
6.84954
-8.84482
-8.84482
-1.77131
-1.77131
-67.1038
-67.1038
-30.7283
-30.7283
7.5932
7.5932
316.652
316.652
20.4766
20.4766
-26.2976
-26.2976
-10.3597
-10.3597
-9.08344
-9.08344
-4.01889
-4.01889
-63.9569
-63.9569
3.75404
3.75404
8.22187
8.22187
-69.8599
-69.8599
-21.2937
-21.2937
6.18031
6.18031
-82.7203
-82.7203
-13.7722
-13.7722
-4.08031
-4.08031
3.3889
3.3889
0.0847452
0.0847452
396.531
396.531
-11.7696
-11.7696
47.4386
47.4386
-17.5001
-17.5001
-22.2382
-22.2382
-20.5618
-20.5618
-23.5941
-23.5941
0.146422
0.146422
-8.92956
-8.92956
-16.1638
-16.1638
-62.6091
-62.6091
-3.48149
-3.48149
-63.4153
-63.4153
-18.2163
-18.2163
4.22882
4.22882
0.859366
0.859366
-24.7444
-24.7444
-3.45363
-3.45363
-40.7565
-40.7565
7.31736
7.31736
-28.8448
-28.8448
1.4219
1.4219
-2.21523
-2.21523
-7.20217
-7.20217
4.94782
4.94782
4.62596
4.62596
8.95448
8.95448
3.01517
3.01517
-16.5615
-16.5615
-29.6076
-29.6076
22.7847
22.7847
-5.48103
-5.48103
-79.0543
-79.0543
0.401221
0.401221
0.110268
0.110268
-1.23023
-1.23023
-6.94734
-6.94734
11.9502
11.9502
-12.2045
-12.2045
-66.5785
-66.5785
-14.1049
-14.1049
-66.9041
-66.9041
-82.0922
-82.0922
31.2613
31.2613
6.72227
6.72227
-37.8641
-37.8641
-42.0027
-42.0027
-55.5901
-55.5901
-45.7852
-45.7852
-4.84768
-4.84768
-64.8789
-64.8789
-33.1071
-33.1071
115.756
115.756
-30.6803
-30.6803
7.77051
7.77051
13.8052
13.8052
-61.6981
-61.6981
-10.5984
-10.5984
-10.9712
-10.9712
0.831406
0.831406
-49.9298
-49.9298
7.78098
7.78098
1.34144
1.34144
-0.383922
-0.383922
-3.81639
-3.81639
-10.5244
-10.5244
7.85068
7.85068
-13.4307
-13.4307
8.11627
8.11627
158.337
158.337
-15.6362
-15.6362
-18.2402
-18.2402
-10.0011
-10.0011
-26.8371
-26.8371
0.099611
0.099611
0.457452
0.457452
23.4489
23.4489
-18.4493
-18.4493
221.548
221.548
-7.07834
-7.07834
-19.5875
-19.5875
-19.9043
-19.9043
1.66665
1.66665
-53.7165
-53.7165
127.305
127.305
1.69578
1.69578
-65.7575
-65.7575
-5.37312
-5.37312
6.879
6.879
-80.8826
-80.8826
14.1228
14.1228
9.72511
9.72511
9.41759
371.332
371.332
6.90986
6.90986
-20.3572
-20.3572
-20.1742
-20.1742
6.36361
6.36361
17.7168
17.7168
-3.39814
-3.39814
-45.0457
-45.0457
-6.24818
-6.24818
-33.4273
-33.4273
-17.0607
-17.0607
-54.3247
-54.3247
4.74702
4.74702
67.9234
67.9234
-21.3652
-21.3652
-8.79852
-8.79852
445.222
445.222
-15.1952
-15.1952
50.279
50.279
-0.265353
-0.265353
7.13636
7.13636
0.122525
0.122525
-17.545
-17.545
-4.8919
-4.8919
-15.9427
-15.9427
-70.7901
-70.7901
41.553
41.553
23.0897
23.0897
-40.1626
-40.1626
15.603
15.603
268.151
268.151
492.545
492.545
-58.4219
-58.4219
5.30646
5.30646
-21.1896
-21.1896
-53.8489
-53.8489
-14.0081
-14.0081
-4.41972
-4.41972
9.72361
9.72361
-9.05192
-9.05192
-0.650828
-0.650828
15.7953
15.7953
-12.2334
-12.2334
-73.0389
-73.0389
-11.3018
-11.3018
57.5295
57.5295
-15.4598
-15.4598
7.81648
7.81648
-32.0133
-32.0133
-0.177314
-0.177314
-7.84862
-7.84862
10.5639
10.5639
-16.6771
-16.6771
11.0041
11.0041
-2.41366
-2.41366
-70.0378
-70.0378
8.48018
8.48018
-56.4195
-56.4195
0.648463
0.648463
-75.6467
-75.6467
-15.2368
-15.2368
-41.6286
-41.6286
20.4786
20.4786
9.54173
9.54173
1.35283
1.35283
-38.204
-38.204
-14.3671
-14.3671
-3.38397
-3.38397
-12.113
-12.113
-29.306
-29.306
174.823
174.823
-16.0578
-16.0578
0.686611
0.686611
10.8879
10.8879
6.31972
6.31972
-6.09495
-6.09495
22.193
22.193
-6.21816
-6.21816
-59.8282
-59.8282
37.7314
37.7314
-66.5667
-66.5667
-13.6076
-13.6076
-0.450928
-0.450928
4.68277
4.68277
-24.0257
-24.0257
38.8245
38.8245
478.441
478.441
0.469433
0.469433
8.26116
8.26116
-46.9254
-46.9254
32.492
32.492
-5.41362
-5.41362
3.01001
3.01001
7.25749
7.25749
-48.9387
-48.9387
-47.1287
-47.1287
44.2131
44.2131
-22.484
-22.484
-21.0297
-21.0297
-2.47865
-2.47865
-35.5229
-35.5229
-13.0146
-13.0146
11.0723
11.0723
-72.7154
-72.7154
-9.53425
-9.53425
0.165407
0.165407
-10.4226
-10.4226
-4.32886
-4.32886
-9.50471
-9.50471
-1.10227
-1.10227
-39.1272
-39.1272
-17.0347
-17.0347
432.64
432.64
458.8
-18.8009
-18.8009
471.529
471.529
-12.8377
-12.8377
-7.14637
-7.14637
615.806
615.806
1.27394
1.27394
-13.6911
-13.6911
-3.90698
-3.90698
-52.8993
-52.8993
0.629556
0.629556
-73.8167
-73.8167
-12.889
-12.889
32.119
32.119
-4.53921
-4.53921
-68.9047
-68.9047
-15.2959
-15.2959
3.16223
3.16223
-0.269691
-0.269691
75.3127
75.3127
-0.491184
-0.491184
-34.3101
-34.3101
-49.8949
-49.8949
-13.9205
-13.9205
6.73373
6.73373
16.3975
16.3975
-10.2856
-10.2856
47.7036
47.7036
-6.46304
-6.46304
9.17038
9.17038
10.8625
10.8625
-14.996
-14.996
0.425326
0.425326
16.2881
16.2881
-69.4795
-69.4795
-0.612048
-0.612048
17.8913
17.8913
-7.74625
-7.74625
14.0402
14.0402
156.176
156.176
-16.2516
-16.2516
37.3527
37.3527
0.200312
0.200312
-47.2253
-47.2253
-2.74626
-2.74626
-14.706
-14.706
-5.24902
-5.24902
-8.73471
-8.73471
-26.3691
-26.3691
-12.2376
-12.2376
-22.7764
-22.7764
-2.64211
-2.64211
-12.0633
-12.0633
116.516
116.516
-42.4985
-42.4985
-31.5718
-31.5718
-29.1423
-29.1423
-25.5932
-25.5932
-57.0457
-57.0457
15.2563
15.2563
-65.5739
-65.5739
10.2142
10.2142
7.49049
7.49049
-0.137216
-0.137216
287
287
-8.44489
-8.44489
-4.74058
-4.74058
-35.9222
-35.9222
47.8579
47.8579
-11.7325
-11.7325
-38.4807
-38.4807
-10.5942
-10.5942
19.4494
19.4494
-23.3424
-23.3424
170.759
170.759
196.919
168.639
168.639
-6.31521
-6.31521
43.2833
43.2833
-7.53027
-7.53027
-0.389603
-0.389603
-4.22727
-4.22727
-0.661557
-0.661557
-64.8688
-64.8688
-4.01283
-4.01283
332.635
332.635
-20.1031
-20.1031
11.447
11.447
-10.4592
-10.4592
-47.771
-47.771
-77.1885
-77.1885
-14.2786
-14.2786
-1.25284
-1.25284
-51.8088
-51.8088
-6.0496
-6.0496
0.144543
0.144543
-10.4167
-10.4167
7.40325
7.40325
-33.5606
-33.5606
0.699227
0.699227
-15.2811
-15.2811
-5.28234
-5.28234
-7.40745
-7.40745
151.64
151.64
-18.4968
-18.4968
98.8393
98.8393
464.152
464.152
-14.6724
-14.6724
-3.60749
-3.60749
-8.58592
-8.58592
11.5361
11.5361
-56.4387
-56.4387
4.60113
4.60113
-5.55275
-5.55275
30.0562
30.0562
29.566
0.331092
0.331092
-22.9012
-22.9012
71.6905
71.6905
62.9433
17.8206
17.8206
10.7798
10.7798
10.5181
11.8545
11.8545
-40.384
-40.384
21.3121
21.3121
-15.5753
-15.5753
0.0486525
0.0486525
-69.9088
-69.9088
50.8519
50.8519
-4.34077
-4.34077
-41.1076
-41.1076
-4.70813
-4.70813
-9.09994
-9.09994
55.209
55.209
-9.17067
-9.17067
-0.436456
-0.436456
-2.61127
-2.61127
-8.17411
-8.17411
-54.8016
-54.8016
35.5059
35.5059
-11.2768
-11.2768
-11.1889
-11.1889
-11.5478
-11.5478
8.0579
8.0579
-52.6914
-52.6914
-12.4408
-12.4408
16.6633
16.6633
-0.807089
-0.807089
-6.72033
-6.72033
-3.82438
-3.82438
-4.34149
-4.34149
79.9509
79.9509
66.3864
66.3864
0.221319
0.221319
3.12346
3.12346
-2.73271
-2.73271
-13.7782
-13.7782
-1.51822
-1.51822
0.284696
0.284696
-5.76386
-5.76386
-1.0336
-1.0336
-21.8765
-21.8765
-27.4826
-27.4826
12.8272
12.8272
-6.11117
-6.11117
52.025
52.025
1.58232
1.58232
-34.8763
-34.8763
0.12964
0.12964
7.07749
7.07749
-51.6966
-51.6966
-30.1906
-30.1906
-24.7323
-24.7323
88.0235
88.0235
-3.47216
-3.47216
26.2944
26.2944
-43.5234
-43.5234
-11.4208
-11.4208
-23.6904
-23.6904
-21.3323
-21.3323
-9.18119
-9.18119
-14.614
-14.614
-0.250852
-0.250852
-5.33086
-5.33086
-29.1651
-29.1651
-32.8262
-32.8262
-27.3268
-27.3268
303.587
303.587
-8.41849
-8.41849
-11.995
-11.995
-3.83626
-3.83626
-0.615296
-0.615296
1.13804
1.13804
9.29103
9.29103
15.0682
15.0682
29.2699
29.2699
10.5786
10.5786
-20.1468
-20.1468
-11.4822
-11.4822
201.383
201.383
82.5401
82.5401
-1.13478
-1.13478
-37.4872
-37.4872
26.6504
26.6504
-5.03391
-5.03391
16.7446
16.7446
-49.6033
-49.6033
-77.7957
-77.7957
-2.91006
-2.91006
-39.4476
-39.4476
-7.02256
-7.02256
-17.8654
-17.8654
-9.10222
-9.10222
-8.35143
-8.35143
-2.18559
-2.18559
-2.41938
-2.41938
-31.1678
-31.1678
14.7678
14.7678
-4.61281
-4.61281
-8.08415
-8.08415
-55.9059
-55.9059
-6.42266
-6.42266
-31.9731
-31.9731
2.1198
2.1198
-0.566363
-0.566363
-10.7387
-10.7387
14.0753
14.0753
-0.010837
-0.010837
61.7243
61.7243
16.069
16.069
-10.7366
-10.7366
-42.3251
-42.3251
-5.60637
-5.60637
-16.5857
-16.5857
60.3717
60.3717
-42.6125
-42.6125
63.35
63.35
-4.02343
-4.02343
-0.284406
-0.284406
-11.6138
-11.6138
2.72607
2.72607
427.18
427.18
-28.8959
-28.8959
-0.801541
-0.801541
-5.3498
-5.3498
7.63923
7.63923
-5.00626
-5.00626
-0.859313
-0.859313
177.41
177.41
28.1304
28.1304
-0.782178
-0.782178
-16.8679
-16.8679
-10.0754
-10.0754
-40.2786
-40.2786
-8.25346
-8.25346
-1.33029
-1.33029
-23.0597
-23.0597
-2.53475
-2.53475
19.7077
19.7077
-4.97978
-4.97978
-2.60352
-2.60352
-41.7329
-41.7329
-7.17596
-7.17596
4.30084
4.30084
51.5943
51.5943
0.0196737
0.0196737
-2.72369
-2.72369
0.996287
0.996287
18.8251
18.8251
-6.69128
-6.69128
343.505
343.505
16.8295
16.8295
-7.67954
-7.67954
-12.8151
-12.8151
-6.15806
-6.15806
44.3271
44.3271
-2.93578
-2.93578
485.035
485.035
518.887
497.782
497.782
529.353
-63.0571
-63.0571
21.0881
21.0881
-4.67635
-4.67635
-22.7776
-22.7776
-0.0509979
-0.0509979
-5.53748
-5.53748
-7.91628
-7.91628
25.4669
25.4669
-32.0454
-32.0454
-22.2029
-22.2029
-21.2328
-21.2328
6.91454
6.91454
2.11793
2.11793
-0.736483
-0.736483
-19.1641
-19.1641
-18.1219
-18.1219
-24.9654
-24.9654
4.36068
4.36068
-38.345
-38.345
-0.823018
-0.823018
-0.963614
-0.963614
-5.25364
-5.25364
-20.3503
-20.3503
-18.765
-18.765
82.1778
82.1778
-1.15961
-1.15961
-28.5113
-28.5113
517.272
517.272
546.863
102.3
102.3
24.6878
24.6878
-3.98139
-3.98139
-5.22132
-5.22132
-5.01786
-5.01786
-2.17836
-2.17836
29.8644
29.8644
347.892
347.892
4.20093
4.20093
-17.9519
-17.9519
-37.4832
-37.4832
-19.0408
-19.0408
-33.095
-33.095
-23.8476
-23.8476
21.2275
21.2275
7.90181
7.90181
18.2517
18.2517
-6.10877
-6.10877
-8.37179
-8.37179
485.271
485.271
507.553
-7.00952
-7.00952
-4.97612
-4.97612
132.175
132.175
61.5003
61.5003
-4.25562
-4.25562
-12.6935
-12.6935
-3.28805
-3.28805
-24.544
-24.544
-1.95403
-1.95403
5.55851
5.55851
64.7867
64.7867
-73.3104
-73.3104
-13.0887
-13.0887
0.775169
0.775169
112.891
112.891
10.2665
10.2665
-3.55523
-3.55523
4.21877
4.21877
28.2479
28.2479
-32.2798
-32.2798
0.317096
0.317096
-5.19976
-5.19976
-0.0664171
-0.0664171
401.65
401.65
-4.60945
-4.60945
-5.69984
-5.69984
-4.99652
-4.99652
-9.03627
-9.03627
-0.431039
-0.431039
-5.39605
-5.39605
108.022
108.022
50.8997
50.8997
-21.3817
-21.3817
578.2
578.2
-4.73684
-4.73684
-1.06623
-1.06623
73.357
73.357
8.87115
8.87115
-32.0665
-32.0665
2.83181
2.83181
-1.13227
-1.13227
9.04682
9.04682
-0.989517
-0.989517
-4.63276
-4.63276
405.132
405.132
-9.40464
-9.40464
-16.5706
-16.5706
-1.62148
-1.62148
-25.1262
-25.1262
65.4907
65.4907
-29.6433
-29.6433
8.28284
8.28284
93.8701
93.8701
-24.3427
-24.3427
-4.25116
-4.25116
-19.3795
-19.3795
91.1806
91.1806
122.814
20.8818
20.8818
15.1857
-5.74961
-5.74961
-4.62484
-4.62484
-2.44301
-2.44301
33.9761
33.9761
-31.8706
-31.8706
47.144
47.144
82.2782
82.2782
373.184
373.184
-13.0511
-13.0511
-19.3704
-19.3704
-4.88547
-4.88547
-5.70514
-5.70514
-19.3541
-19.3541
-17.8083
-17.8083
-12.4753
-12.4753
-21.3262
-21.3262
-3.29167
-3.29167
10.5083
10.5083
1.25708
1.25708
-24.9294
-24.9294
-6.10299
-6.10299
7.23294
7.23294
70.9627
70.9627
138.194
138.194
-30.1391
-30.1391
-3.45159
-3.45159
-2.01868
-2.01868
0.963423
0.963423
56.0163
56.0163
55.6328
-4.19127
-4.19127
0.520054
0.520054
-6.26845
-6.26845
0.628854
0.628854
9.1327
9.1327
92.7505
92.7505
-18.8533
-18.8533
111.395
111.395
703.947
703.947
0.0764617
0.0764617
2.46666
2.46666
-0.476733
-0.476733
480.152
480.152
519.934
189.579
189.579
-4.47836
-4.47836
184.928
184.928
53.3405
53.3405
-1.80637
-1.80637
-0.0470419
-0.0470419
-19.4747
-19.4747
-4.06328
-4.06328
-18.3501
-18.3501
69.2729
69.2729
139.266
139.266
-18.6092
-18.6092
-4.05166
-4.05166
-28.6747
-28.6747
-3.97739
-3.97739
-1.7377
-1.7377
95.1881
95.1881
201.371
201.371
12.3491
12.3491
-11.5894
-11.5894
290.915
290.915
0.423667
0.423667
-18.6029
-18.6029
-4.03292
-4.03292
-25.3335
-25.3335
3.63727
3.63727
-4.02295
-4.02295
-3.47765
-3.47765
-1.69108
-1.69108
7.3622
7.3622
524.179
524.179
9.73818
9.73818
183.651
183.651
-16.4124
-16.4124
-22.8012
-22.8012
-3.44169
-3.44169
-4.10188
-4.10188
13.8173
13.8173
13.6562
-4.0422
-4.0422
-4.28446
-4.28446
589.324
589.324
-25.9661
-25.9661
3.88511
3.88511
-17.792
-17.792
12.2387
12.2387
1.7017
1.7017
1.54047
-3.91222
-3.91222
-19.496
-19.496
2.12669
2.12669
17.7599
17.7599
17.5988
131.929
131.929
-4.42794
-4.42794
-16.9437
-16.9437
10.5343
10.5343
177.894
177.894
-4.3801
-4.3801
6.08212
6.08212
335.618
335.618
-13.8223
-13.8223
10.2212
10.2212
2.02978
2.02978
-2.79227
-2.79227
-2.20696
-2.20696
24.6501
24.6501
24.4809
-8.22579
-8.22579
-16.4843
-16.4843
118.249
118.249
12.8739
12.8739
-25.8756
-25.8756
35.8269
35.8269
-1.73941
-1.73941
-3.52833
-3.52833
76.6001
76.6001
-17.2781
-17.2781
134.06
134.06
-25.9102
-25.9102
-33.3276
-33.3276
-33.1628
0.494469
0.494469
0.32965
366.592
366.592
0.385792
0.385792
0.136187
0.136187
433.195
433.195
490.865
0.88123
0.88123
8.25595
8.25595
57.681
57.681
13.836
13.836
-4.28608
-4.28608
-18.1907
-18.1907
-19.2415
-19.2415
320.711
320.711
-3.59482
-3.59482
-3.75988
4.27441
4.27441
-20.7439
-20.7439
1.89878
1.89878
272.038
272.038
301.04
170.749
170.749
152.522
174.316
174.316
398.207
398.207
2.21051
2.21051
169.08
169.08
-3.12727
-3.12727
-24.7189
-24.7189
-2.85613
-2.85613
14.03
14.03
-23.5993
-23.5993
2.24656
2.24656
80.734
80.734
72.1174
-1.64597
-1.64597
37.5871
37.5871
37.7538
41.2198
41.2198
41.0531
-25.3458
-25.3458
-18.4463
-18.4463
511.889
511.889
-7.94511
-7.94511
-8.10946
-2.73522
-2.73522
184.51
184.51
-3.1726
-3.1726
4.00127
4.00127
256.162
256.162
3.80158
3.80158
11.2356
11.2356
203.043
203.043
322.26
322.26
188.168
188.168
3.03639
3.03639
-19.777
-19.777
714.526
714.526
12.7442
12.7442
-3.54142
-3.54142
113.928
113.928
2.5027
2.5027
9.92836
9.92836
1.76324
1.76324
-17.332
-17.332
331.851
331.851
-1.65792
-1.65792
-3.07287
-3.07287
152.62
152.62
7.9819
7.9819
-1.11408
-1.11408
772.224
772.224
855.68
-8.42229
-8.42229
-8.58109
-1.53623
-1.53623
-2.21753
-2.21753
178.164
178.164
13.0563
13.0563
-2.37091
-2.37091
-8.98649
-8.98649
-3.74542
-3.74542
-17.7575
-17.7575
6.37148
6.37148
3.98578
3.98578
-0.692832
-0.692832
5.17503
5.17503
-14.423
-14.423
145.254
145.254
15.3571
15.3571
-14.6078
-14.6078
-1.57855
-1.57855
167.181
167.181
8.47327
8.47327
379.28
379.28
437.02
579.857
579.857
-0.403957
-0.403957
-19.1982
-19.1982
-15.7447
-15.7447
-0.537658
-0.537658
-4.12878
-4.12878
15.4063
15.4063
262.597
262.597
14.0434
14.0434
9.04992
9.04992
-19.3818
-19.3818
-19.4645
-15.2481
-15.2481
-21.4176
-21.4176
363.339
363.339
-1.92745
-1.92745
-18.5081
-18.5081
12.4986
12.4986
-17.807
-17.807
-21.2072
-21.2072
1.98539
1.98539
-7.20395
-7.20395
-0.59892
-0.59892
-2.08065
-2.08065
77.8278
77.8278
13.8237
13.8237
-20.1225
-20.1225
-28.1994
-28.1994
-7.47235
-7.47235
-13.3869
-13.3869
-22.148
-22.148
-2.62154
-2.62154
-17.248
-17.248
-1.25454
-1.25454
-2.33102
-2.33102
170.693
170.693
-0.465015
-0.465015
-3.01455
-3.01455
-12.5251
-12.5251
3.45511
3.45511
105.828
105.828
105.667
-0.762875
-0.762875
-19.0995
-19.0995
-1.48253
-1.48253
-21.7201
-21.7201
-0.677899
-0.677899
-16.5902
-16.5902
370.609
370.609
-22.2683
-22.2683
494.807
494.807
-21.625
-21.625
356.136
356.136
14.8233
14.8233
784.108
784.108
847.765
7.87987
7.87987
9.93445
9.93445
-2.03006
-2.03006
-2.15492
-2.60578
-2.60578
703.174
703.174
0.425355
0.425355
16.2934
16.2934
563.642
563.642
359.179
359.179
337.391
337.391
396.804
56.5599
56.5599
-0.806446
-0.806446
-12.8427
-12.8427
-15.4493
-15.4493
293.804
293.804
-12.1734
-12.1734
-11.1174
-11.1174
224.371
224.371
8.74711
8.74711
344.349
344.349
-0.179882
-0.179882
0.137823
0.137823
15.6799
15.6799
0.397441
0.397441
-2.83578
-2.83578
316.863
316.863
-16.6779
-16.6779
-2.96577
-2.96577
-1.43282
-1.43282
-0.129452
-0.129452
-14.4214
-14.4214
-0.741066
-0.741066
348.555
348.555
5.13984
5.13984
-2.01523
-19.6258
-19.6258
140.425
140.425
1.37685
1.37685
-6.35335
0.605857
0.605857
0.293595
0.293595
-6.49103
-1.1621
-1.1621
-20.5339
-20.5339
0.0637917
0.0637917
-6.50213
11.7109
11.7109
13.2466
13.2466
1.41905
1.41905
-5.27819
1.14898
1.14898
-10.6084
-10.6084
262.193
262.193
3.50442
3.50442
-3.11761
-4.95803
-4.95803
-7.08076
-1.08754
-1.08754
3.11003
3.11003
0.893589
0.893589
-20.3828
-20.3828
-3.4006
-3.4006
1.20512
1.20512
-20.2162
-20.2162
30.7455
30.7455
271.687
271.687
299.575
163.17
163.17
141.169
-0.419625
-0.419625
-4.70775
-1.83493
-1.83493
15.5978
15.5978
-4.63894
-4.63894
-18.0895
-18.0895
0.998109
0.998109
691.817
691.817
-8.50014
-8.50014
0.523573
0.523573
-1.66948
-1.66948
-11.9621
-11.9621
374.815
374.815
295.848
295.848
269.575
269.575
-3.61719
-3.61719
-8.50006
-9.32204
-9.32204
3.58285
3.58285
406.35
406.35
468.218
-12.1559
-12.1559
1.89121
1.89121
1.38083
1.38083
-8.01385
-8.01385
0.20169
0.20169
1.59331
1.59331
-2.66051
27.0761
27.0761
-0.892396
15.9326
15.9326
-6.93371
-6.93371
120.469
120.469
92.4986
-19.938
-19.938
-2.92469
-2.92469
2.10439
2.10439
-2.5084
-2.5084
775.176
775.176
838.571
-3.9875
-3.9875
-4.14223
8.69602
8.69602
8.54129
16.8329
16.8329
287.064
287.064
-15.1149
-15.1149
-19.3303
-19.3303
0.898553
0.898553
-5.25687
-5.25687
-15.4075
-15.4075
-7.99972
-7.99972
-0.463316
-0.463316
-16.5096
-16.5096
1.55007
1.55007
198.759
198.759
170.79
-12.4712
-12.4712
-5.65153
-5.65153
-2.29286
-2.29286
581.824
581.824
-9.5883
-9.5883
-3.70842
-3.70842
-8.72564
-17.127
-17.127
112.064
112.064
118.774
118.774
118.652
282.991
282.991
-7.34434
-7.34434
1.27049
1.27049
2.86583
2.86583
-7.83176
-7.83176
12.2793
12.2793
12.1224
-16.0014
-16.0014
762.852
762.852
826.509
503.795
503.795
-18.5381
-18.5381
3.32645
3.32645
-14.9031
-14.9031
-18.0363
-18.0363
0.861486
0.861486
-9.35359
-9.35359
1.43792
1.43792
-23.6193
-23.6193
-0.804647
-0.804647
-37.6445
-37.6445
-37.518
-16.772
-16.772
-16.9012
-17.2509
-17.2509
251.723
251.723
227.34
11.4412
11.4412
-9.12565
-9.12565
2.43306
2.43306
-12.1884
-12.1884
-2.12978
-2.12978
-19.0304
-19.0304
-0.566885
-0.566885
-19.2188
-19.2188
551.304
551.304
-12.9656
-12.9656
-3.83177
-3.83177
-8.76382
311.72
311.72
287.337
2.14703
2.14703
-15.525
-15.525
-15.6433
522.221
522.221
584.131
-9.95383
-9.95383
-0.288661
-0.288661
-11.9594
-11.9594
2.79473
2.79473
2.65421
1.75394
1.75394
15.365
15.365
15.2301
16.0849
16.0849
-15.5362
-15.5362
-11.9979
-11.9979
-11.3945
-11.3945
-11.5362
-2.92306
-2.92306
0.380683
0.380683
-13.8097
-13.8097
-13.9525
-15.4199
-15.4199
4.86502
4.86502
164.484
164.484
133.248
3.11078
3.11078
-19.1732
-19.1732
3.46136
3.46136
-12.7948
-12.7948
-1.18212
-1.18212
-9.23111
-9.23111
543.524
543.524
570.674
426.884
426.884
401.135
-11.4009
-11.4009
483.006
483.006
13.6123
13.6123
-6.07317
-6.07317
-4.4182
-4.4182
-6.58109
-6.58109
5.74018
5.74018
-17.8431
-17.8431
-11.1007
-11.1007
-11.173
-4.33209
-4.33209
-14.2316
-14.2316
1.53007
1.53007
-6.20137
-6.20137
2.58822
2.58822
-3.79711
-3.79711
681.721
681.721
752.491
752.491
816.147
4.16568
4.16568
-9.1865
-9.1865
-2.8847
-2.8847
464.38
464.38
8.74945
8.74945
-10.4035
-10.4035
16.1358
16.1358
16.0717
-8.03347
-8.03347
-17.2637
-17.2637
5.72963
5.72963
-6.22599
-6.22599
-2.50095
-2.50095
-3.02221
-3.02221
-7.97909
4.37015
4.37015
3.61443
3.61443
2.33015
2.33015
-0.203323
-0.203323
-10.2257
-10.2257
-10.3959
-4.78891
-4.78891
-4.96109
-1.77629
-1.77629
4.73372
4.73372
-32.9582
-32.9582
12.3904
12.3904
4.71017
4.71017
436.224
436.224
3.29667
3.29667
-2.39453
-2.39453
0.823789
0.823789
480.845
480.845
348.125
348.125
316.297
-14.345
-14.345
4.94566
4.94566
-1.84144
-1.84144
-19.5809
-19.5809
-26.2982
-26.2982
-26.5274
-10.853
-10.853
-3.25342
-3.25342
4.55526
4.55526
-0.155522
-0.155522
0.192273
0.192273
1.52023
1.52023
-2.52852
-2.52852
2.57912
2.57912
2.28753
2.28753
2.11525
1.99769
1.99769
-15.2982
-15.2982
-1.23307
-1.23307
3.5747
3.5747
3.26395
0.701841
0.701841
-15.5021
-15.5021
-15.8343
14.0745
14.0745
14.1796
14.1796
14.1154
2.0165
2.0165
-13.7582
-13.7582
-13.9252
-2.99681
-2.99681
14.4316
14.4316
3.0865
3.0865
-17.7698
-17.7698
13.5161
13.5161
13.379
6.54301
6.54301
5.05659
5.05659
0.9397
0.9397
0.401122
0.401122
2.94921
2.94921
0.846294
-11.7463
-11.7463
610.763
610.763
657.978
-4.2829
-4.2829
13.8221
13.8221
13.038
10.6471
10.6471
2.30124
2.30124
16.1487
16.1487
15.1102
15.1102
14.9379
-15.0826
-15.0826
-15.3136
-19.3503
-19.3503
-5.5509
-5.5509
9.13423
9.13423
47.3582
47.3582
0.370421
0.370421
0.153367
15.9262
15.9262
14.429
16.6276
16.6276
2.2171
2.2171
6.08241
6.08241
0.979588
0.979588
34.2146
34.2146
34.0488
25.6913
25.6913
23.1342
22.352
22.352
8.39068
8.39068
9.17914
9.17914
22.6531
22.6531
2.19733
2.19733
-13.3886
-13.3886
7.69986
7.69986
3.09454
3.09454
130.024
130.024
129.754
133.848
133.848
5.13931
5.13931
-14.4442
-14.4442
-14.6071
37.467
37.467
66.491
66.491
65.8034
85.0466
85.0466
61.1822
61.1822
20.0317
20.0317
545.736
545.736
513.908
676.511
676.511
148.972
148.972
148.908
149.004
740.517
740.517
804.173
708.688
148.983
148.983
743.649
743.649
807.305
2.14812
2.14812
-0.207228
2.94083
2.94083
12.5223
12.5223
12.4537
1.39105
1.39105
-0.661344
-0.661344
-2.97579
-2.00093
-2.00093
-4.15037
4.07247
4.07247
5.73925
5.73925
3.39101
-0.724071
-0.724071
-5.65946
-3.63228
-3.63228
6.88569
6.88569
14.1723
14.1723
13.4842
-18.256
-18.256
-18.487
28.7843
28.7843
28.0967
14.8688
14.8688
-7.01381
-7.01381
-7.69884
-3.50015
-3.50015
115.535
115.535
114.847
46.9241
46.9241
42.7929
49.5305
49.5305
47.4648
22.4427
22.4427
20.32
20.32
18.2552
6.68678
6.68678
5.04501
8.03793
8.03793
-1.54222
-1.54222
-1.63708
50.1436
50.1436
10.6071
10.6071
9.53385
9.53385
-4.78589
-4.78589
1.2548
1.2548
594.244
594.244
672.753
672.753
721.973
195.743
195.743
51.9252
51.9252
164.88
164.88
712.399
712.399
763.225
524.319
524.319
2.97667
2.97667
269.529
269.529
496.31
496.31
642.038
642.038
494.693
494.693
9.29726
9.29726
212.187
212.187
102.732
102.732
79.1344
674.824
674.824
697.62
218.706
218.706
190.367
2.18006
2.18006
446.522
446.522
103.336
103.336
3.81109
3.81109
370.162
370.162
341.823
29.2479
29.2479
8.5688
8.5688
173.543
173.543
460.209
460.209
479.391
380.78
380.78
366.312
464.752
464.752
408.072
462.763
462.763
406.083
465.847
465.847
405.206
461.763
461.763
405.084
463.586
463.586
406.906
463.773
463.773
407.093
3.45219
3.45219
170.513
170.513
315.072
315.072
531.914
531.914
582.456
529.232
529.232
580.217
531.099
531.099
582.084
318.3
318.3
8.44162
8.44162
2.25787
2.25787
517.596
517.596
568.686
216.411
216.411
255.651
207.856
207.856
247.096
362.846
362.846
283.295
283.295
473.284
473.284
50.9672
50.9672
8.27723
8.27723
222.428
222.428
658.9
658.9
605.455
605.455
510.655
510.655
559.38
549.655
549.655
519.157
519.157
553.521
553.521
520.779
520.779
517.158
517.158
520.043
520.043
761.372
761.372
787.532
657.385
657.385
631.225
16.1172
16.1172
8.18631
8.18631
310.355
310.355
4.31039
4.31039
458.702
458.702
479.903
479.903
168.256
168.256
375.005
375.005
44.3735
44.3735
474.531
474.531
7.72615
7.72615
379.309
379.309
19.675
19.675
44.981
44.981
468.542
468.542
489.686
42.1913
42.1913
314.13
314.13
146.695
146.695
465.175
465.175
-24.5205
-24.5205
81.0323
81.0323
6.74855
6.74855
482.821
482.821
518.711
290.339
290.339
-38.7631
-38.7631
350.215
350.215
213.705
213.705
460.897
460.897
484.526
25.1558
25.1558
6.07253
6.07253
-48.6498
-48.6498
331.09
331.09
168.128
168.128
812.935
812.935
865.255
5.11385
5.11385
-20.8354
-20.8354
113.789
113.789
-30.8466
-30.8466
5.06162
5.06162
283.84
283.84
4.49801
4.49801
-32.8332
-32.8332
86.0004
86.0004
3.57163
3.57163
99.0918
99.0918
147.661
147.661
198.119
198.119
338.131
338.131
312.375
4.18372
4.18372
762.569
762.569
812.02
812.02
860.39
-41.2088
-41.2088
)
;
    }
}


// ************************************************************************* //
