/*--------------------------------*- C++ -*----------------------------------*\
  =========                 |
  \\      /  F ield         | OpenFOAM: The Open Source CFD Toolbox
   \\    /   O peration     | Website:  https://openfoam.org
    \\  /    A nd           | Version:  8
     \\/     M anipulation  |
\*---------------------------------------------------------------------------*/
FoamFile
{
    version     2.0;
    format      ascii;
    class       volScalarField;
    location    "0.3";
    object      nut;
}
// * * * * * * * * * * * * * * * * * * * * * * * * * * * * * * * * * * * * * //

dimensions      [0 2 -1 0 0 0 0];

internalField   nonuniform List<scalar> 
1924
(
0.00260193
0.00266358
0.00271549
0.00271291
0.00266515
0.0026909
0.00268385
0.00262076
0.00260312
0.00272295
0.00253521
0.00252176
0.00213199
0.00248757
0.00263784
0.00262907
0.00215778
0.00249673
0.0025267
0.00251342
0.001869
0.00240909
0.00244375
0.00254996
0.00241545
0.002349
0.00234434
0.00270818
0.00261588
0.00263545
0.00239309
0.00239323
0.00251227
0.00227766
0.00271538
0.00250638
0.00232252
0.00266526
0.00258008
0.00230081
0.00232021
0.00197375
0.0023344
0.00241787
0.0026421
0.00244588
0.00259191
0.00271105
0.0017629
0.00175032
0.00257172
0.00200209
0.00242354
0.00254323
0.0021325
0.00272361
0.00252722
0.00269443
0.00268975
0.00258096
0.00252314
0.00260436
0.00251173
0.00254787
0.00249794
0.0027174
0.00258424
0.00251213
0.00254256
0.0025599
0.00182499
0.00260182
0.00254252
0.00265746
0.0026503
0.0022149
0.002716
0.00266927
0.00270817
0.00256474
0.00267824
0.00238506
0.00260112
0.00185007
0.002544
0.00254217
0.00271386
0.00262668
0.00173001
0.00179603
0.00256016
0.00241901
0.00229302
0.00227147
0.0018777
0.00239264
0.00271248
0.00265517
0.00255266
0.00208345
0.00270048
0.00188057
0.00253074
0.00247498
0.0022851
0.00269309
0.00261221
0.00229764
0.00259364
0.0023168
0.00270108
0.00253771
0.00269219
0.00263944
0.00270822
0.00175527
0.00271116
0.00264555
0.00258963
0.00271234
0.00242567
0.000731034
0.00184455
0.00173907
0.00260875
0.00235189
0.0022377
0.00266159
0.00243934
0.000761853
0.00269659
0.00266971
0.000246446
0.00263942
0.00197232
0.00235341
0.00266967
0.00261981
0.00257485
0.00270853
0.00272021
0.00257626
0.000201719
0.000191463
0.00269945
0.00239461
0.00230556
0.00193674
0.00260723
0.00260149
0.00254208
0.00036703
0.00205977
0.00266391
0.00268957
0.00236549
0.000727925
0.00270515
0.00267653
0.000277297
0.00265162
0.00221748
0.00268883
0.000744036
0.00251503
0.00236023
0.00240399
0.000546441
0.00270905
0.00244078
0.00253602
0.00266221
0.00268734
0.00251359
0.0027224
0.00213902
0.00263444
0.000392652
0.00256161
0.00268414
0.00228291
0.00264689
0.00269119
0.00240866
0.00174673
0.00264722
0.00207917
0.00235441
0.00270405
0.00267433
0.00221859
0.00262608
0.00267106
0.00266787
0.00245973
0.000373772
0.0024368
0.00215831
0.00223708
0.00213356
0.000482937
0.0026834
0.00243647
0.00259776
0.00261422
0.0022863
0.00266324
0.00200563
0.00196943
0.000161523
0.000758159
0.00253882
0.00261336
0.00245854
0.00235409
0.0026898
0.00260981
0.00224986
0.00261909
0.00264806
0.00234486
0.00259149
0.00243801
0.00262356
0.00254225
0.00242838
0.00263945
0.00269192
0.00250967
0.00215186
0.000332902
0.00256031
0.00223896
0.000399909
0.00247037
0.000145639
0.00262796
0.0026175
0.00252434
0.000380668
0.00263932
0.00222813
0.00261692
0.00202717
0.000394764
0.00191707
0.00252564
0.00271708
0.00268727
0.00268907
0.00265898
0.000661575
0.00250662
0.00253267
0.00270074
0.00263776
0.00236922
0.00223801
0.00236208
0.00256891
0.00239755
0.00251862
0.00253516
0.00269515
0.00240184
0.00260966
0.00207724
0.00267099
0.00218901
0.000482545
0.00220434
0.0025752
0.0024484
0.00226412
0.0025773
0.00267397
0.00248783
0.00246481
0.00261186
0.00218469
0.000553194
0.000276428
0.00255203
0.00255078
0.00240956
0.00267743
0.00263553
0.000666558
0.00256856
0.00223659
0.00258658
0.00255216
0.00249193
0.00264062
0.00171806
0.00253825
0.00264149
0.00205606
0.00265346
0.00264465
0.00038533
0.00260455
0.00263201
0.00260991
0.00250138
0.00229727
0.00220323
0.00262806
0.00225063
0.00265405
0.00196576
0.00260324
0.00254653
0.00247439
0.00269009
0.0022148
0.00237892
0.00253178
0.00257628
0.0024351
0.00259502
0.00222473
0.00266011
0.00258496
0.00233418
0.00268537
0.00228173
0.00227268
0.00271281
0.00260403
0.00219588
0.00261348
0.00250632
0.00251921
0.00260674
0.00248733
0.00259736
0.002613
0.00257548
0.00265107
0.00268634
0.00261572
0.00244684
0.00208172
0.00264909
0.00263572
0.000323474
0.00262814
0.00259982
0.00230278
0.00238557
0.00036868
0.000525373
0.00264715
0.00199165
0.00267488
0.00180204
0.00253409
0.00230466
0.0022506
0.00250447
0.00265013
0.00264553
0.0026004
0.00240942
0.00265802
0.00247832
0.00231747
0.00256741
0.00260587
0.002645
0.00242397
0.00230861
0.00263732
0.0024552
0.000350227
0.00265012
0.00264759
0.00244429
0.0026351
0.00264035
0.00266411
0.00228732
0.00247032
0.00221907
0.00264752
0.00258438
0.00261554
0.00241496
0.00265243
0.000466171
0.00253564
0.00234306
0.00262623
0.00261857
0.000150371
0.00241058
0.00246195
0.00260406
0.00264132
0.00244187
0.00262038
0.00217277
0.00222504
0.000175155
0.00261167
0.00266241
0.00263172
0.00232071
0.00241245
0.00250654
0.00255696
0.00253142
0.00263569
0.00257238
0.00260548
0.00267682
0.00265019
0.00256161
0.00270273
0.00265119
0.00233658
0.00266769
0.00204793
0.00245195
0.00265179
0.00268708
0.00248222
0.00251424
0.00254359
0.00261846
0.00267966
0.00257187
0.00259186
0.00261338
0.00250646
0.00265325
0.00227757
0.0026314
0.00246666
0.00223574
0.00246339
0.00247005
0.00246009
0.00263439
0.000161945
0.00252272
0.00258746
0.00234211
0.00262404
0.002649
0.00253864
0.00251067
0.00259045
0.00245395
0.00239917
0.00265725
0.0026482
0.002598
0.0026374
0.00267223
0.00250776
0.00232428
0.00260145
0.00220256
0.00262748
0.00262984
0.0025616
0.00259983
0.0026783
0.00246744
0.00258222
0.00253834
0.00266095
0.00242569
0.00266719
0.00244433
0.00253196
0.00263469
0.00263841
0.00253846
0.00260306
0.00261442
0.00262967
0.00253334
0.00248189
0.00254254
0.00262916
0.00258973
0.00267207
0.00228716
0.00257447
0.00259091
0.00268739
0.0026504
0.00266826
0.00263501
0.00262082
0.0025176
0.0025758
0.00265242
0.00264679
0.0023105
0.00251676
0.00215884
0.00260117
0.0026471
0.00250443
0.00257239
0.00265504
0.00263208
0.00267132
0.00262201
0.00250511
0.00262419
0.00262368
0.0025413
0.00239011
0.00259449
0.00263651
0.00260018
0.00264526
0.00266591
0.00265756
0.00253045
0.00243156
0.00250228
0.0025758
0.00250466
0.00255456
0.00260144
0.0025597
0.00258315
0.00257666
0.00230852
0.00262149
0.00259521
0.00243432
0.00234306
0.00253338
0.00257037
0.00257296
0.00258945
0.0026089
0.0026603
0.00259245
0.00245262
0.00250245
0.0026258
0.00261407
0.00257746
0.00261487
0.00263681
0.00259764
0.00255958
0.00258195
0.00258123
0.0025798
0.00255364
0.00241965
0.00255437
0.00259995
0.00227446
0.00261553
0.00232645
0.00253731
0.00266438
0.00267298
0.00252708
0.00258066
0.00266277
0.00260336
0.00255033
0.00261761
0.00251442
0.00261636
0.00258928
0.00219316
0.00264901
0.00258852
0.00257495
0.00262708
0.00256467
0.00261681
0.00250619
0.00259177
0.00264543
0.00259521
0.00265833
0.00260801
0.0025478
0.00259883
0.000536807
0.002538
0.00258762
0.00265119
0.0026152
0.00269782
0.00262022
0.00259949
0.00223349
0.00264336
0.00254612
0.00240919
0.00259444
0.00257155
0.0024286
0.00263429
0.00250649
0.00258506
0.00256685
0.00263958
0.00259189
0.00267038
0.00258415
0.00262453
0.00252216
0.00233752
0.00238236
0.00251221
0.00265293
0.00265779
0.0026211
0.00258322
0.00257369
0.00248605
0.00259873
0.00262426
0.00247013
0.00259766
0.00262811
0.00259738
0.00269437
0.00259775
0.00259671
0.00230563
0.00258803
0.00249507
0.00260359
0.00265474
0.00261001
0.0026113
0.00259334
0.00258179
0.00259511
0.0026383
0.00259031
0.00262656
0.00260737
0.0024055
0.00259445
0.00261049
0.00271672
0.00253259
0.00259987
0.00261052
0.00259348
0.00262028
0.00258485
0.00259818
0.00256465
0.00259941
0.00246493
0.00264988
0.00260957
0.00238292
0.00258828
0.00262604
0.0025944
0.0025956
0.00259448
0.00262968
0.00239711
0.00265557
0.00263632
0.0026491
0.00255753
0.00262884
0.00258159
0.00260327
0.00264217
0.00264026
0.00261605
0.00261245
0.00259539
0.0025646
0.00260837
0.0023945
0.0026443
0.0026013
0.00261471
0.00254594
0.00260684
0.00260024
0.0025909
0.00263601
0.00260324
0.00253845
0.00259601
0.00259624
0.0026224
0.00258851
0.00260346
0.00229048
0.00251601
0.00260504
0.00260589
0.00259788
0.00264569
0.00259377
0.00259178
0.00258844
0.00260501
0.00241201
0.00259656
0.002484
0.00260517
0.00258836
0.00263414
0.00229041
0.00249163
0.00261778
0.00262155
0.00260467
0.0026267
0.000325745
0.000170513
0.00233941
0.00243694
0.00264105
0.00260435
0.00260394
0.00248972
0.0025966
0.00261153
0.00259835
0.00260757
0.00260631
0.00261511
0.00258474
0.00253829
0.00260381
0.00261618
0.000368611
0.00255101
0.00048765
0.00259306
0.00260466
0.00259162
0.0026398
0.00259751
0.00259122
0.00254554
0.00238325
0.00247524
0.00252541
0.00226869
0.00240034
0.00243268
0.00261523
0.00243788
0.00260318
0.00261928
0.00261373
0.00259641
0.0026041
0.00259869
0.00259252
0.00259891
0.00260086
0.00261905
0.00260044
0.0025506
0.00260033
0.00232023
0.00263498
0.00259095
0.00259746
0.00260035
0.00260006
0.00258145
0.0025502
0.00255443
0.00227781
0.00259332
0.00232573
0.00262682
0.00260191
0.00263088
0.00254954
0.00260309
0.00257667
0.00263252
0.00259957
0.00259158
0.00260665
0.00263608
0.00245745
0.00260102
0.00257894
0.00241878
0.00245504
0.00259575
0.00224465
0.00254758
0.00262851
0.00235226
0.00261708
0.00259944
0.00259006
0.00230627
0.0026321
0.00254844
0.000408194
0.00258009
0.00260124
0.00260884
0.00257547
0.00259335
0.0025759
0.0025683
0.00252995
0.00262655
0.0025825
0.00260178
0.00263039
0.00258865
0.00260506
0.0025989
0.00260054
0.0026199
0.00253743
0.00258054
0.002595
0.00259005
0.00259427
0.00251881
0.00260489
0.00260475
0.000152109
0.00254511
0.000457178
0.00259618
0.00259212
0.00187209
0.00256694
0.00259568
0.00258644
0.00261031
0.00257145
0.0025446
0.00259811
0.00259186
0.00252858
0.00261794
0.00259573
0.00256076
0.00258022
0.00250695
0.00233915
0.00260423
0.00262487
0.00259504
0.00241175
0.00256356
0.00259525
0.00252916
0.00258986
0.00259301
0.00259711
0.00259625
0.00257358
0.00255591
0.00255258
0.00257939
0.00221991
0.00252324
0.00257518
0.000430851
0.00259635
0.00221269
0.00257445
0.00260807
0.00233477
0.00258619
0.00258633
0.00259478
0.00252755
0.00259758
0.00260114
0.00257795
0.00252438
0.000513154
0.00261595
0.00262583
0.00262671
0.00262342
0.00261127
0.00255593
0.00261996
0.00259218
0.00223888
0.00257432
0.00232906
0.00258784
0.00258273
0.00262331
0.00256521
0.00258986
0.00262188
0.00258972
0.00218435
0.00262142
0.000185714
0.00239015
0.00259442
0.00257243
0.00258617
0.00257343
0.00237425
0.00225465
0.00261811
0.00257582
0.00245009
0.00259688
0.00259065
0.00250875
0.00253348
0.00255943
0.002591
0.00257179
0.00260939
0.00258266
0.00254214
0.00259118
0.00239984
0.00259938
0.00254602
0.00259039
0.00259395
0.00238395
0.000287471
0.00258678
0.00252173
0.00048114
0.00259063
0.00256931
0.00259078
0.00258089
0.00261178
0.00252827
0.00257921
0.000233216
0.0025487
0.00259766
0.000251823
0.00254877
0.000158498
0.00258144
0.00260125
0.00253093
0.00251117
0.00255054
0.00259601
0.00249393
0.00259075
0.00261762
0.00257243
0.00258358
0.00251689
0.00237213
0.0025513
0.00229923
0.00258255
0.00261742
0.00215188
0.00258312
0.00258542
0.002595
0.002152
0.00260982
0.00258541
0.00252179
0.00255117
0.00257913
0.00259198
0.00256578
0.00232287
0.00218942
0.00252991
0.00246222
0.00259032
0.00249173
0.00255015
0.00253378
0.00233507
0.00252267
0.00259603
0.00259565
0.00257816
0.002576
0.00255217
0.00251195
0.00259793
0.00253618
0.00244429
0.00261154
0.0025524
0.00261515
0.00234727
0.00254815
0.00255913
0.002602
0.00258715
0.00261307
0.00259061
0.00258686
0.00258665
0.00253725
0.00256879
0.00261707
0.00260833
0.00261782
0.00023331
0.00233863
0.0023493
0.00258712
0.00253713
0.00258879
0.00267146
0.00257912
0.0024239
0.00250536
0.00257948
0.00259366
0.00231315
0.0023766
0.00253582
0.00256052
0.00252815
0.00256192
0.00251206
0.00260958
0.00262489
0.00259074
0.00259936
0.00257575
0.00250244
0.00257997
0.00257918
0.00258672
0.00253324
0.0026145
0.00256522
0.00254496
0.00268541
0.00254958
0.00257302
0.00261308
0.0025876
0.00247218
0.00258187
0.00249561
0.00247713
0.00212854
0.00256416
0.00231866
0.00261043
0.00256541
0.00247737
0.00247864
0.00260193
0.00250196
0.00252937
0.00248126
0.00258185
0.00258553
0.000478355
0.00258576
0.00248401
0.00255845
0.000578431
0.00258352
0.00248545
0.00221422
0.0024948
0.00246682
0.00231941
0.00258298
0.00259916
0.00257899
0.00248545
0.00258453
0.000514732
0.000552144
0.00254058
0.00258317
0.00260847
0.00268834
0.00258435
0.00253471
0.00244369
0.00248387
0.00244488
0.000478731
0.00257259
0.00206785
0.00243625
0.00257627
0.00258522
0.00257019
0.0025401
0.00258337
0.000164676
0.000177138
0.00256778
0.00253508
0.00252439
0.00260697
0.00244831
0.00256221
0.00257696
0.00248038
0.00258573
0.00260506
0.00258532
0.00215647
0.00258224
0.00245126
0.000458837
0.00228722
0.00258001
0.00258104
0.00260098
0.00245246
0.00243779
0.00255524
0.00257418
0.00250044
0.00236081
0.00245179
0.00258075
0.000204978
0.00229523
0.00242374
0.00248059
0.00047787
0.00253621
0.00244912
0.000481627
0.000398551
0.00258105
0.00247041
0.00259805
0.00257812
0.00260627
0.00260892
0.00254017
0.00257839
0.00252879
0.00257989
0.00257889
0.000222553
0.000481626
0.0025195
0.000379208
0.00245933
0.00257964
0.00229653
0.0024445
0.00260805
0.00242841
0.0024016
0.00248155
0.00260317
0.0025807
0.00257895
0.00215816
0.00268146
0.0025793
0.00257707
0.00238866
0.00258455
0.00241031
0.00257602
0.00231602
0.00047499
0.00247534
0.00256979
0.00255883
0.000482887
0.00232327
0.00256751
0.00210223
0.000430462
0.00255162
0.00232325
0.0025523
0.00232907
0.00240448
0.00257444
0.00259904
0.00257774
0.00230836
0.00257553
0.00233331
0.00253219
0.00238133
0.00225339
0.00255094
0.00233568
0.00260287
0.0025074
0.00257919
0.00206196
0.0024688
0.00255009
0.00243818
0.00257976
0.000159345
0.000148026
0.00257368
0.00251508
0.00233589
0.00253121
0.00259593
0.00250835
0.00237025
0.00207014
0.000481571
0.00256949
0.00246876
0.00257436
0.00259644
0.00253933
0.0025373
0.00253921
0.00230453
0.00257154
0.00223841
0.00260482
0.00255621
0.00257255
0.00234046
0.00227423
0.00258222
0.00233376
0.00257558
0.00224539
0.000221761
0.00257597
0.00225044
0.00254445
0.00225328
0.00255414
0.000445933
0.00250309
0.00227331
0.000622041
0.0025744
0.00255548
0.0022537
0.000219872
0.00230012
0.00243061
0.00236885
0.00225994
0.00225159
0.00223085
0.00259788
0.00255559
0.00247152
0.00243085
0.00224466
0.00229373
0.00252768
0.00257644
0.00254925
0.00227293
0.00244875
0.00231023
0.00255227
0.00247367
0.000471555
0.00254428
0.00047064
0.00256497
0.002547
0.00256947
0.00251124
0.00248601
0.00224712
0.00254291
0.00230636
0.00256846
0.00234088
0.00247398
0.00253538
0.00257149
0.00232901
0.000282697
0.00256715
0.00246293
0.00228538
0.00259585
0.0024862
0.00223252
0.00254093
0.000251311
0.00222692
0.00247005
0.00270025
0.000229438
0.00242561
0.00242404
0.00256338
0.00270036
0.00222403
0.0024597
0.00256527
0.00037748
0.00244793
0.00248626
0.00245939
0.00224067
0.00257188
0.000248185
0.00244491
0.00257225
0.00216781
0.00254999
0.00259255
0.00218433
0.00257085
0.00257094
0.00245013
0.00250586
0.00245856
0.00257876
0.000219972
0.000229178
0.0024656
0.00219846
0.00232577
0.000216348
0.00256625
0.00245895
0.000472002
0.00253844
0.00231973
0.00244648
0.00259849
0.000411811
0.000232027
0.00232353
0.00246417
0.000451309
0.000185657
0.000178219
0.00230976
0.00234348
0.00225859
0.00224647
0.00252318
0.00254248
0.00254621
0.00248565
0.00253004
0.00256195
0.000201615
0.00256687
0.000202927
0.000219042
0.00257249
0.00243947
0.00223253
0.00023339
0.00255238
0.00214744
0.00250722
0.000453498
0.00219102
0.000456758
0.00254739
0.000467963
0.00234201
0.0021094
0.00046018
0.00259101
0.000501338
0.00245781
0.00245617
0.000436516
0.000463476
0.002326
0.000466818
0.00247591
0.000466494
0.000470238
0.00223032
0.00214959
0.00226185
0.00227518
0.000341431
0.000233128
0.000473756
0.00256416
0.00238217
0.00253557
0.00256198
0.00230863
0.0024187
0.00229746
0.00254454
0.00249765
0.00256258
0.000453733
0.00230612
0.00205405
0.00248434
0.00250484
0.00256639
0.00238978
0.00208032
0.000212533
0.00221341
0.000477397
0.00259699
0.00258541
0.00255833
0.0023105
0.00245587
0.0021185
0.00232744
0.00253238
0.000228976
0.00247781
0.00245676
0.00212424
0.000441979
0.00230914
0.00226148
0.00228699
0.00243068
0.0025414
0.000449378
0.00255893
0.00251872
0.000446484
0.00248245
0.00258743
0.000428653
0.00224949
0.00255348
0.00252342
0.000481097
0.0022458
0.00254885
0.00250312
0.000444333
0.00255743
0.00222022
0.00225102
0.00252893
0.00020627
0.00255764
0.00224072
0.00254259
0.0025738
0.00255368
0.00223339
0.00223543
0.00253676
0.00211194
0.00256709
0.00206796
0.00245324
0.000237194
0.000469514
0.000457939
0.000220526
0.00244954
0.000489482
0.002548
0.00232785
0.0021082
0.00046376
0.000208455
0.00230949
0.0025377
0.0025604
0.00258581
0.00221315
0.00247347
0.00249716
0.000442088
0.00248006
0.00220278
0.0025324
0.00254309
0.00225977
0.00254593
0.00241317
0.00225606
0.00232872
0.00048021
0.00252504
0.00253745
0.00234172
0.00251408
0.00204175
0.000205461
0.00227597
0.00042769
0.000206391
0.0024772
0.000206917
0.00252004
0.00244843
0.000206758
0.00245005
0.000459518
0.000205799
0.0025227
0.00234443
0.000439105
0.000203857
0.000200742
0.00249841
0.00251025
0.00251193
0.00242089
0.00229999
0.0025298
0.00222003
0.00250719
0.000200491
0.000194285
0.000196328
0.00244316
0.0023274
0.00247361
0.000449012
0.00252729
0.000472534
0.000463693
0.00250743
0.00246839
0.000455445
0.000432584
0.00229253
0.00199031
0.000190614
0.000445382
0.00244636
0.000203972
0.00228234
0.00250195
0.00245893
0.00245961
0.00249207
0.000205206
0.000202721
0.002257
0.00244211
0.000200425
0.00251525
0.000472946
0.00249564
0.00221237
0.000226458
0.000197974
0.000212687
0.000460655
0.00228025
0.00227627
0.00252937
0.00242847
0.00243674
0.00257982
0.0022762
0.00243692
0.00256665
0.00249372
0.000197878
0.00255614
0.00233459
0.00240759
0.000397541
0.00253621
0.000183642
0.00255955
0.002515
0.000200367
0.00041713
0.00247905
0.00248109
0.00243894
0.00231759
0.000212463
0.00232173
0.000214985
0.000457441
0.000442817
0.00241268
0.00251937
0.00243847
0.0024293
0.00254004
0.00230977
0.000443039
0.0024015
0.000198045
0.000208382
0.00226001
0.000194613
0.00232621
0.000469598
0.00246008
0.00256844
0.00229027
0.00240972
0.00232437
0.00226507
0.0019318
0.00254873
0.000182967
0.000189925
0.00245599
0.000212722
0.00019852
0.00250531
0.00223076
0.00223864
0.000221916
0.00241542
0.000211355
0.000461475
0.0025046
0.00256663
0.00021814
0.000471666
0.00239377
0.000214988
0.00258316
0.00229285
0.000193297
0.00239511
0.0022068
0.00237908
0.000464362
0.00228139
0.00253245
0.000164283
0.000180078
0.00249008
0.00189678
0.00225341
0.00248438
0.00243066
0.00250511
0.00221708
0.00224435
0.0002111
0.00244348
0.00242562
0.0023822
0.00250352
0.00238328
0.00225471
0.000450244
0.000198953
0.00225482
0.00253884
0.00230714
0.00212433
0.00208917
0.0004642
0.000209809
0.00240819
0.00225318
0.00046469
0.00246941
0.000465241
0.000186578
0.00218909
0.00230685
0.002358
0.00227312
0.000218537
0.000218291
0.0022046
0.000470918
0.000463517
0.000464362
0.00217096
0.00215485
0.00230125
0.00238354
0.00226463
0.000402267
0.00018265
0.00239592
0.00212845
0.00237598
0.000441475
0.000209865
0.00237775
0.00244845
0.00224917
0.00237757
0.00218958
0.00225095
0.00243715
0.000461552
0.000216184
0.0022515
0.000454952
0.0021972
0.000197399
0.00221005
0.000200398
0.000462172
0.000207901
0.00234532
0.000216717
0.00235293
0.00046665
0.00222295
0.002193
0.000194063
0.000452063
0.00215513
0.000454752
0.000451572
0.000188399
0.00223853
0.000190757
0.00221918
0.000189985
0.00199545
0.00231697
0.0021257
0.000211913
0.000207314
0.000440117
0.000438509
0.000462836
0.000456552
0.000203158
0.000184051
0.00214387
0.00219275
0.0022758
0.00218042
0.000204345
0.000173067
0.000423435
0.00198756
0.00215451
0.00209141
0.00216899
0.00217686
0.00225797
0.00214792
0.000190901
0.000435812
0.00210031
0.000212595
0.000421765
0.000185424
0.000408592
0.0019665
0.00203612
0.000159443
0.00032376
0.000142151
0.00013572
0.000350189
0.000165033
0.0001865
0.000449445
0.000205672
0.000450418
0.000187665
0.000188657
0.000447086
0.00018446
0.000188175
0.000459305
0.000433116
0.000199381
0.000208692
0.000194072
0.000428613
0.000202968
0.000436282
0.000167728
0.00013978
0.00014221
0.000414498
0.000172078
0.000180627
0.000439499
0.000205493
0.00193978
0.00269899
0.00209157
0.00215629
0.00212899
0.000445314
0.000176883
0.00246534
0.00241031
0.00241242
0.000140903
0.00197209
0.00253983
0.00229022
0.00195248
0.000417496
0.000405566
0.00270644
0.00246204
0.000218744
0.000145974
0.000223511
0.00255942
0.00180044
0.00250351
0.00246769
0.000234564
0.00237018
0.00211412
0.00251077
0.000134715
0.000135227
0.00022552
0.000200315
0.000256083
0.000195941
0.000216903
0.000207527
0.00247922
0.000473313
0.00241812
0.000187721
0.000169
0.000179692
0.000487897
0.00219418
0.00257788
0.00020821
0.000167384
0.000172143
0.00246058
0.00249535
0.000373895
0.00224168
0.00270345
0.00196863
0.00179582
0.000413796
0.000185798
0.000580974
0.000402008
0.000604026
0.000430031
0.000397969
0.000413157
0.000134035
0.00012927
0.0024251
0.0022207
0.00191364
0.00270375
0.000231223
0.000381222
0.000376022
0.0019676
0.00204377
0.000413685
0.00232439
0.00204389
0.00207044
0.00248685
0.000182859
0.00189148
0.00207682
0.00209628
0.000457076
0.00264911
0.00212155
0.00234771
0.000163546
0.0022172
0.00261352
0.00217224
0.000325111
0.000185981
0.00251739
0.00243388
0.00260163
0.00179129
0.00192306
0.000157311
0.00245184
0.00264249
0.00186631
0.00264448
0.0025002
0.000387219
0.00250899
0.00261528
0.00216689
0.00255119
0.00222991
0.00175912
0.00183526
0.000127705
0.00254137
0.000339567
0.000164726
0.00258702
)
;

boundaryField
{
    patch0
    {
        type            nutkWallFunction;
        Cmu             0.09;
        kappa           0.41;
        E               9.8;
        value           nonuniform List<scalar> 
4010
(
0.000299614
0.000299614
0.000305334
0.000305334
0.000309845
0.000309845
0.000309764
0.000309764
0.000305421
0.000305421
0.000306948
0.000306948
0.000305171
0.000305171
0.000293457
0.000293457
0.000282267
0.000282267
0.000310903
0.000310903
0.000264643
0.000264643
0.000263553
0.000263553
0.000198109
0.000198109
0.00025948
0.00025948
0.000302297
0.000302297
0.000301719
0.000301719
0.000202662
0.000202662
0.000259987
0.000259987
0.000262222
0.000262222
0.000269617
0.000269617
0.000175118
0.000175118
0.000273792
0.000273792
0.000282751
0.000282751
0.000264544
0.000264544
0.000277616
0.000277616
0.000216076
0.000216076
0.00021517
0.00021517
0.000309715
0.000309715
0.00029967
0.00029967
0.000302568
0.000302568
0.00027752
0.00027752
0.000224816
0.000224816
0.000244462
0.000244462
0.000237506
0.000237506
0.000310368
0.000310368
0.000289279
0.000289279
0.000219139
0.000219139
0.000303717
0.000303717
0.000243373
0.000243373
0.00026389
0.00026389
0.00021345
0.00021345
0.00018423
0.00018423
0.000214406
0.000214406
0.000280373
0.000280373
0.000303019
0.000303019
0.000224427
0.000224427
0.000236967
0.000236967
0.000310169
0.000310169
0.000165892
0.000165892
0.000164859
0.000164859
0.000295719
0.000295719
0.000186586
0.000186586
0.000279295
0.000279295
0.00029264
0.00029264
0.000197643
0.000197643
0.000311097
0.000311097
0.000230307
0.000230307
0.000300064
0.000300064
0.000307911
0.000307911
0.000297521
0.000297521
0.000290874
0.000290874
0.000292344
0.000292344
0.000289829
0.000289829
0.000231695
0.000231695
0.000287946
0.000287946
0.000310823
0.000310823
0.000296687
0.000296687
0.000289649
0.000289649
0.000234476
0.000234476
0.000294529
0.000294529
0.000171844
0.000171844
0.000295943
0.000295943
0.000231381
0.000231381
0.000305053
0.000305053
0.000304535
0.000304535
0.000257909
0.000257909
0.000310674
0.000310674
0.000306396
0.000306396
0.000309898
0.000309898
0.000295123
0.000295123
0.000306894
0.000306894
0.000218955
0.000218955
0.000236534
0.000236534
0.000173479
0.000173479
0.000280097
0.000280097
0.000292829
0.000292829
0.000310417
0.000310417
0.000299451
0.000299451
0.000163122
0.000163122
0.000168861
0.000168861
0.000272587
0.000272587
0.000223867
0.000223867
0.000210526
0.000210526
0.000210089
0.000210089
0.000175779
0.000175779
0.000276683
0.000276683
0.00031023
0.00031023
0.000304449
0.000304449
0.000294307
0.000294307
0.000244956
0.000244956
0.00030795
0.00030795
0.000176033
0.000176033
0.000290328
0.000290328
0.000252364
0.000252364
0.000215882
0.000215882
0.000308564
0.000308564
0.000296897
0.000296897
0.000252564
0.000252564
0.000298594
0.000298594
0.000212385
0.000212385
0.000308996
0.000308996
0.000240079
0.000240079
0.000307834
0.000307834
0.000240079
0.000240079
0.000309929
0.000309929
0.000165311
0.000165311
0.000309153
0.000309153
0.000302998
0.000302998
0.000297635
0.000297635
0.000310343
0.000310343
0.000242189
0.000242189
7.44593e-05
7.44593e-05
0.000173053
0.000173053
0.000164029
0.000164029
0.000299642
0.000299642
0.000261853
0.000261853
0.000258303
0.000258303
0.000305633
0.000305633
0.000222143
0.000222143
7.72972e-05
7.72972e-05
0.000308575
0.000308575
0.000304499
0.000304499
2.66983e-05
2.66983e-05
0.000246582
0.000246582
0.000183941
0.000183941
0.000215952
0.000215952
0.000304618
0.000304618
0.000298911
0.000298911
0.000266822
0.000266822
0.000309451
0.000309451
0.00031109
0.00031109
0.000278511
0.000278511
2.30249e-05
2.30249e-05
2.30249e-05
2.21263e-05
2.21263e-05
2.21263e-05
0.000307654
0.000307654
0.000219281
0.000219281
0.000261589
0.000261589
0.000183043
0.000183043
0.000299591
0.000299591
0.000298882
0.000298882
0.000231367
0.000231367
3.97596e-05
3.97596e-05
3.97596e-05
0.000192918
0.000192918
0.000303674
0.000303674
0.000306552
0.000306552
0.000269189
0.000269189
7.41682e-05
7.41682e-05
0.000308421
0.000308421
0.000306429
0.000306429
3.07914e-05
3.07914e-05
0.000244777
0.000244777
0.000257332
0.000257332
0.000306312
0.000306312
7.56647e-05
7.56647e-05
0.000228999
0.000228999
0.000217795
0.000217795
0.000222105
0.000222105
5.71328e-05
5.71328e-05
0.000310041
0.000310041
0.000222382
0.000222382
0.000287996
0.000287996
0.000303689
0.000303689
0.000307983
0.000307983
0.000288424
0.000288424
0.000311035
0.000311035
0.000198645
0.000198645
0.000239942
0.000239942
4.7154e-05
4.7154e-05
0.000294949
0.000294949
0.000305539
0.000305539
0.000235378
0.000235378
0.000303127
0.000303127
0.000308434
0.000308434
0.000227851
0.000227851
0.000164489
0.000164489
0.000302585
0.000302585
0.000213792
0.000213792
0.000235786
0.000235786
0.000309451
0.000309451
0.00030653
0.00030653
0.000254624
0.000254624
0.000299561
0.000299561
0.000305916
0.000305916
0.00030406
0.00030406
0.000225929
0.000225929
4.04256e-05
4.04256e-05
4.04256e-05
0.000254762
0.000254762
0.000199682
0.000199682
0.000206369
0.000206369
0.000197193
0.000197193
5.13759e-05
5.13759e-05
0.000307049
0.000307049
0.000223031
0.000223031
0.000283984
0.000283984
0.000300565
0.000300565
0.00023131
0.00023131
0.000303344
0.000303344
0.000186842
0.000186842
0.00018449
0.00018449
1.59581e-05
1.59581e-05
1.59581e-05
7.69701e-05
7.69701e-05
0.00023117
0.00023117
0.000297371
0.000297371
0.000225897
0.000225897
0.000247134
0.000247134
0.000308317
0.000308317
0.000299615
0.000299615
0.000258965
0.000258965
0.000294731
0.000294731
0.000304279
0.000304279
0.000268517
0.000268517
0.000235638
0.000235638
0.000223236
0.000223236
0.000294486
0.000294486
0.000273245
0.000273245
0.000253002
0.000253002
0.000302594
0.000302594
0.000308303
0.000308303
0.000229808
0.000229808
0.000198601
0.000198601
3.65378e-05
3.65378e-05
0.000293953
0.000293953
0.00020658
0.00020658
4.89567e-05
4.89567e-05
0.000256338
0.000256338
1.69755e-05
1.69755e-05
1.69755e-05
0.000299287
0.000299287
0.000295613
0.000295613
0.000230692
0.000230692
4.11051e-05
4.11051e-05
4.11051e-05
0.000302373
0.000302373
0.000205208
0.000205208
0.000297832
0.000297832
0.000188502
0.000188502
4.25076e-05
4.25076e-05
0.000179217
0.000179217
0.000281781
0.000281781
0.000310541
0.000310541
0.000308099
0.000308099
0.000308092
0.000308092
0.00025103
0.00025103
6.79923e-05
6.79923e-05
0.000229729
0.000229729
0.000231208
0.000231208
0.000309135
0.000309135
0.000297556
0.000297556
0.000218363
0.000218363
0.000205841
0.000205841
0.000269129
0.000269129
0.000292345
0.000292345
0.000268696
0.000268696
0.000230182
0.000230182
0.000292508
0.000292508
0.000308837
0.000308837
0.000232927
0.000232927
0.000300442
0.000300442
0.000206355
0.000206355
0.000306426
0.000306426
0.000209341
0.000209341
5.08412e-05
5.08412e-05
0.000203415
0.000203415
0.000233996
0.000233996
0.000225047
0.000225047
0.000207844
0.000207844
0.000297792
0.000297792
0.000306433
0.000306433
0.000260681
0.000260681
0.000253707
0.000253707
0.000297637
0.000297637
0.000201242
0.000201242
5.81225e-05
5.81225e-05
3.06906e-05
3.06906e-05
3.06906e-05
0.000290739
0.000290739
0.000234308
0.000234308
0.000221973
0.000221973
0.000306914
0.000306914
0.000302221
0.000302221
6.84596e-05
6.84596e-05
0.000292569
0.000292569
0.000205578
0.000205578
0.000240539
0.000240539
0.00029521
0.00029521
0.000250233
0.000250233
0.000301846
0.000301846
0.000162233
0.000162233
0.000230901
0.000230901
0.000298526
0.000298526
0.000190954
0.000190954
0.000304763
0.000304763
0.000302165
0.000302165
4.15619e-05
4.15619e-05
4.15619e-05
0.000288731
0.000288731
0.00029964
0.00029964
0.000299437
0.000299437
0.000273122
0.000273122
0.000210527
0.000210527
0.00023084
0.00023084
0.000300551
0.000300551
0.000206845
0.000206845
0.000304238
0.000304238
0.000183288
0.000183288
0.00029904
0.00029904
0.000234164
0.000234164
0.000285064
0.000285064
0.000308004
0.000308004
0.000250691
0.000250691
0.000247086
0.000247086
0.000288573
0.000288573
0.00023489
0.00023489
0.000228324
0.000228324
0.000299118
0.000299118
0.000205468
0.000205468
0.000302123
0.000302123
0.000234752
0.000234752
0.000213715
0.000213715
0.000307588
0.000307588
0.000210321
0.000210321
0.000208514
0.000208514
0.00031003
0.00031003
0.000298608
0.000298608
0.000202124
0.000202124
0.000300713
0.000300713
0.000288601
0.000288601
0.000281388
0.000281388
0.000300109
0.000300109
0.000247658
0.000247658
0.000299152
0.000299152
0.000245082
0.000245082
0.000269963
0.000269963
0.000300047
0.000300047
0.000307723
0.000307723
0.000237278
0.000237278
0.000282086
0.000282086
0.000193021
0.000193021
0.000303045
0.000303045
0.000302166
0.000302166
3.56753e-05
3.56753e-05
0.00030152
0.00030152
0.000298653
0.000298653
0.000211091
0.000211091
0.000220219
0.000220219
4.02235e-05
4.02235e-05
5.50471e-05
5.50471e-05
0.000302966
0.000302966
0.000185528
0.000185528
0.000306678
0.000306678
0.000169283
0.000169283
0.000289007
0.000289007
0.000211936
0.000211936
0.000261574
0.000261574
0.000248538
0.000248538
0.000303405
0.000303405
0.000302955
0.000302955
0.000299758
0.000299758
0.00026885
0.00026885
0.000302057
0.000302057
0.000285684
0.000285684
0.000257751
0.000257751
0.000246848
0.000246848
0.000282089
0.000282089
0.000302935
0.000302935
0.000241591
0.000241591
0.000213159
0.000213159
0.00030223
0.00030223
0.000250292
0.000250292
4.1368e-05
4.1368e-05
0.000303378
0.000303378
0.00030309
0.00030309
0.000281798
0.000281798
0.000302095
0.000302095
0.000302445
0.000302445
0.000305698
0.000305698
0.000209812
0.000209812
0.000228119
0.000228119
0.000204494
0.000204494
0.000303398
0.000303398
0.000297799
0.000297799
0.000300745
0.000300745
0.0002319
0.0002319
0.000300582
0.000300582
4.95093e-05
4.95093e-05
0.000292249
0.000292249
0.000215207
0.000215207
0.000301429
0.000301429
0.000296775
0.000296775
1.34526e-05
1.34526e-05
1.34526e-05
0.000229411
0.000229411
0.000284241
0.000284241
0.000295112
0.000295112
0.00030269
0.00030269
0.0002232
0.0002232
0.00030139
0.00030139
0.000201262
0.000201262
0.000248761
0.000248761
2.01779e-05
2.01779e-05
2.01779e-05
0.000300152
0.000300152
0.000305179
0.000305179
0.000301677
0.000301677
0.000216304
0.000216304
0.000225155
0.000225155
0.000275499
0.000275499
0.00029438
0.00029438
0.000288626
0.000288626
0.000298778
0.000298778
0.000240868
0.000240868
0.000298912
0.000298912
0.000306684
0.000306684
0.000303607
0.000303607
0.000294613
0.000294613
0.000309079
0.000309079
0.000303761
0.000303761
0.000267178
0.000267178
0.00030576
0.00030576
0.000190403
0.000190403
0.000277034
0.000277034
0.000303833
0.000303833
0.000307726
0.000307726
0.000286493
0.000286493
0.000290168
0.000290168
0.000292607
0.000292607
0.000300604
0.000300604
0.000306996
0.000306996
0.000296632
0.000296632
0.000297946
0.000297946
0.000292949
0.000292949
0.000284556
0.000284556
0.000304074
0.000304074
0.000224351
0.000224351
0.000298315
0.000298315
0.000280129
0.000280129
0.000205781
0.000205781
0.000254782
0.000254782
0.000231747
0.000231747
0.000224423
0.000224423
0.000301686
0.000301686
1.88902e-05
1.88902e-05
1.88902e-05
0.000284252
0.000284252
0.000298083
0.000298083
0.000216998
0.000216998
0.000301035
0.000301035
0.000303315
0.000303315
0.000292597
0.000292597
0.000232723
0.000232723
0.000278918
0.000278918
0.00026959
0.00026959
0.000245091
0.000245091
0.000304542
0.000304542
0.000303362
0.000303362
0.000298538
0.000298538
0.000301998
0.000301998
0.000306303
0.000306303
0.000289689
0.000289689
0.000269342
0.000269342
0.000298874
0.000298874
0.000205255
0.000205255
0.000301174
0.000301174
0.000301225
0.000301225
0.000238558
0.000238558
0.000295185
0.000295185
0.000306768
0.000306768
0.000247162
0.000247162
0.000297017
0.000297017
0.000293055
0.000293055
0.000304988
0.000304988
0.000280146
0.000280146
0.000305872
0.000305872
0.000223252
0.000223252
0.000289842
0.000289842
0.000301646
0.000301646
0.000302193
0.000302193
0.000289356
0.000289356
0.000294704
0.000294704
0.000300081
0.000300081
0.000301151
0.000301151
0.000292272
0.000292272
0.000282552
0.000282552
0.000291693
0.000291693
0.000301395
0.000301395
0.000298237
0.000298237
0.000306208
0.000306208
0.000258916
0.000258916
0.000296766
0.000296766
0.000297856
0.000297856
0.000307348
0.000307348
0.000303755
0.000303755
0.000305779
0.000305779
0.000301678
0.000301678
0.000300542
0.000300542
0.000280797
0.000280797
0.000234029
0.000234029
0.000303984
0.000303984
0.000303194
0.000303194
0.000212983
0.000212983
0.000289686
0.000289686
0.000223862
0.000223862
0.00029847
0.00029847
0.000303344
0.000303344
0.000287803
0.000287803
0.000296104
0.000296104
0.000304305
0.000304305
0.000302428
0.000302428
0.0003061
0.0003061
0.000300566
0.000300566
0.000235365
0.000235365
0.000300669
0.000300669
0.000300581
0.000300581
0.000293405
0.000293405
0.000218772
0.000218772
0.000294343
0.000294343
0.000301949
0.000301949
0.000298709
0.000298709
0.000303137
0.000303137
0.00030557
0.00030557
0.000304589
0.000304589
0.000236141
0.000236141
0.00022214
0.00022214
0.000289403
0.000289403
0.000296202
0.000296202
0.000268806
0.000268806
0.000238549
0.000238549
0.000298828
0.000298828
0.000292904
0.000292904
0.000297134
0.000297134
0.000296305
0.000296305
0.000265526
0.000265526
0.00030036
0.00030036
0.000290446
0.000290446
0.00028058
0.00028058
0.000272224
0.000272224
0.000292812
0.000292812
0.000296001
0.000296001
0.000233789
0.000233789
0.000297583
0.000297583
0.000300158
0.000300158
0.000304908
0.000304908
0.000298434
0.000298434
0.000247696
0.000247696
0.000228037
0.000228037
0.000300784
0.000300784
0.000299722
0.000299722
0.000297218
0.000297218
0.000299933
0.000299933
0.000302089
0.000302089
0.000298466
0.000298466
0.000293765
0.000293765
0.000296814
0.000296814
0.000296817
0.000296817
0.00029657
0.00029657
0.000232219
0.000232219
0.000221713
0.000221713
0.00029498
0.00029498
0.000298668
0.000298668
0.000256684
0.000256684
0.000299927
0.000299927
0.00021826
0.00021826
0.000292043
0.000292043
0.000305482
0.000305482
0.000305976
0.000305976
0.000290827
0.000290827
0.000296981
0.000296981
0.000305173
0.000305173
0.000299213
0.000299213
0.000294839
0.000294839
0.000300043
0.000300043
0.000290455
0.000290455
0.000299879
0.000299879
0.000297635
0.000297635
0.000245848
0.000245848
0.000303637
0.000303637
0.000297525
0.000297525
0.000296593
0.000296593
0.000300991
0.000300991
0.00029161
0.00029161
0.000299948
0.000299948
0.000288841
0.000288841
0.000297839
0.000297839
0.000303201
0.000303201
0.000298178
0.000298178
0.000304746
0.000304746
0.000236617
0.000236617
0.000286091
0.000286091
0.000298558
0.000298558
5.61003e-05
5.61003e-05
0.000292187
0.000292187
0.000297387
0.000297387
0.000303862
0.000303862
0.000299776
0.000299776
0.000308864
0.000308864
0.000300248
0.000300248
0.000298617
0.000298617
0.000259753
0.000259753
0.000302986
0.000302986
0.000238798
0.000238798
0.000220412
0.000220412
0.000298171
0.000298171
0.000294387
0.000294387
0.000222921
0.000222921
0.00030251
0.00030251
0.000288771
0.000288771
0.000297141
0.000297141
0.000296113
0.000296113
0.000302476
0.000302476
0.000297887
0.000297887
0.00030605
0.00030605
0.000297418
0.000297418
0.000300665
0.000300665
0.000236017
0.000236017
0.000271151
0.000271151
0.00027569
0.00027569
0.000228872
0.000228872
0.000304097
0.000304097
0.000304712
0.000304712
0.0003006
0.0003006
0.000297402
0.000297402
0.000249205
0.000249205
0.000287827
0.000287827
0.00029858
0.00029858
0.000300675
0.000300675
0.000262018
0.000262018
0.000298494
0.000298494
0.000301172
0.000301172
0.000298669
0.000298669
0.00030852
0.00030852
0.000298435
0.000298435
0.000298363
0.000298363
0.000267487
0.000267487
0.000297845
0.000297845
0.000227331
0.000227331
0.000299119
0.000299119
0.000304284
0.000304284
0.000299385
0.000299385
0.000299455
0.000299455
0.000298084
0.000298084
0.000297628
0.000297628
0.000297892
0.000297892
0.000302392
0.000302392
0.000297995
0.000297995
0.000301161
0.000301161
0.000299312
0.000299312
0.000277649
0.000277649
0.00029806
0.00029806
0.000299365
0.000299365
0.000310106
0.000310106
0.000237129
0.000237129
0.000298705
0.000298705
0.000299347
0.000299347
0.000297972
0.000297972
0.000301177
0.000301177
0.000296891
0.000296891
0.000298538
0.000298538
0.000294888
0.000294888
0.000298631
0.000298631
0.000285276
0.000285276
0.000303821
0.000303821
0.000299262
0.000299262
0.000218236
0.000218236
0.000297939
0.000297939
0.000300929
0.000300929
0.000298053
0.000298053
0.000298261
0.000298261
0.000298197
0.000298197
0.000301894
0.000301894
0.000278354
0.000278354
0.000304539
0.000304539
0.000302181
0.000302181
0.00030375
0.00030375
0.000287308
0.000287308
0.000301312
0.000301312
0.00029677
0.00029677
0.000299066
0.000299066
0.000302874
0.000302874
0.000302679
0.000302679
0.000299899
0.000299899
0.000299543
0.000299543
0.000298365
0.000298365
0.000239418
0.000239418
0.000299154
0.000299154
0.000219345
0.000219345
0.000303149
0.000303149
0.000298831
0.000298831
0.000237186
0.000237186
0.000240414
0.000240414
0.000296991
0.000296991
0.000298687
0.000298687
0.000297703
0.000297703
0.000302182
0.000302182
0.00029906
0.00029906
0.000292809
0.000292809
0.000298276
0.000298276
0.000298305
0.000298305
0.000301058
0.000301058
0.000297482
0.000297482
0.000298916
0.000298916
0.000261955
0.000261955
0.00028988
0.00028988
0.000298974
0.000298974
0.00029894
0.00029894
0.000298542
0.000298542
0.000303288
0.000303288
0.000297983
0.000297983
0.000297777
0.000297777
0.000297482
0.000297482
0.000298849
0.000298849
0.00022081
0.00022081
0.000298328
0.000298328
0.000280538
0.000280538
0.000298853
0.000298853
0.000297459
0.000297459
0.000301988
0.000301988
0.000212118
0.000212118
0.000287939
0.000287939
0.00030012
0.00030012
0.000301172
0.000301172
0.00029919
0.00029919
0.000301076
0.000301076
3.58129e-05
3.58129e-05
1.63485e-05
1.63485e-05
1.63485e-05
0.000271104
0.000271104
0.000281855
0.000281855
0.000302853
0.000302853
0.000298779
0.000298779
0.000299119
0.000299119
0.000227116
0.000227116
0.000298258
0.000298258
0.000299465
0.000299465
0.00029842
0.00029842
0.000299086
0.000299086
0.000299035
0.000299035
0.000299814
0.000299814
0.000297098
0.000297098
0.000292219
0.000292219
0.000298729
0.000298729
0.000300465
0.000300465
4.33239e-05
4.33239e-05
0.000266376
0.000266376
5.13883e-05
5.13883e-05
0.000297894
0.000297894
0.000299189
0.000299189
0.000297749
0.000297749
0.000302722
0.000302722
0.000298284
0.000298284
0.000297523
0.000297523
0.000290627
0.000290627
0.000218363
0.000218363
0.000225913
0.000225913
0.000237326
0.000237326
0.000265344
0.000265344
0.000277595
0.000277595
0.000222495
0.000222495
0.000299849
0.000299849
0.000279838
0.000279838
0.000298676
0.000298676
0.000300426
0.000300426
0.000300057
0.000300057
0.000298104
0.000298104
0.000299121
0.000299121
0.000298328
0.000298328
0.000297802
0.000297802
0.000298578
0.000298578
0.000298488
0.000298488
0.000300294
0.000300294
0.000298473
0.000298473
0.000232014
0.000232014
0.000298396
0.000298396
0.000269006
0.000269006
0.000302145
0.000302145
0.000297658
0.000297658
0.000298194
0.000298194
0.000298726
0.000298726
0.000298369
0.000298369
0.000296774
0.000296774
0.000293901
0.000293901
0.000239893
0.000239893
0.000237431
0.000237431
0.000280845
0.000280845
0.000271489
0.000271489
0.000301144
0.000301144
0.000298558
0.000298558
0.000301677
0.000301677
0.000231927
0.000231927
0.000299012
0.000299012
0.000296252
0.000296252
0.000301845
0.000301845
0.000298329
0.000298329
0.000297655
0.000297655
0.000299354
0.000299354
0.000302253
0.000302253
0.000283457
0.000283457
0.000298461
0.000298461
0.00029646
0.00029646
0.000280645
0.000280645
0.000283632
0.000283632
0.000298
0.000298
0.000206909
0.000206909
0.000293478
0.000293478
0.000301367
0.000301367
0.000215798
0.000215798
0.000300075
0.000300075
0.000298318
0.000298318
0.000297528
0.000297528
0.000268529
0.000268529
0.000301873
0.000301873
0.000231866
0.000231866
4.85428e-05
4.85428e-05
0.000296564
0.000296564
0.000298813
0.000298813
0.000299245
0.000299245
0.000296131
0.000296131
0.000297754
0.000297754
0.000296222
0.000296222
0.000295434
0.000295434
0.000238927
0.000238927
0.000301195
0.000301195
0.00029686
0.00029686
0.000298549
0.000298549
0.000301682
0.000301682
0.000297337
0.000297337
0.000298866
0.000298866
0.000298272
0.000298272
0.000298739
0.000298739
0.000300421
0.000300421
0.000292301
0.000292301
0.000296589
0.000296589
0.000297883
0.000297883
0.000297419
0.000297419
0.000297815
0.000297815
0.000290696
0.000290696
0.000298863
0.000298863
0.000299021
0.000299021
1.77029e-05
1.77029e-05
1.77029e-05
0.000267148
0.000267148
5.48991e-05
5.48991e-05
0.000297987
0.000297987
0.00029761
0.00029761
0.000175276
0.000175276
0.000295281
0.000295281
0.000297941
0.000297941
0.00029706
0.00029706
0.00029941
0.00029941
0.000295713
0.000295713
0.000248459
0.000248459
0.000298199
0.000298199
0.000297837
0.000297837
0.000291619
0.000291619
0.000300211
0.000300211
0.000297955
0.000297955
0.000294664
0.000294664
0.00029653
0.00029653
0.000288924
0.000288924
0.000271729
0.000271729
0.000298786
0.000298786
0.000301022
0.000301022
0.000297897
0.000297897
0.00027643
0.00027643
0.000294966
0.000294966
0.00029792
0.00029792
0.00029126
0.00029126
0.000297395
0.000297395
0.000297955
0.000297955
0.000298375
0.000298375
0.000298144
0.000298144
0.000295901
0.000295901
0.000294195
0.000294195
0.000241111
0.000241111
0.000296413
0.000296413
0.000258284
0.000258284
0.000290908
0.000290908
0.000296146
0.000296146
4.60327e-05
4.60327e-05
0.000298001
0.000298001
0.000204223
0.000204223
0.000295966
0.000295966
0.000299176
0.000299176
0.000272971
0.000272971
0.000297053
0.000297053
0.000297044
0.000297044
0.00029788
0.00029788
0.00026338
0.00026338
0.000298148
0.000298148
0.000298487
0.000298487
0.000296234
0.000296234
0.000290738
0.000290738
5.39922e-05
5.39922e-05
0.000300115
0.000300115
0.000301179
0.000301179
0.000301263
0.000301263
0.000300939
0.000300939
0.000299537
0.000299537
0.000294189
0.000294189
0.000300464
0.000300464
0.000297869
0.000297869
0.000261365
0.000261365
0.000295923
0.000295923
0.000269998
0.000269998
0.00029719
0.00029719
0.000296689
0.000296689
0.000300888
0.000300888
0.00029506
0.00029506
0.000297387
0.000297387
0.000300742
0.000300742
0.000297368
0.000297368
0.000202492
0.000202492
0.000300706
0.000300706
1.79391e-05
1.79391e-05
1.79391e-05
0.000276511
0.000276511
0.000297846
0.000297846
0.000295814
0.000295814
0.000297031
0.000297031
0.000295798
0.000295798
0.000275405
0.000275405
0.000262409
0.000262409
0.000300268
0.000300268
0.000295984
0.000295984
0.000223959
0.000223959
0.000298105
0.000298105
0.000297713
0.000297713
0.000289193
0.000289193
0.000267534
0.000267534
0.000279914
0.000279914
0.000297494
0.000297494
0.000295599
0.000295599
0.000299332
0.000299332
0.000296687
0.000296687
0.00029271
0.00029271
0.00029753
0.00029753
0.000277743
0.000277743
0.000298339
0.000298339
0.000293076
0.000293076
0.000297443
0.000297443
0.000297801
0.000297801
0.000276436
0.000276436
3.23412e-05
3.23412e-05
0.000297023
0.000297023
0.000290341
0.000290341
5.79688e-05
5.79688e-05
0.000297476
0.000297476
0.00029532
0.00029532
0.000297497
0.000297497
0.000296706
0.000296706
0.000299621
0.000299621
0.000291337
0.000291337
0.000296349
0.000296349
2.62378e-05
2.62378e-05
2.62378e-05
0.000293331
0.000293331
0.000298153
0.000298153
2.83432e-05
2.83432e-05
2.83432e-05
0.000293468
0.000293468
1.629e-05
1.629e-05
1.629e-05
0.000296768
0.000296768
0.000298538
0.000298538
0.000230397
0.000230397
0.000289103
0.000289103
0.00029349
0.00029349
0.000288919
0.000288919
0.000287561
0.000287561
0.000297494
0.000297494
0.000300285
0.000300285
0.000295648
0.000295648
0.00029679
0.00029679
0.000289983
0.000289983
0.000275152
0.000275152
0.000293534
0.000293534
0.000267324
0.000267324
0.000296685
0.000296685
0.000300233
0.000300233
0.000199192
0.000199192
0.000296759
0.000296759
0.000296967
0.000296967
0.000297895
0.000297895
0.000239163
0.000239163
0.000299415
0.000299415
0.000296972
0.000296972
0.000290697
0.000290697
0.000293485
0.000293485
0.000296348
0.000296348
0.000297604
0.000297604
0.000294964
0.000294964
0.000213372
0.000213372
0.000202301
0.000202301
0.000291435
0.000291435
0.000283369
0.000283369
0.000297453
0.000297453
0.00028715
0.00028715
0.000293347
0.000293347
0.00029179
0.00029179
0.000271176
0.000271176
0.00029073
0.00029073
0.000297981
0.000297981
0.000297953
0.000297953
0.000296445
0.000296445
0.000296037
0.000296037
0.000293717
0.000293717
0.000289645
0.000289645
0.000298191
0.000298191
0.000292002
0.000292002
0.00028287
0.00028287
0.00029963
0.00029963
0.000265685
0.000265685
0.000300068
0.000300068
0.000215403
0.000215403
0.000293113
0.000293113
0.000294454
0.000294454
0.000298634
0.000298634
0.000297144
0.000297144
0.00029982
0.00029982
0.000297393
0.000297393
0.000297121
0.000297121
0.00029709
0.00029709
0.000292073
0.000292073
0.000295295
0.000295295
0.000300273
0.000300273
0.000299363
0.000299363
0.000300342
0.000300342
2.62656e-05
2.62656e-05
0.000271606
0.000271606
0.000272546
0.000272546
0.000297145
0.000297145
0.000292019
0.000292019
0.000297297
0.000297297
0.000306112
0.000306112
0.000234237
0.000234237
0.000221447
0.000221447
0.000288996
0.000288996
0.000296158
0.000296158
0.000297752
0.000297752
0.000268307
0.000268307
0.000275085
0.000275085
0.000291846
0.000291846
0.000265896
0.000265896
0.00023025
0.00023025
0.000294585
0.000294585
0.000289707
0.000289707
0.000299427
0.000299427
0.000297277
0.000297277
0.000297471
0.000297471
0.000298348
0.000298348
0.000296027
0.000296027
0.000287901
0.000287901
0.000296452
0.000296452
0.000296369
0.000296369
0.000297107
0.000297107
0.000291552
0.000291552
0.000299993
0.000299993
0.000295118
0.000295118
0.000292785
0.000292785
0.000307607
0.000307607
0.000284664
0.000284664
0.000295748
0.000295748
0.000299851
0.000299851
0.000297169
0.000297169
0.000285377
0.000285377
0.000296635
0.000296635
0.000288003
0.000288003
0.000285864
0.000285864
0.000197256
0.000197256
0.000295021
0.000295021
0.000269344
0.000269344
0.000299548
0.000299548
0.000294965
0.000294965
0.000285299
0.000285299
0.000285974
0.000285974
0.000298658
0.000298658
0.000288448
0.000288448
0.000291148
0.000291148
0.000286247
0.000286247
0.000296639
0.000296639
0.000296982
0.000296982
5.76077e-05
5.76077e-05
0.000296996
0.000296996
0.00028648
0.00028648
0.000294245
0.000294245
7.08251e-05
7.08251e-05
0.000296799
0.000296799
0.000286573
0.000286573
0.000205869
0.000205869
0.000287926
0.000287926
0.000284862
0.000284862
0.000269022
0.000269022
0.00029675
0.00029675
0.000298369
0.000298369
0.000296367
0.000296367
0.000286521
0.000286521
0.000296854
0.000296854
6.38375e-05
6.38375e-05
6.55541e-05
6.55541e-05
0.000292356
0.000292356
0.000296765
0.000296765
0.000299349
0.000299349
0.000307902
0.000307902
0.000296856
0.000296856
0.00029194
0.00029194
0.00028235
0.00028235
0.000286315
0.000286315
0.000282656
0.000282656
5.86119e-05
5.86119e-05
0.000295728
0.000295728
0.000241784
0.000241784
0.000281794
0.000281794
0.000296094
0.000296094
0.000296898
0.000296898
0.000295477
0.000295477
0.000292523
0.000292523
0.000296717
0.000296717
1.4925e-05
1.4925e-05
1.4925e-05
1.67486e-05
1.67486e-05
1.67486e-05
0.000289573
0.000289573
0.000292068
0.000292068
0.000290652
0.000290652
0.000299231
0.000299231
0.000282778
0.000282778
0.000294655
0.000294655
0.000296168
0.000296168
0.000286432
0.000286432
0.000297017
0.000297017
0.000298996
0.000298996
0.000296839
0.000296839
0.000246511
0.000246511
0.000296664
0.000296664
0.000283025
0.000283025
5.54737e-05
5.54737e-05
0.000265753
0.000265753
0.000296374
0.000296374
0.000296491
0.000296491
0.000298597
0.000298597
0.000283086
0.000283086
0.000281794
0.000281794
0.000293928
0.000293928
0.000295569
0.000295569
0.000287501
0.000287501
0.000273438
0.000273438
0.000282957
0.000282957
0.000296465
0.000296465
2.07822e-05
2.07822e-05
2.07822e-05
0.000266413
0.000266413
0.000280504
0.000280504
0.000285962
0.000285962
5.76562e-05
5.76562e-05
0.000291925
0.000291925
0.000282635
0.000282635
5.02116e-05
5.02116e-05
4.30272e-05
4.30272e-05
0.000296537
0.000296537
0.000284237
0.000284237
0.000298296
0.000298296
0.000296162
0.000296162
0.000299159
0.000299159
0.000299441
0.000299441
0.00029258
0.00029258
0.000296235
0.000296235
0.000230309
0.000230309
0.00029645
0.00029645
0.000296354
0.000296354
2.32895e-05
2.32895e-05
2.32895e-05
5.81442e-05
5.81442e-05
0.000290162
0.000290162
4.12018e-05
4.12018e-05
0.000283988
0.000283988
0.000296425
0.000296425
0.000265862
0.000265862
0.000282139
0.000282139
0.000299364
0.000299364
0.000280875
0.000280875
0.000278141
0.000278141
0.000286363
0.000286363
0.000289767
0.000289767
0.000296408
0.000296408
0.000296346
0.000296346
0.000199616
0.000199616
0.000307207
0.000307207
0.000296275
0.000296275
0.000296059
0.000296059
0.000276802
0.000276802
0.000296933
0.000296933
0.000279005
0.000279005
0.000296078
0.000296078
0.000268793
0.000268793
5.71746e-05
5.71746e-05
0.000285447
0.000285447
0.000295461
0.000295461
0.00029433
0.00029433
5.8397e-05
5.8397e-05
0.000269494
0.000269494
0.00029522
0.00029522
0.000194946
0.000194946
4.59196e-05
4.59196e-05
0.000293509
0.000293509
0.000213442
0.000213442
0.000293642
0.000293642
0.000270029
0.000270029
0.000278497
0.000278497
0.000295805
0.000295805
0.000298435
0.000298435
0.000296217
0.000296217
0.000268024
0.000268024
0.000295958
0.000295958
0.00027039
0.00027039
0.000291529
0.000291529
0.000218308
0.000218308
0.000261621
0.000261621
0.000293412
0.000293412
0.000270557
0.000270557
0.000298843
0.000298843
0.000289161
0.000289161
0.000296366
0.000296366
0.000191492
0.000191492
0.000225199
0.000225199
0.000293384
0.000293384
0.000281496
0.000281496
0.000296304
0.000296304
1.85508e-05
1.85508e-05
1.85508e-05
1.7374e-05
1.7374e-05
1.7374e-05
0.000295847
0.000295847
0.000289726
0.000289726
0.000270511
0.000270511
0.000230467
0.000230467
0.000298121
0.000298121
0.00028929
0.00028929
0.000274876
0.000274876
0.000242065
0.000242065
5.83206e-05
5.83206e-05
0.000295119
0.000295119
0.000284791
0.000284791
0.00029592
0.00029592
0.000298136
0.000298136
0.000292154
0.000292154
0.000291905
0.000291905
0.00029216
0.00029216
0.000267674
0.000267674
0.000295524
0.000295524
0.000260473
0.000260473
0.000299032
0.000299032
0.000293895
0.000293895
0.000295669
0.000295669
0.000271334
0.000271334
0.000264212
0.000264212
0.000296741
0.000296741
0.000270249
0.000270249
0.000296021
0.000296021
0.00026114
0.00026114
2.50313e-05
2.50313e-05
2.50313e-05
0.000296072
0.000296072
0.000261591
0.000261591
0.000292609
0.000292609
0.000261804
0.000261804
0.000293687
0.000293687
4.74894e-05
4.74894e-05
0.000287781
0.000287781
0.000209267
0.000209267
6.43025e-05
6.43025e-05
0.000295895
0.000295895
0.00029382
0.00029382
0.000261766
0.000261766
2.29109e-05
2.29109e-05
2.29109e-05
0.000211523
0.000211523
0.000280726
0.000280726
0.000274746
0.000274746
0.000263075
0.000263075
0.000261481
0.000261481
0.000259766
0.000259766
0.000298324
0.000298324
0.000294021
0.000294021
0.000284223
0.000284223
0.000281066
0.000281066
0.000261465
0.000261465
0.000264832
0.000264832
0.000291096
0.000291096
0.000296136
0.000296136
0.000293349
0.000293349
0.000264413
0.000264413
0.000283004
0.000283004
0.000267826
0.000267826
0.000293506
0.000293506
0.000285366
0.000285366
5.67346e-05
5.67346e-05
0.000292596
0.000292596
5.71641e-05
5.71641e-05
0.000294977
0.000294977
0.000293114
0.000293114
0.000295372
0.000295372
0.000289346
0.000289346
0.000286537
0.000286537
0.000260977
0.000260977
0.000292459
0.000292459
0.000212091
0.000212091
0.000295227
0.000295227
0.000271786
0.000271786
0.000285427
0.000285427
0.000291857
0.000291857
0.000295639
0.000295639
0.000269762
0.000269762
3.12986e-05
3.12986e-05
3.12986e-05
0.000295208
0.000295208
0.000284213
0.000284213
0.00021033
0.00021033
0.000298142
0.000298142
0.000286537
0.000286537
0.00025846
0.00025846
0.000292266
0.000292266
2.76914e-05
2.76914e-05
2.76914e-05
0.000259426
0.000259426
0.000285061
0.000285061
0.000309179
0.000309179
2.45716e-05
2.45716e-05
2.45716e-05
0.000280048
0.000280048
0.000280077
0.000280077
0.000294566
0.000294566
0.000309192
0.000309192
0.000259281
0.000259281
0.000283636
0.000283636
0.000294918
0.000294918
4.44353e-05
4.44353e-05
0.000282518
0.000282518
0.000286536
0.000286536
0.000283585
0.000283585
0.000260288
0.000260288
0.000295664
0.000295664
2.72848e-05
2.72848e-05
2.72848e-05
0.000282152
0.000282152
0.000295596
0.000295596
0.000253181
0.000253181
0.000293285
0.000293285
0.000297815
0.000297815
0.000254928
0.000254928
0.000295553
0.000295553
0.000295583
0.000295583
0.000283274
0.000283274
0.000288216
0.000288216
0.000284134
0.000284134
0.000296431
0.000296431
2.29832e-05
2.29832e-05
2.29832e-05
2.41942e-05
2.41942e-05
2.41942e-05
0.000225212
0.000225212
0.000256388
0.000256388
0.000269608
0.000269608
2.24105e-05
2.24105e-05
2.24105e-05
0.000295061
0.000295061
0.00028353
0.00028353
4.98947e-05
4.98947e-05
0.000292027
0.000292027
0.000268857
0.000268857
0.000282381
0.000282381
0.000298408
0.000298408
4.89125e-05
4.89125e-05
2.46073e-05
2.46073e-05
2.46073e-05
0.000269269
0.000269269
0.000284507
0.000284507
5.4741e-05
5.4741e-05
2.14092e-05
2.14092e-05
2.14092e-05
2.06548e-05
2.06548e-05
2.06548e-05
0.00026816
0.00026816
0.000215188
0.000215188
0.000262016
0.000262016
0.000261318
0.000261318
0.000290664
0.000290664
0.000292712
0.000292712
0.000293057
0.000293057
0.000286478
0.000286478
0.000291379
0.000291379
0.000294599
0.000294599
2.29413e-05
2.29413e-05
2.29413e-05
0.000295178
0.000295178
2.29647e-05
2.29647e-05
2.29647e-05
2.45374e-05
2.45374e-05
2.45374e-05
0.000295786
0.000295786
0.000281778
0.000281778
0.000205958
0.000205958
2.48335e-05
2.48335e-05
2.48335e-05
0.000293714
0.000293714
0.000251005
0.000251005
0.000288957
0.000288957
5.45055e-05
5.45055e-05
0.000255774
0.000255774
5.49258e-05
5.49258e-05
0.000293035
0.000293035
5.62821e-05
5.62821e-05
0.000215054
0.000215054
0.000195531
0.000195531
5.53454e-05
5.53454e-05
0.000297677
0.000297677
5.28533e-05
5.28533e-05
0.000283417
0.000283417
0.000283568
0.000283568
4.65893e-05
4.65893e-05
5.57409e-05
5.57409e-05
0.000269508
0.000269508
5.61319e-05
5.61319e-05
0.000284798
0.000284798
4.98366e-05
4.98366e-05
5.65253e-05
5.65253e-05
0.00025926
0.00025926
0.000200687
0.000200687
0.000262317
0.000262317
0.000263894
0.000263894
3.72341e-05
3.72341e-05
3.72341e-05
2.48222e-05
2.48222e-05
2.48222e-05
5.69268e-05
5.69268e-05
0.000294917
0.000294917
0.000276028
0.000276028
0.000291749
0.000291749
0.000294691
0.000294691
0.000267919
0.000267919
0.000279536
0.000279536
0.000266778
0.000266778
0.000292761
0.000292761
0.000287213
0.000287213
0.000294708
0.000294708
5.45283e-05
5.45283e-05
0.000267636
0.000267636
0.000190844
0.000190844
0.000286354
0.000286354
0.000288292
0.000288292
0.000295123
0.000295123
0.000276887
0.000276887
0.0001928
0.0001928
2.18667e-05
2.18667e-05
2.18667e-05
0.000204345
0.000204345
5.73408e-05
5.73408e-05
0.000298271
0.000298271
0.000297054
0.000297054
0.000294251
0.000294251
0.000267966
0.000267966
0.000283231
0.000283231
0.000247918
0.000247918
0.000269658
0.000269658
0.000291444
0.000291444
2.43074e-05
2.43074e-05
2.43074e-05
0.000285213
0.000285213
0.000283826
0.000283826
0.000248601
0.000248601
5.3045e-05
5.3045e-05
0.000266316
0.000266316
0.000262285
0.000262285
0.000265772
0.000265772
0.000280966
0.000280966
0.000292461
0.000292461
5.39622e-05
5.39622e-05
0.00029439
0.00029439
0.000290239
0.000290239
5.35983e-05
5.35983e-05
0.000286175
0.000286175
0.000297327
0.000297327
5.12071e-05
5.12071e-05
0.000261191
0.000261191
0.000293643
0.000293643
0.00029077
0.00029077
5.77547e-05
5.77547e-05
0.000260798
0.000260798
0.000293372
0.000293372
0.000288564
0.000288564
5.33319e-05
5.33319e-05
0.00029421
0.00029421
0.000258199
0.000258199
0.000261344
0.000261344
0.000291112
0.000291112
2.347e-05
2.347e-05
2.347e-05
0.000294262
0.000294262
0.000258723
0.000258723
0.000292713
0.000292713
0.000295961
0.000295961
0.000293804
0.000293804
0.000259687
0.000259687
0.000206193
0.000206193
0.000292182
0.000292182
0.000195862
0.000195862
0.000295278
0.000295278
0.00024249
0.00024249
0.00028298
0.00028298
2.66895e-05
2.66895e-05
2.66895e-05
5.68111e-05
5.68111e-05
5.5003e-05
5.5003e-05
2.32344e-05
2.32344e-05
2.32344e-05
0.000282926
0.000282926
5.17221e-05
5.17221e-05
0.000293277
0.000293277
0.000269709
0.000269709
0.000195542
0.000195542
5.57606e-05
5.57606e-05
2.12857e-05
2.12857e-05
2.12857e-05
0.000267627
0.000267627
0.000292106
0.000292106
0.000294462
0.000294462
0.000297136
0.000297136
0.000204306
0.000204306
0.000284976
0.000284976
0.00028767
0.00028767
5.3054e-05
5.3054e-05
0.000285949
0.000285949
0.000256744
0.000256744
0.000291595
0.000291595
0.000292799
0.000292799
0.000262125
0.000262125
0.000293046
0.000293046
0.000279002
0.000279002
0.000262552
0.000262552
0.000268728
0.000268728
5.77605e-05
5.77605e-05
0.000290741
0.000290741
0.000292209
0.000292209
0.000270517
0.000270517
0.000289792
0.000289792
0.000189911
0.000189911
2.08598e-05
2.08598e-05
2.08598e-05
0.000264739
0.000264739
4.57404e-05
4.57404e-05
2.09709e-05
2.09709e-05
2.09709e-05
0.000285678
0.000285678
2.10196e-05
2.10196e-05
2.10196e-05
0.000290263
0.000290263
0.000283038
0.000283038
2.09685e-05
2.09685e-05
2.09685e-05
0.000282676
0.000282676
5.52103e-05
5.52103e-05
2.08033e-05
2.08033e-05
2.08033e-05
0.00029064
0.00029064
0.000271139
0.000271139
5.26863e-05
5.26863e-05
2.0504e-05
2.0504e-05
2.0504e-05
2.00522e-05
2.00522e-05
2.00522e-05
0.000288119
0.000288119
0.000288983
0.000288983
0.000289474
0.000289474
0.000280049
0.000280049
0.00026694
0.00026694
0.000291432
0.000291432
0.00025843
0.00025843
0.000228574
0.000228574
2.32938e-05
2.32938e-05
2.32938e-05
2.25568e-05
2.25568e-05
2.25568e-05
1.9438e-05
1.9438e-05
1.9438e-05
0.000282315
0.000282315
0.000269678
0.000269678
0.000285338
0.000285338
5.38955e-05
5.38955e-05
0.00029118
0.00029118
5.01023e-05
5.01023e-05
5.57206e-05
5.57206e-05
0.000289136
0.000289136
0.000284838
0.000284838
5.46532e-05
5.46532e-05
5.18596e-05
5.18596e-05
0.00026661
0.00026661
0.000185526
0.000185526
1.86674e-05
1.86674e-05
1.86674e-05
5.34358e-05
5.34358e-05
0.000282325
0.000282325
2.06476e-05
2.06476e-05
2.06476e-05
0.000264144
0.000264144
0.000288545
0.000288545
0.00028391
0.00028391
0.000283729
0.000283729
0.000287504
0.000287504
2.08347e-05
2.08347e-05
2.08347e-05
2.04813e-05
2.04813e-05
2.04813e-05
0.000261865
0.000261865
0.000281922
0.000281922
2.01632e-05
2.01632e-05
2.01632e-05
0.000289986
0.000289986
5.70187e-05
5.70187e-05
0.000287847
0.000287847
0.000257406
0.000257406
2.55844e-05
2.55844e-05
2.55844e-05
1.93654e-05
1.93654e-05
1.93654e-05
2.15748e-05
2.15748e-05
2.15748e-05
5.53654e-05
5.53654e-05
0.000265334
0.000265334
0.000263102
0.000263102
0.000291465
0.000291465
0.000280609
0.000280609
0.000281411
0.000281411
0.000296579
0.000296579
0.00026381
0.00026381
0.000281713
0.000281713
0.000295261
0.000295261
0.000287733
0.000287733
1.98054e-05
1.98054e-05
1.98054e-05
0.000294209
0.000294209
0.000270375
0.000270375
0.000278466
0.000278466
4.73124e-05
4.73124e-05
0.000291975
0.000291975
1.77551e-05
1.77551e-05
1.77551e-05
0.000294543
0.000294543
0.00022914
0.00022914
2.28601e-05
2.28601e-05
2.28601e-05
4.47383e-05
4.47383e-05
0.000285957
0.000285957
0.000286399
0.000286399
0.000281894
0.000281894
0.000268778
0.000268778
2.15598e-05
2.15598e-05
2.15598e-05
0.000269169
0.000269169
2.44007e-05
2.44007e-05
2.44007e-05
5.49767e-05
5.49767e-05
5.23079e-05
5.23079e-05
0.000279037
0.000279037
0.000290467
0.000290467
0.000282057
0.000282057
0.000280965
0.000280965
0.000292466
0.000292466
0.000268014
0.000268014
5.31642e-05
5.31642e-05
0.000277894
0.000277894
1.94489e-05
1.94489e-05
1.94489e-05
2.08456e-05
2.08456e-05
2.08456e-05
0.000260933
0.000260933
1.93428e-05
1.93428e-05
1.93428e-05
0.000269577
0.000269577
5.6178e-05
5.6178e-05
0.000284208
0.000284208
0.000295388
0.000295388
0.00026599
0.00026599
0.000278963
0.000278963
0.000269412
0.000269412
0.000263695
0.000263695
0.000180644
0.000180644
0.000293464
0.000293464
1.74651e-05
1.74651e-05
1.74651e-05
1.86741e-05
1.86741e-05
1.86741e-05
0.000283795
0.000283795
2.16841e-05
2.16841e-05
2.16841e-05
1.98723e-05
1.98723e-05
1.98723e-05
0.000289039
0.000289039
0.000259383
0.000259383
0.00026014
0.00026014
2.30102e-05
2.30102e-05
2.30102e-05
0.000279551
0.000279551
2.13958e-05
2.13958e-05
2.13958e-05
5.54876e-05
5.54876e-05
0.000288928
0.000288928
0.000295244
0.000295244
2.2375e-05
2.2375e-05
2.2375e-05
5.65643e-05
5.65643e-05
0.000277146
0.000277146
2.19619e-05
2.19619e-05
2.19619e-05
0.000296899
0.000296899
0.000266305
0.000266305
2.21283e-05
2.21283e-05
2.21283e-05
0.000277364
0.000277364
0.000257176
0.000257176
0.000275598
0.000275598
5.53441e-05
5.53441e-05
0.000265131
0.000265131
0.00029181
0.00029181
1.49323e-05
1.49323e-05
1.49323e-05
1.72483e-05
1.72483e-05
1.72483e-05
0.000287456
0.000287456
0.000177668
0.000177668
0.000261528
0.000261528
0.000286884
0.000286884
0.000280898
0.000280898
0.000288884
0.000288884
0.000258026
0.000258026
0.000260678
0.000260678
2.14786e-05
2.14786e-05
2.14786e-05
0.000282415
0.000282415
0.000280751
0.000280751
0.000275989
0.000275989
0.0002888
0.0002888
0.000276183
0.000276183
0.000261807
0.000261807
4.7952e-05
4.7952e-05
2.27348e-05
2.27348e-05
2.27348e-05
0.000262358
0.000262358
0.000292434
0.000292434
0.000267721
0.000267721
0.000248433
0.000248433
0.000193537
0.000193537
5.59062e-05
5.59062e-05
2.11742e-05
2.11742e-05
2.11742e-05
0.000278953
0.000278953
0.000262503
0.000262503
5.59793e-05
5.59793e-05
0.000285335
0.000285335
5.60851e-05
5.60851e-05
1.79589e-05
1.79589e-05
1.79589e-05
0.000255157
0.000255157
0.000268039
0.000268039
0.00027348
0.00027348
0.000264329
0.000264329
2.23995e-05
2.23995e-05
2.23995e-05
2.24231e-05
2.24231e-05
2.24231e-05
0.00025665
0.00025665
5.65692e-05
5.65692e-05
5.58054e-05
5.58054e-05
5.59469e-05
5.59469e-05
0.000253475
0.000253475
0.000251818
0.000251818
0.00026747
0.00026747
0.000276388
0.000276388
0.000263499
0.000263499
4.33191e-05
4.33191e-05
2.1025e-05
2.1025e-05
2.1025e-05
0.000277571
0.000277571
0.000248782
0.000248782
0.000275345
0.000275345
5.29852e-05
5.29852e-05
2.13254e-05
2.13254e-05
2.13254e-05
0.000275699
0.000275699
0.000283109
0.000283109
0.00026113
0.00026113
0.000275647
0.000275647
0.00025522
0.00025522
0.000261982
0.000261982
0.000281975
0.000281975
5.55975e-05
5.55975e-05
2.21674e-05
2.21674e-05
2.21674e-05
0.000262162
0.000262162
5.3929e-05
5.3929e-05
0.000255935
0.000255935
1.9465e-05
1.9465e-05
1.9465e-05
0.000257319
0.000257319
1.98709e-05
1.98709e-05
1.98709e-05
5.55967e-05
5.55967e-05
2.09055e-05
2.09055e-05
2.09055e-05
0.00027236
0.00027236
2.20584e-05
2.20584e-05
2.20584e-05
0.000273119
0.000273119
5.61173e-05
5.61173e-05
0.000259157
0.000259157
0.000255816
0.000255816
1.90173e-05
1.90173e-05
1.90173e-05
5.43885e-05
5.43885e-05
0.000251883
0.000251883
5.48219e-05
5.48219e-05
5.44356e-05
5.44356e-05
1.82422e-05
1.82422e-05
1.82422e-05
0.000260982
0.000260982
1.87657e-05
1.87657e-05
1.87657e-05
0.000258942
0.000258942
1.8471e-05
1.8471e-05
1.8471e-05
0.00023452
0.00023452
0.000269348
0.000269348
0.000248536
0.000248536
2.15991e-05
2.15991e-05
2.15991e-05
2.09947e-05
2.09947e-05
2.09947e-05
5.28246e-05
5.28246e-05
5.26268e-05
5.26268e-05
5.57013e-05
5.57013e-05
5.4907e-05
5.4907e-05
2.02482e-05
2.02482e-05
2.02482e-05
1.7666e-05
1.7666e-05
1.7666e-05
0.000250702
0.000250702
0.000256141
0.000256141
0.000264901
0.000264901
0.000254335
0.000254335
2.05594e-05
2.05594e-05
2.05594e-05
1.61336e-05
1.61336e-05
1.61336e-05
5.06819e-05
5.06819e-05
0.000233718
0.000233718
0.000252065
0.000252065
0.000245245
0.000245245
0.000253195
0.000253195
0.00025416
0.00025416
0.000263066
0.000263066
0.000251009
0.000251009
1.86663e-05
1.86663e-05
1.86663e-05
5.22559e-05
5.22559e-05
0.000245935
0.000245935
2.13943e-05
2.13943e-05
2.13943e-05
5.05327e-05
5.05327e-05
1.79113e-05
1.79113e-05
1.79113e-05
4.8839e-05
4.8839e-05
0.000231497
0.000231497
0.00023918
0.00023918
1.8598e-05
1.8598e-05
1.8598e-05
3.56384e-05
3.56384e-05
1.16686e-05
1.16686e-05
1.16686e-05
1.16686e-05
1.60271e-05
1.60271e-05
1.60271e-05
1.60271e-05
4.10844e-05
4.10844e-05
1.91513e-05
1.91513e-05
1.91513e-05
1.79969e-05
1.79969e-05
1.79969e-05
5.41743e-05
5.41743e-05
2.0595e-05
2.0595e-05
2.0595e-05
5.42959e-05
5.42959e-05
1.81513e-05
1.81513e-05
1.81513e-05
1.82659e-05
1.82659e-05
1.82659e-05
5.38705e-05
5.38705e-05
1.77208e-05
1.77208e-05
1.77208e-05
1.81878e-05
1.81878e-05
1.81878e-05
5.53677e-05
5.53677e-05
5.19525e-05
5.19525e-05
1.9893e-05
1.9893e-05
1.9893e-05
2.11767e-05
2.11767e-05
2.11767e-05
1.91422e-05
1.91422e-05
1.91422e-05
5.13915e-05
5.13915e-05
2.03966e-05
2.03966e-05
2.03966e-05
5.23484e-05
5.23484e-05
1.5372e-05
1.5372e-05
1.5372e-05
1.12843e-05
1.12843e-05
1.12843e-05
1.15851e-05
1.15851e-05
1.15851e-05
4.96133e-05
4.96133e-05
1.59819e-05
1.59819e-05
1.59819e-05
1.71919e-05
1.71919e-05
1.71919e-05
5.28847e-05
5.28847e-05
2.07469e-05
2.07469e-05
2.07469e-05
0.000228667
0.000228667
0.000309141
0.000309141
0.000245129
0.000245129
0.000252
0.000252
0.000249108
0.000249108
5.34497e-05
5.34497e-05
1.6769e-05
1.6769e-05
1.6769e-05
0.00022519
0.00022519
0.000221953
0.000221953
0.000220549
0.000220549
1.14472e-05
1.14472e-05
1.14472e-05
0.000232035
0.000232035
0.000292243
0.000292243
0.000265704
0.000265704
0.000229945
0.000229945
4.9876e-05
4.9876e-05
4.35408e-05
4.35408e-05
0.00030985
0.00030985
0.000224709
0.000224709
2.47215e-05
2.47215e-05
2.47215e-05
1.22408e-05
1.22408e-05
1.22408e-05
2.52248e-05
2.52248e-05
2.52248e-05
0.000294582
0.000294582
0.000169137
0.000169137
0.000228285
0.000228285
0.00028377
0.00028377
2.63746e-05
2.63746e-05
2.63746e-05
0.000274338
0.000274338
0.00019556
0.00019556
0.000228846
0.000228846
1.04538e-05
1.04538e-05
1.04538e-05
1.05123e-05
1.05123e-05
1.05123e-05
2.54579e-05
2.54579e-05
2.54579e-05
2.28441e-05
2.28441e-05
2.28441e-05
2.85944e-05
2.85944e-05
2.85944e-05
2.23829e-05
2.23829e-05
2.23829e-05
2.45692e-05
2.45692e-05
2.45692e-05
2.35979e-05
2.35979e-05
2.35979e-05
0.000226279
0.000226279
5.00476e-05
5.00476e-05
0.000221099
0.000221099
2.17005e-05
2.17005e-05
2.17005e-05
1.96881e-05
1.96881e-05
1.96881e-05
2.08226e-05
2.08226e-05
2.08226e-05
5.14721e-05
5.14721e-05
0.000202898
0.000202898
0.000296446
0.000296446
2.38424e-05
2.38424e-05
2.38424e-05
1.53267e-05
1.53267e-05
1.53267e-05
1.60161e-05
1.60161e-05
1.60161e-05
0.000224686
0.000224686
0.000227593
0.000227593
4.04037e-05
4.04037e-05
0.000206885
0.000206885
0.000309569
0.000309569
0.000187361
0.000187361
0.000168754
0.000168754
4.43525e-05
4.43525e-05
2.16291e-05
2.16291e-05
2.16291e-05
6.0389e-05
6.0389e-05
4.32141e-05
4.32141e-05
6.2563e-05
6.2563e-05
4.5945e-05
4.5945e-05
4.28132e-05
4.28132e-05
4.43065e-05
4.43065e-05
1.57505e-05
1.57505e-05
1.57505e-05
1.52292e-05
1.52292e-05
1.52292e-05
0.000221848
0.000221848
0.000206501
0.000206501
0.000179681
0.000179681
0.000309526
0.000309526
2.60574e-05
2.60574e-05
4.14108e-05
4.14108e-05
4.42933e-05
4.42933e-05
0.000184063
0.000184063
0.000190391
0.000190391
4.47175e-05
4.47175e-05
0.000260685
0.000260685
0.000190974
0.000190974
0.000193884
0.000193884
0.000286825
0.000286825
2.11567e-05
2.11567e-05
2.11567e-05
0.000177139
0.000177139
0.000195138
0.000195138
0.000245304
0.000245304
4.92038e-05
4.92038e-05
0.000303705
0.000303705
0.000238814
0.000238814
0.000271635
0.000271635
1.47681e-05
1.47681e-05
1.47681e-05
0.000205768
0.000205768
0.000298406
0.000298406
0.000201561
0.000201561
3.56806e-05
3.56806e-05
2.12719e-05
2.12719e-05
2.12719e-05
0.000290272
0.000290272
0.000281388
0.000281388
0.00027189
0.00027189
0.000168352
0.000168352
0.000180583
0.000180583
1.82732e-05
1.82732e-05
1.82732e-05
0.000283193
0.000283193
0.000302994
0.000302994
0.000175075
0.000175075
0.00030299
0.00030299
0.000287799
0.000287799
4.17646e-05
4.17646e-05
0.000288658
0.000288658
0.000299457
0.000299457
0.000201006
0.000201006
0.000293448
0.000293448
0.000206574
0.000206574
0.000168272
0.000168272
0.000175133
0.000175133
1.50541e-05
1.50541e-05
1.50541e-05
0.000292409
0.000292409
3.70412e-05
3.70412e-05
1.90685e-05
1.90685e-05
1.90685e-05
0.000272726
0.000272726
)
;
    }
}


// ************************************************************************* //
