/*--------------------------------*- C++ -*----------------------------------*\
  =========                 |
  \\      /  F ield         | OpenFOAM: The Open Source CFD Toolbox
   \\    /   O peration     | Website:  https://openfoam.org
    \\  /    A nd           | Version:  8
     \\/     M anipulation  |
\*---------------------------------------------------------------------------*/
FoamFile
{
    version     2.0;
    format      ascii;
    class       volScalarField;
    location    "0.3";
    object      p;
}
// * * * * * * * * * * * * * * * * * * * * * * * * * * * * * * * * * * * * * //

dimensions      [1 -1 -2 0 0 0 0];

internalField   nonuniform List<scalar> 
1924
(
0
-0.655674
-2.24729
-2.7925
-0.708337
-3.47053
-4.00425
-5.3185
-5.73551
-1.824
-7.96732
-8.23046
-0.314549
-9.06597
-7.45769
-7.23997
0.772147
-8.18758
-0.228522
-8.39245
41.2738
0.30941
1.49979
-7.49547
-0.115112
2.53593
1.90881
-1.38684
-0.972795
-0.270236
1.39474
-1.63208
-1.88064
1.00156
-1.31705
1.428
-2.74636
-0.847127
-1.1096
1.45534
-10.1997
-1.19309
-7.35615
1.56714
-4.43337
-5.44419
6.33209
-2.63567
122.003
-131.066
1.70291
16.8971
0.168494
1.68789
-41.9516
-1.71557
22.3609
-2.25463
-1.88619
-0.895202
1.48366
-8.53743
1.57408
123.112
1.94272
-2.44565
-2.20407
1.28279
-3.24035
1.56836
-70.6591
-7.23284
38.579
-1.74081
-2.01902
-60.4072
-2.64489
-2.26389
-2.35442
1.5478
-4.01492
8.2456
21.0723
6.9577
1.08751
1.17869
-2.0453
-8.89289
-149.26
-62.8792
-2.32515
2.96689
-15.1096
-54.7695
-26.9203
2.04191
-2.75593
-4.38085
-0.644328
-60.7238
-2.01154
-4.06703
-0.582824
-0.575301
-44.1627
-2.84616
-2.55838
-48.4705
-0.999314
-30.9103
-3.12254
-2.76054
-0.753428
10.5358
-2.27437
-63.2901
-2.39901
-5.6309
0.720672
-2.53441
12.7417
885.621
-24.7694
-76.0757
-2.80962
-42.5375
-58.047
-2.50148
-14.9042
1170.28
-3.24902
-2.58015
-61.3461
2.25577
7.54708
-47.4011
-1.17136
-2.20528
-7.57187
-0.97401
-2.21457
-5.56055
-130.682
26.6829
-3.33174
1093.43
-46.845
-65.1932
-1.12678
0.7624
119.994
1013.72
-63.7523
-3.33608
-3.92636
-36.153
1154.89
-1.40661
-3.845
61.7653
1.97074
-61.2805
-4.06521
850.564
297.964
-41.4273
-30.5198
1276.08
-2.58492
-19.5278
-0.488358
-5.31329
-2.95203
-0.571022
-2.11702
-56.2986
6.1818
-63.6099
1.39724
-5.50281
-26.0508
-5.23735
-2.08284
-23.708
138.747
-0.569366
-57.4519
-10.447
-2.9686
-1.74963
-48.2416
-6.09512
-3.94693
-6.04489
-29.525
941.402
0.722644
-22.4002
-25.6065
-13.4109
17.0162
-1.07749
-31.2467
-7.89262
-0.681166
-21.4594
-7.3819
-69.1827
-56.3238
-61.3215
715.894
-6.31193
-7.34404
-16.0517
-9.79953
-2.56035
-1.20463
-47.4726
-8.18648
-2.66595
-39.7733
19.6445
-17.8627
-7.69115
-8.77527
2.55752
-4.484
-3.25409
-14.782
-11.1145
-68.2699
-0.00491593
-22.5807
-61.2118
9.64279
160.499
-6.67434
-9.02528
-12.8857
814.861
-4.96314
-38.8508
-6.31403
-52.716
11.3248
-42.2048
-9.54612
-2.66794
-2.20478
-3.08613
2.98638
833.162
-7.58451
-6.58567
-3.05263
-7.05549
-1.28614
-4.09677
-37.7692
-9.40104
-23.7851
-18.2062
-0.816064
-2.4989
-1.06966
-2.24891
10.4518
-2.99609
-58.1143
20.8429
1.75353
164.73
-11.3827
-2.93166
-0.22286
-4.11743
-9.31984
9.9866
-3.13699
-34.6923
30.3936
1073.71
-1.04531
-7.03015
56.7431
-1.63872
-4.56878
943.138
-9.30441
-18.1988
-6.93656
-1.11548
7.25601
-6.19873
-107.246
345.846
-7.35896
-8.78833
-2.89481
-6.34967
1117.96
-7.21402
-5.75673
-1.37603
-9.03206
-6.243
4.22548
-5.4878
1.22215
-2.44247
-44.3469
0.935789
-2.1944
0.0818313
-3.5394
4.83028
-22.3647
-9.32982
-10.7222
-13.5358
-2.16365
5.38372
-6.30757
277.883
0.593368
-3.52803
-20.2354
2.70649
-2.91263
-5.14742
-22.11
-1.59994
0.122167
-8.51089
-2.74828
6.67249
-0.733796
-8.56135
-7.84662
-6.99354
-3.32768
84.7052
-0.26106
1.41888
-6.33895
-5.09295
-44.2875
-2.73171
0.981042
-3.34361
-4.1913
-6.06657
328.41
-5.68321
5.06712
-3.23886
751.108
-9.47338
6.41777
2.15637
2.11079
-5.7721
-5.50124
-1.04713
-0.778253
-7.59075
-0.150578
4.14596
-5.64731
-9.28247
-5.15036
-6.38673
1.46513
-4.86592
-0.787335
-70.3118
-5.7513
-6.28536
-0.647976
-3.20748
-4.35289
-3.07468
-10.7722
-5.69506
-7.12589
-4.94215
-2.6221
-1.46052
-7.40922
-8.13313
198.444
0.0913579
-1.78769
-1.97122
-9.12744
-61.751
-3.2726
-0.524562
-4.99794
-5.06506
1027.63
-3.08263
-3.68356
-52.7647
1336.48
-0.98714
-4.43171
-2.46691
-0.169226
-2.8775
1.2159
0.189962
-9.60236
-8.97034
-8.77051
-1.4055
-3.7881
-5.36402
0.934581
-3.29308
-5.3338
4.28271
-4.21077
-1.83482
-0.694394
-5.15822
-3.58628
-5.74243
-0.175158
-1.01285
-1.16867
-3.60296
-0.99198
0.405826
-8.44487
-0.995744
-5.00537
1.65776
-9.04235
-0.548101
-2.08797
-1.45248
0.841959
470.423
-2.99974
36.2125
0.368778
-2.96664
2.69282
-1.53128
-5.57775
-0.0877249
2.75586
-5.30514
-2.01721
8.08191
-4.64012
-5.36392
0.497054
-4.23473
-3.42835
-0.461627
1.50216
0.650846
6.18952
-1.82395
-2.43543
-4.93729
-9.14525
-1.87765
-1.46668
0.156898
-2.52706
-4.46055
0.574267
-3.26867
88.6138
-10.1321
-3.25358
-4.72612
-0.138469
-9.00323
-1.12398
-2.74082
-0.354265
-0.980733
-1.01537
-4.72949
-1.07671
-4.07597
2.38455
-1.05613
0.259067
-3.68031
-5.03548
-4.07388
-3.95115
-1.40047
-0.970961
331.301
-4.9689
-5.23674
2.92704
-0.638371
5.67264
-1.58534
-5.11575
-0.862308
-0.087006
-4.73949
-3.295
-3.87419
-1.58063
6.94077
-2.0295
-2.29755
-0.543804
1.12654
-9.15913
-4.43641
0.423444
-5.09171
-3.62957
-4.60928
0.17117
16.2153
-2.95846
1.5325
-0.913417
-7.71119
0.652707
-10.0203
0.0161467
1.1756
1.582
-2.76607
-8.68048
0.468759
1.28381
-0.92811
-0.33019
271.147
1.62166
-3.17449
-4.28722
-0.985844
-2.46919
246.82
-3.17145
-5.11251
-0.892286
-1.38581
-4.73126
0.207179
-0.382486
1.0675
1.46396
1.7771
458.534
25.4602
-0.795278
0.514382
-52.221
-1.5067
6.41804
0.940553
-3.46615
-4.10049
-2.78856
-0.223768
-4.14149
-1.13504
-0.295024
-1.84578
-3.235
-2.43343
1.35589
5.13851
-4.74953
0.857713
-0.499303
-3.97313
-9.35329
-2.03993
1.99394
1.58162
-4.88598
1.14181
-3.83891
142.19
-0.744037
0.298941
217.95
1.9342
1.73522
-4.67254
-2.64836
-3.24124
-2.99317
0.733108
2.18845
-4.90837
-4.44975
302.408
-0.00509011
-10.1228
4.26841
-3.43685
0.887856
1.19185
-0.800947
-4.99323
1.25388
-4.07329
-0.408809
-3.3766
2.99281
1.28418
2.12276
324.947
-4.43493
-3.69341
-4.80565
-0.677284
-10.2168
-2.92795
1.50572
-3.8158
-0.717961
1.09757
-4.36361
-0.802261
-3.3411
0.879888
0.0879629
2.19402
-0.609048
520.449
-1.03482
-4.32101
-1.47679
-1.73369
-0.214661
-0.441858
-1.65163
-4.90399
-0.582127
-4.70374
-1.14172
1.30176
0.441617
-1.87743
-1.36305
-1.9556
1.43356
-2.22661
0.652317
-3.31481
-0.455737
0.996836
0.802828
1.65051
-3.18994
-4.04406
-2.40636
228.615
-0.613484
-4.18846
0.239345
-0.121917
-0.3854
-3.56468
1.60147
-4.3861
-4.86074
-3.91619
-9.58396
-4.61572
1.81368
1.29412
-4.68378
-4.72811
-3.35551
-3.04063
-0.588033
-10.8851
-2.76221
861.744
-4.51987
1.58891
71.8733
-4.81324
-5.01912
-0.776946
0.52335
-4.78957
1.20995
-3.41056
-0.304931
-0.535758
-3.71845
0.952203
-0.962441
1.56065
1.9977
-1.09066
-1.66008
-0.697435
-4.4384
0.0457483
0.322889
1.76006
-1.78025
936.875
-0.57437
-0.638853
-2.07712
0.732349
-4.7862
289.064
-3.3212
-3.9167
-3.44368
1.47793
-4.47758
-61.0268
-63.661
2.18377
1.05892
-4.21518
-2.22805
1.04763
525.868
-0.4663
-3.2244
-0.606745
-2.94378
-1.27614
-3.51698
0.877176
1.94257
-2.55926
-3.60099
2.37685
-6.3645
484.339
-0.142232
1.40323
0.127261
-4.11085
-0.563891
-1.8304
-10.4477
523.437
453.01
0.479324
-2.90116
2.12427
1151.73
-3.8231
-2.74617
-2.72318
-4.66707
-3.8944
-0.542799
1.25865
-0.824438
-0.311951
1.64663
-1.08638
-4.22187
-0.977825
512.848
-1.96871
1.39356
-4.56921
-0.063332
-0.773115
1.58274
-1.71295
1.104
-3.52476
-11.207
-52.4226
-7.95222
-3.06939
-4.6304
-1.25339
-4.69237
330.023
1.17966
0.660899
-4.67064
-2.10072
-0.464529
-3.78706
-4.51264
1.43374
-1.36788
0.456063
1.46361
0.963649
-0.700874
86.2375
-3.61165
-4.7544
447.395
-4.11837
-2.39971
-0.241045
-3.35211
-4.34255
453.471
2.32565
0.261092
1.45327
-3.65435
1.82306
-0.688321
0.587142
0.950876
-1.75841
-4.71884
1.76358
-3.04452
-4.26152
-0.404481
-3.28305
-2.54703
1.38201
-4.46062
-3.70189
0.0750464
-1.09381
-0.573607
-1.01818
-3.43333
-3.63427
-4.06582
864.435
-6.19781
2.31957
-1.25902
-0.894499
1096.23
0.738344
-1.35339
-0.537515
-3.95113
0.533259
-12.1794
-2.85284
1.63843
-3.52203
-4.3692
-1.88887
0.879878
-0.103847
2.00539
-3.53234
-3.44024
-4.70671
-2.00894
-2.95336
1.17243
-2.27542
1.94699
-0.847417
1.5722
1.23562
-3.97276
0.337561
1.39093
-7.26068
-0.273405
-2.46636
-3.61347
1.33797
158.733
-1.53063
304.208
0.149207
-3.88871
-3.16965
-1.90028
-0.751702
-2.40911
-6.99181
-3.00306
-3.203
-0.434761
-3.82861
377.628
-4.67332
-4.59756
-4.56015
-4.43723
-4.20177
1.10077
-4.59556
1.43688
-3.35891
-0.0330356
2.19164
-1.1246
-0.709876
-4.66297
1.82266
-1.35804
-4.67412
-1.27271
28.428
-4.37586
1.58373
2.13053
-2.69466
1.75981
-1.05892
-0.207995
-3.64215
-3.4919
-4.53172
-0.586661
1045.3
-4.21208
1.36633
-3.74405
-0.126913
-10.2435
-1.52644
-0.376601
-4.14037
-0.94591
0.671341
-2.18056
1.43737
-3.81381
0.469234
-1.6249
-2.83477
-3.73001
0.188787
-4.13599
1.46788
2.32151
-1.94916
-0.538634
-2.30286
1.62959
-4.41097
0.953422
-0.892799
391.375
0.276332
-3.50091
163.643
1.31437
-73.5591
1.56229
-4.03528
632.618
-3.98112
0.0921436
-8.70799
2.00811
-2.56601
-4.68524
-0.773855
-1.37082
1.94656
-3.7781
-0.08503
-3.57338
-1.29491
-4.62789
223.462
-2.06967
-1.52927
-3.29542
-52.4304
-4.3542
-1.61737
1.16954
-0.256547
-1.15799
-3.11778
-0.721533
665.485
521.033
0.542937
0.189047
-2.69637
-3.90306
-0.425573
0.348611
-3.66616
0.745926
-3.63868
-3.80063
1.42063
-1.0958
1.81916
0.884803
-4.01167
0.161873
1.2195
-4.55301
-6.10689
-4.51096
738.741
-0.59679
1.7543
-4.25525
-2.11493
-4.46495
-4.33449
-2.22656
-1.79217
-0.018425
-0.973957
-4.62783
-4.69113
-4.60113
106.217
-3.71551
-3.84997
-2.46326
-0.193766
-2.96557
-1.6738
136.378
638.789
1.09966
-4.27369
-3.43877
2.19588
2.13295
-0.36703
-6.50542
516.15
-0.915806
1.38082
-4.51154
-8.41154
-3.25667
-4.22013
-1.38725
-4.12433
-1.61927
-1.53813
-2.5844
-0.542037
-4.67293
1.62064
-0.787342
-3.67814
-8.67297
-1.3168
-4.68139
-3.09807
0.480675
-1.78168
1.31034
0.287976
454.696
1.54994
-3.78883
-4.64261
-1.18404
-4.0587
2.00763
-4.43594
1.94421
-0.72987
0.102932
-1.87443
-2.83768
2.32719
-4.16814
-0.0758156
-1.1209
-2.9879
-2.38622
-0.25059
335.998
1.5929
0.68091
-3.96973
-2.17646
-4.40418
-2.13582
-0.425301
-3.97815
-2.99331
-1.68463
-0.989505
-2.49802
-4.61909
-3.63468
-2.96298
1.81398
0.357445
-0.605025
0.957278
-3.24378
-1.62423
2.2072
1.16849
-1.78142
-3.70819
-1.54807
1.74786
-3.52693
2.39878
2.39684
-9.26085
1.53334
-0.928263
-4.57834
0.17007
-1.4037
-1.86603
1.51926
-4.35101
-4.54193
-4.43801
-54.1021
-2.73206
-0.0112995
-3.50681
-3.91622
-4.15728
-3.36196
-4.57355
-0.188753
0.551674
-1.33551
-4.38901
-4.26226
2.13298
-0.365752
-4.33729
2.38696
2.19717
1.37722
-0.797042
-3.75773
-1.20019
-0.546533
21.4027
372.511
-2.84997
-4.20594
-4.55059
-3.97558
-4.6848
-4.64784
1.60863
-3.2168
640.164
-2.33266
-2.03679
2.38365
-3.86591
-1.1352
342.944
2.00511
-2.43536
-4.07578
-0.736524
-4.66986
0.752808
1.09968
1.9405
-9.22536
-3.8364
-2.64837
736.291
-1.68768
-3.65866
-3.49166
1.30803
-4.51116
0.890096
-2.2946
0.29643
2.3298
-0.99925
-1.86299
-1.63127
-3.91505
0.109971
-1.78333
659.693
298.944
-4.31701
1275.87
-1.55837
-0.0710603
1.58431
-3.34226
-4.67092
-2.75857
0.489378
-3.09167
-0.249021
-1.41636
1150.35
-4.01514
-4.14919
-0.427642
-4.71876
1.80816
-4.49747
-51.287
687.881
-4.47837
-0.935777
-4.53241
150.272
-23.0421
-2.02255
-1.34828
-0.611264
690.282
-4.66003
1.74076
1.51481
2.24144
-3.93428
-4.49109
-1.20946
-2.11073
-4.61775
-4.31722
-4.15409
-4.47719
0.687938
-3.21163
0.364084
-4.70861
-3.90991
-2.98576
2.13122
2.19628
-4.64072
-0.80385
-2.58542
0.175953
539.06
-2.39223
-0.0067871
-4.0313
-0.186223
-3.59094
473.052
-4.38248
875.122
1365.16
-2.68782
-3.74558
-0.365687
2.3895
942.987
-1.143
1.79053
1.16806
-0.54906
0.558157
-4.64915
-1.86205
-4.33496
2.0016
1.37511
-4.22266
-1.63798
-4.63278
-1.78585
0.960719
1.93627
1.81906
-3.45219
-4.32599
2.32996
-3.86945
-4.00104
-2.01757
-4.6221
-2.89877
-1.56666
-4.10738
-0.739898
-3.71356
1256.98
-3.09965
1.71973
-4.47978
-4.62185
-2.35721
-1.00528
-3.00757
-2.09933
-1.4243
1307.94
-4.73416
-3.95602
-4.18076
-3.57158
-2.98743
0.756971
-4.62683
-2.94504
-3.20769
0.889641
-1.35559
-4.58831
-2.09232
1.58088
-4.22383
-3.00621
2.24079
-4.48766
-3.80833
-4.07443
-0.939075
-2.54033
3.06291
-4.33587
-4.62528
1.30509
-3.33024
-4.73589
1.09865
-2.63532
-2.26549
1.73033
-4.49436
1.80146
-4.73934
-3.62016
-3.68647
1050.27
0.893174
-4.30219
2.39326
-2.82993
-3.92558
643.945
-3.44513
-1.21453
-4.63472
-4.70842
1.98114
-3.81427
-4.1633
-4.75922
-4.00656
381.905
355.657
2.12854
1150.89
-4.28095
2.19414
-1.8627
-4.74339
-2.01434
-3.67457
-4.74735
-2.93077
307.726
-2.50691
213.713
70.0673
-4.73979
-4.76881
1280.78
-3.87775
-2.09258
1.51085
-1.7888
0.49586
1.78442
0.303747
-3.22512
2.3283
1081.22
949.639
0.11741
-4.771
1459.56
-3.78886
-1.64286
657.834
-0.0640421
-4.01696
-0.242884
-4.45196
582.318
-0.422699
-1.14605
301.951
-4.12962
-4.41492
1315.31
-3.9009
-0.607482
-2.33358
1.99771
-3.33483
-2.24968
-4.50963
-1.57191
-4.79171
-3.13669
0.400433
-2.77751
0.692894
-4.65437
876.881
-3.5554
-4.6028
-2.59749
1.93163
-36.0812
2.39426
1347.2
-0.800348
-4.73021
-4.69992
-2.87188
-1.42848
-3.66568
1.7147
-3.88616
-3.24084
-3.96652
-4.56321
-4.87353
1.98623
-4.41433
-4.34694
-3.99483
-4.91633
-4.88696
-3.0644
0.893552
-2.56707
-2.08792
1.09737
-3.45134
-4.7848
-4.19621
-4.52332
-4.6873
-4.85055
-1.00199
-4.80376
-2.32025
-2.0123
1.30228
-2.73877
-1.35808
-4.66432
-3.16285
533.031
-2.48131
-4.30438
-2.24101
-4.80995
-2.82726
-4.93144
1148.28
-4.84027
1287.64
-4.81978
1.91634
-3.55699
1499.51
-4.46874
-4.20755
-4.00325
-1.86365
1490.54
-2.70956
-3.76895
1356.55
2.32557
2.39313
1.37907
-3.00711
-4.72279
-4.72982
1081.19
-4.67412
-4.71289
1.50691
-3.3624
2.19142
-2.96298
-2.54557
-3.87367
-2.79404
-1.79098
2.12542
-4.4675
-1.21144
-3.09992
-2.46525
-4.58498
-2.31134
1159.41
0.562121
-5.02549
873.682
0.368588
-3.28818
0.180605
-3.05051
-4.96779
-0.0022067
-3.46308
-4.07953
-0.181698
-2.92971
-4.70312
1.71006
-0.361096
-0.544266
-2.2348
0.33212
-3.0126
-4.98652
-1.64548
-2.76801
-5.04522
710.316
490.782
482.078
-0.734587
-2.08493
-3.66578
-3.22784
-4.92134
-2.68725
1501.18
-4.64708
-2.53169
-3.18005
-4.7836
1.91131
1.99282
1087.9
-0.933466
-5.04836
-3.38379
2.39071
-4.66008
-2.90459
-3.14313
-4.7894
-2.45496
0.760081
0.961742
-3.76616
-3.31844
1.16556
-4.93148
-1.42598
-2.98404
-1.5738
1543.67
-4.44067
-4.31687
-3.96407
1.92443
-4.54223
-4.91391
-3.22475
-3.26593
-4.81205
-4.7813
-2.30498
-4.85753
-2.74904
1.37022
-4.88686
-4.82565
-2.01107
2.17759
-4.79349
-1.14077
-4.87642
801.913
729.453
1084.52
-4.82896
-2.67212
-3.11526
-3.38923
-4.18707
-3.4393
1565.03
2.32232
-4.32394
-3.19322
-4.96717
-5.04223
-2.52235
-4.82955
-3.34991
-5.16201
-2.23052
-4.26459
-4.28112
-4.42428
1.57418
-3.57671
-4.68225
-2.96228
-4.79378
-1.86414
-5.06703
-3.50145
-5.11737
1361.21
-4.9141
-1.35347
1.77654
-2.88587
-5.03151
2.38763
-5.00366
-3.42886
-3.47196
-4.59916
-2.73645
-4.06794
-3.86176
-4.99205
-4.82494
-4.76199
-4.80852
-2.44788
-4.89747
-4.78788
-3.31988
944.127
-3.09466
-5.14265
-3.16969
-4.56057
-2.08304
-4.93652
2.10978
1.97718
-5.03514
1294.56
-3.67256
-5.0268
-4.91291
-4.91036
-3.39552
-3.52618
-5.15344
-4.95449
-5.0984
-2.66235
-4.9487
-2.9468
-4.90918
1501.69
1571.94
-3.29775
-4.90257
-4.95582
2.1884
-0.417715
-3.58456
-3.96107
-5.13874
-5.19169
-3.54457
-5.06403
-1.64372
-1.57033
-3.37053
-3.1527
-2.87323
-2.3008
-4.64149
-4.76573
-1.79164
-4.94193
-3.63522
-3.51395
-3.28235
2.12133
-3.08005
-5.16602
-2.5162
1291.5
1152.75
-5.12939
-3.35276
-5.04684
-5.25998
-5.26128
-5.17544
-5.04003
-3.59274
-5.09144
-2.22788
-5.09592
-5.08163
-3.49148
-4.89623
-2.72841
-4.44084
-2.01013
-3.62198
-5.04628
-3.66571
-3.77303
-3.86756
-5.18308
-4.52083
-5.20761
-5.08476
-2.93687
-5.223
-3.58807
-3.47616
-3.1411
-2.08175
-2.29939
-2.22632
-5.24922
2.3842
-5.29154
-3.56272
-3.34114
-5.22853
-5.19474
-5.03529
-5.42854
-5.34141
-5.40642
-3.69772
-5.23969
-3.72052
-3.54487
-5.24786
-5.32071
-5.19289
-2.44371
-5.18566
-3.53369
-3.46724
-3.27239
-5.3391
-5.34933
-2.65668
-5.28663
-5.24083
-2.86611
-5.34828
-5.40783
-3.07144
-4.40065
-5.5288
-5.59468
-5.53548
-5.3547
-5.40479
1356.82
1492.33
-5.59807
1555.61
-5.53599
1563.94
-2.65542
-2.72639
-3.78753
-2.51454
-2.44238
-2.00816
-2.9343
-2.86475
-1.78906
-1.86278
-5.49156
-5.56362
-5.35314
-5.58359
-5.51509
-5.53238
-5.45596
-5.59939
-3.52943
-3.46459
-3.33628
-3.27006
-3.06979
-3.13774
-5.48791
-5.41169
-2.19569
-5.39159
-5.33472
-5.36901
2.31872
2.38052
916.481
43.1102
797.453
2.37404
2.18396
0.385751
1.95664
2.11648
2.3143
1078.77
-2.41678
842.382
691.98
2.30872
803.973
0.346878
638.168
828.356
0.354341
763.399
1.29713
9.31155
867.319
2.43086
2.30494
565.788
579.412
-370.819
528.463
365.582
634.504
660.142
781.986
921.594
578.752
651.934
597.434
846.549
9.35951
0.455037
665.368
0.552579
0.0998942
984.088
964.186
544.507
124.603
-2.55117
327.117
1373.59
1389.9
724.992
747.332
619.169
514.109
539.316
545.849
669.082
1653.35
1507.07
733.461
3.78719
330.112
-2.8307
230.515
508.982
-0.336628
369.874
-14.9575
496.46
2.15501
350.549
7.74018
1.50319
632.45
11.5041
346.958
10.2511
625.036
-4.69738
2.76506
1.10448
2.47667
420.871
-5.53051
412.084
-10.086
699.755
1.35339
0.830022
-6.63575
40.4061
70.9577
1696.52
0.645314
-4.68873
111.463
-4.97448
0.793453
16.4733
0.662231
-5.27099
241.125
0.577245
176.705
317.85
325.346
-751.838
0.668685
1499.98
1433.89
-5.99774
)
;

boundaryField
{
    patch0
    {
        type            calculated;
        value           nonuniform List<scalar> 
4010
(
2.22045e-16
2.22045e-16
-0.655674
-0.655674
-2.24729
-2.24729
-2.7925
-2.7925
-0.708337
-0.708337
-3.47053
-3.47053
-4.00425
-4.00425
-5.3185
-5.3185
-5.73551
-5.73551
-1.824
-1.824
-7.96732
-7.96732
-8.23046
-8.23046
-0.314549
-0.314549
-9.06597
-9.06597
-7.45769
-7.45769
-7.23997
-7.23997
0.772147
0.772147
-8.18758
-8.18758
-0.228522
-0.228522
-8.39245
-8.39245
41.2738
41.2738
0.30941
0.30941
1.49979
1.49979
-7.49547
-7.49547
-0.115112
-0.115112
2.53593
2.53593
1.90881
1.90881
-1.38684
-1.38684
-0.972795
-0.972795
-0.270236
-0.270236
1.39474
1.39474
-1.63208
-1.63208
-1.88064
-1.88064
1.00156
1.00156
-1.31705
-1.31705
1.428
1.428
-2.74636
-2.74636
-0.847127
-0.847127
-1.1096
-1.1096
1.45534
1.45534
-10.1997
-10.1997
-1.19309
-1.19309
-7.35615
-7.35615
1.56714
1.56714
-4.43337
-4.43337
-5.44419
-5.44419
6.33209
6.33209
-2.63567
-2.63567
122.003
122.003
-131.066
-131.066
1.70291
1.70291
16.8971
16.8971
0.168494
0.168494
1.68789
1.68789
-41.9516
-41.9516
-1.71557
-1.71557
22.3609
22.3609
-2.25463
-2.25463
-1.88619
-1.88619
-0.895202
-0.895202
1.48366
1.48366
-8.53743
-8.53743
1.57408
1.57408
123.112
123.112
1.94272
1.94272
-2.44565
-2.44565
-2.20407
-2.20407
1.28279
1.28279
-3.24035
-3.24035
1.56836
1.56836
-70.6591
-70.6591
-7.23284
-7.23284
38.579
38.579
-1.74081
-1.74081
-2.01902
-2.01902
-60.4072
-60.4072
-2.64489
-2.64489
-2.26389
-2.26389
-2.35442
-2.35442
1.5478
1.5478
-4.01492
-4.01492
8.2456
8.2456
21.0723
21.0723
6.9577
6.9577
1.08751
1.08751
1.17869
1.17869
-2.0453
-2.0453
-8.89289
-8.89289
-149.26
-149.26
-62.8792
-62.8792
-2.32515
-2.32515
2.96689
2.96689
-15.1096
-15.1096
-54.7695
-54.7695
-26.9203
-26.9203
2.04191
2.04191
-2.75593
-2.75593
-4.38085
-4.38085
-0.644328
-0.644328
-60.7238
-60.7238
-2.01154
-2.01154
-4.06703
-4.06703
-0.582824
-0.582824
-0.575301
-0.575301
-44.1627
-44.1627
-2.84616
-2.84616
-2.55838
-2.55838
-48.4705
-48.4705
-0.999314
-0.999314
-30.9103
-30.9103
-3.12254
-3.12254
-2.76054
-2.76054
-0.753428
-0.753428
10.5358
10.5358
-2.27437
-2.27437
-63.2901
-63.2901
-2.39901
-2.39901
-5.6309
-5.6309
0.720672
0.720672
-2.53441
-2.53441
12.7417
12.7417
885.621
885.621
-24.7694
-24.7694
-76.0757
-76.0757
-2.80962
-2.80962
-42.5375
-42.5375
-58.047
-58.047
-2.50148
-2.50148
-14.9042
-14.9042
1170.28
1170.28
-3.24902
-3.24902
-2.58015
-2.58015
-61.3461
-61.3461
2.25577
2.25577
7.54708
7.54708
-47.4011
-47.4011
-1.17136
-1.17136
-2.20528
-2.20528
-7.57187
-7.57187
-0.97401
-0.97401
-2.21457
-2.21457
-5.56055
-5.56055
-130.682
-130.682
-122.494
26.6829
26.6829
43.7002
-3.33174
-3.33174
1093.43
1093.43
-46.845
-46.845
-65.1932
-65.1932
-1.12678
-1.12678
0.7624
0.7624
119.994
119.994
1013.72
1013.72
1107.46
-63.7523
-63.7523
-3.33608
-3.33608
-3.92636
-3.92636
-36.153
-36.153
1154.89
1154.89
-1.40661
-1.40661
-3.845
-3.845
61.7653
61.7653
1.97074
1.97074
-61.2805
-61.2805
-4.06521
-4.06521
850.564
850.564
297.964
297.964
-41.4273
-41.4273
-30.5198
-30.5198
1276.08
1276.08
-2.58492
-2.58492
-19.5278
-19.5278
-0.488358
-0.488358
-5.31329
-5.31329
-2.95203
-2.95203
-0.571022
-0.571022
-2.11702
-2.11702
-56.2986
-56.2986
6.1818
6.1818
-63.6099
-63.6099
1.39724
1.39724
-5.50281
-5.50281
-26.0508
-26.0508
-5.23735
-5.23735
-2.08284
-2.08284
-23.708
-23.708
138.747
138.747
-0.569366
-0.569366
-57.4519
-57.4519
-10.447
-10.447
-2.9686
-2.9686
-1.74963
-1.74963
-48.2416
-48.2416
-6.09512
-6.09512
-3.94693
-3.94693
-6.04489
-6.04489
-29.525
-29.525
941.402
941.402
1035.14
0.722644
0.722644
-22.4002
-22.4002
-25.6065
-25.6065
-13.4109
-13.4109
17.0162
17.0162
-1.07749
-1.07749
-31.2467
-31.2467
-7.89262
-7.89262
-0.681166
-0.681166
-21.4594
-21.4594
-7.3819
-7.3819
-69.1827
-69.1827
-56.3238
-56.3238
-61.3215
-61.3215
-61.2907
715.894
715.894
-6.31193
-6.31193
-7.34404
-7.34404
-16.0517
-16.0517
-9.79953
-9.79953
-2.56035
-2.56035
-1.20463
-1.20463
-47.4726
-47.4726
-8.18648
-8.18648
-2.66595
-2.66595
-39.7733
-39.7733
19.6445
19.6445
-17.8627
-17.8627
-7.69115
-7.69115
-8.77527
-8.77527
2.55752
2.55752
-4.484
-4.484
-3.25409
-3.25409
-14.782
-14.782
-11.1145
-11.1145
-68.2699
-68.2699
-0.00491593
-0.00491593
-22.5807
-22.5807
-61.2118
-61.2118
9.64279
9.64279
160.499
160.499
188.828
-6.67434
-6.67434
-9.02528
-9.02528
-12.8857
-12.8857
814.861
814.861
908.602
-4.96314
-4.96314
-38.8508
-38.8508
-6.31403
-6.31403
-52.716
-52.716
11.3248
11.3248
-42.2048
-42.2048
-9.54612
-9.54612
-2.66794
-2.66794
-2.20478
-2.20478
-3.08613
-3.08613
2.98638
2.98638
833.162
833.162
-7.58451
-7.58451
-6.58567
-6.58567
-3.05263
-3.05263
-7.05549
-7.05549
-1.28614
-1.28614
-4.09677
-4.09677
-37.7692
-37.7692
-9.40104
-9.40104
-23.7851
-23.7851
-18.2062
-18.2062
-0.816064
-0.816064
-2.4989
-2.4989
-1.06966
-1.06966
-2.24891
-2.24891
10.4518
10.4518
-2.99609
-2.99609
-58.1143
-58.1143
20.8429
20.8429
1.75353
1.75353
164.73
164.73
-11.3827
-11.3827
-2.93166
-2.93166
-0.22286
-0.22286
-4.11743
-4.11743
-9.31984
-9.31984
9.9866
9.9866
-3.13699
-3.13699
-34.6923
-34.6923
30.3936
30.3936
1073.71
1073.71
1140.5
-1.04531
-1.04531
-7.03015
-7.03015
56.7431
56.7431
-1.63872
-1.63872
-4.56878
-4.56878
943.138
943.138
-9.30441
-9.30441
-18.1988
-18.1988
-6.93656
-6.93656
-1.11548
-1.11548
7.25601
7.25601
-6.19873
-6.19873
-107.246
-107.246
345.846
345.846
-7.35896
-7.35896
-8.78833
-8.78833
-2.89481
-2.89481
-6.34967
-6.34967
1117.96
1117.96
1207.74
-7.21402
-7.21402
-5.75673
-5.75673
-1.37603
-1.37603
-9.03206
-9.03206
-6.243
-6.243
4.22548
4.22548
-5.4878
-5.4878
1.22215
1.22215
-2.44247
-2.44247
-44.3469
-44.3469
0.935789
0.935789
-2.1944
-2.1944
0.0818313
0.0818313
-3.5394
-3.5394
4.83028
4.83028
-22.3647
-22.3647
-9.32982
-9.32982
-10.7222
-10.7222
-13.5358
-13.5358
-2.16365
-2.16365
5.38372
5.38372
-6.30757
-6.30757
277.883
277.883
0.593368
0.593368
-3.52803
-3.52803
-20.2354
-20.2354
2.70649
2.70649
-2.91263
-2.91263
-5.14742
-5.14742
-22.11
-22.11
-1.59994
-1.59994
0.122167
0.122167
-8.51089
-8.51089
-2.74828
-2.74828
6.67249
6.67249
-0.733796
-0.733796
-8.56135
-8.56135
-7.84662
-7.84662
-6.99354
-6.99354
-3.32768
-3.32768
84.7052
84.7052
-0.26106
-0.26106
1.41888
1.41888
-6.33895
-6.33895
-5.09295
-5.09295
-44.2875
-44.2875
-2.73171
-2.73171
0.981042
0.981042
-3.34361
-3.34361
-4.1913
-4.1913
-6.06657
-6.06657
328.41
328.41
-5.68321
-5.68321
5.06712
5.06712
-3.23886
-3.23886
751.108
751.108
-9.47338
-9.47338
6.41777
6.41777
2.15637
2.15637
2.11079
2.11079
-5.7721
-5.7721
-5.50124
-5.50124
-1.04713
-1.04713
-0.778253
-0.778253
-7.59075
-7.59075
-0.150578
-0.150578
4.14596
4.14596
-5.64731
-5.64731
-9.28247
-9.28247
-5.15036
-5.15036
-6.38673
-6.38673
1.46513
1.46513
-4.86592
-4.86592
-0.787335
-0.787335
-70.3118
-70.3118
-5.7513
-5.7513
-6.28536
-6.28536
-0.647976
-0.647976
-3.20748
-3.20748
-4.35289
-4.35289
-3.07468
-3.07468
-10.7722
-10.7722
-5.69506
-5.69506
-7.12589
-7.12589
-4.94215
-4.94215
-2.6221
-2.6221
-1.46052
-1.46052
-7.40922
-7.40922
-8.13313
-8.13313
198.444
198.444
0.0913579
0.0913579
-1.78769
-1.78769
-1.97122
-1.97122
-9.12744
-9.12744
-61.751
-61.751
-61.7107
-3.2726
-3.2726
-0.524562
-0.524562
-4.99794
-4.99794
-5.06506
-5.06506
1027.63
1027.63
-3.08263
-3.08263
-3.68356
-3.68356
-52.7647
-52.7647
1336.48
1336.48
1384.85
-0.98714
-0.98714
-4.43171
-4.43171
-2.46691
-2.46691
-0.169226
-0.169226
-2.8775
-2.8775
1.2159
1.2159
0.189962
0.189962
-9.60236
-9.60236
-8.97034
-8.97034
-8.77051
-8.77051
-1.4055
-1.4055
-3.7881
-3.7881
-5.36402
-5.36402
0.934581
0.934581
-3.29308
-3.29308
-5.3338
-5.3338
4.28271
4.28271
-4.21077
-4.21077
-1.83482
-1.83482
-0.694394
-0.694394
-5.15822
-5.15822
-3.58628
-3.58628
-5.74243
-5.74243
-0.175158
-0.175158
-1.01285
-1.01285
-1.16867
-1.16867
-3.60296
-3.60296
-0.99198
-0.99198
0.405826
0.405826
-8.44487
-8.44487
-0.995744
-0.995744
-5.00537
-5.00537
1.65776
1.65776
-9.04235
-9.04235
-0.548101
-0.548101
-2.08797
-2.08797
-1.45248
-1.45248
0.841959
0.841959
470.423
470.423
-2.99974
-2.99974
36.2125
36.2125
72.8954
0.368778
0.368778
-2.96664
-2.96664
2.69282
2.69282
-1.53128
-1.53128
-5.57775
-5.57775
-0.0877249
-0.0877249
2.75586
2.75586
-5.30514
-5.30514
-2.01721
-2.01721
8.08191
8.08191
-4.64012
-4.64012
-5.36392
-5.36392
0.497054
0.497054
-4.23473
-4.23473
-3.42835
-3.42835
-0.461627
-0.461627
1.50216
1.50216
0.650846
0.650846
6.18952
6.18952
-1.82395
-1.82395
-2.43543
-2.43543
-4.93729
-4.93729
-9.14525
-9.14525
-1.87765
-1.87765
-1.46668
-1.46668
0.156898
0.156898
-2.52706
-2.52706
-4.46055
-4.46055
0.574267
0.574267
-3.26867
-3.26867
88.6138
88.6138
-10.1321
-10.1321
-3.25358
-3.25358
-4.72612
-4.72612
-0.138469
-0.138469
-9.00323
-9.00323
-1.12398
-1.12398
-2.74082
-2.74082
-0.354265
-0.354265
-0.980733
-0.980733
-1.01537
-1.01537
-4.72949
-4.72949
-1.07671
-1.07671
-4.07597
-4.07597
2.38455
2.38455
-1.05613
-1.05613
0.259067
0.259067
-3.68031
-3.68031
-5.03548
-5.03548
-4.07388
-4.07388
-3.95115
-3.95115
-1.40047
-1.40047
-0.970961
-0.970961
331.301
331.301
-4.9689
-4.9689
-5.23674
-5.23674
2.92704
2.92704
-0.638371
-0.638371
5.67264
5.67264
-1.58534
-1.58534
-5.11575
-5.11575
-0.862308
-0.862308
-0.087006
-0.087006
-4.73949
-4.73949
-3.295
-3.295
-3.87419
-3.87419
-1.58063
-1.58063
6.94077
6.94077
-2.0295
-2.0295
-2.29755
-2.29755
-0.543804
-0.543804
1.12654
1.12654
-9.15913
-9.15913
-4.43641
-4.43641
0.423444
0.423444
-5.09171
-5.09171
-3.62957
-3.62957
-4.60928
-4.60928
0.17117
0.17117
16.2153
16.2153
-2.95846
-2.95846
1.5325
1.5325
-0.913417
-0.913417
-7.71119
-7.71119
0.652707
0.652707
-10.0203
-10.0203
0.0161467
0.0161467
1.1756
1.1756
1.582
1.582
-2.76607
-2.76607
-8.68048
-8.68048
0.468759
0.468759
1.28381
1.28381
-0.92811
-0.92811
-0.33019
-0.33019
271.147
271.147
1.62166
1.62166
-3.17449
-3.17449
-4.28722
-4.28722
-0.985844
-0.985844
-2.46919
-2.46919
246.82
246.82
-3.17145
-3.17145
-5.11251
-5.11251
-0.892286
-0.892286
-1.38581
-1.38581
-4.73126
-4.73126
0.207179
0.207179
-0.382486
-0.382486
1.0675
1.0675
1.46396
1.46396
1.7771
1.7771
458.534
458.534
25.4602
25.4602
-0.795278
-0.795278
0.514382
0.514382
-52.221
-52.221
-1.5067
-1.5067
6.41804
6.41804
0.940553
0.940553
-3.46615
-3.46615
-4.10049
-4.10049
-2.78856
-2.78856
-0.223768
-0.223768
-4.14149
-4.14149
-1.13504
-1.13504
-0.295024
-0.295024
-1.84578
-1.84578
-3.235
-3.235
-2.43343
-2.43343
1.35589
1.35589
5.13851
5.13851
-4.74953
-4.74953
0.857713
0.857713
-0.499303
-0.499303
-3.97313
-3.97313
-9.35329
-9.35329
-2.03993
-2.03993
1.99394
1.99394
1.58162
1.58162
-4.88598
-4.88598
1.14181
1.14181
-3.83891
-3.83891
142.19
142.19
-0.744037
-0.744037
0.298941
0.298941
217.95
217.95
1.9342
1.9342
1.73522
1.73522
-4.67254
-4.67254
-2.64836
-2.64836
-3.24124
-3.24124
-2.99317
-2.99317
0.733108
0.733108
2.18845
2.18845
-4.90837
-4.90837
-4.44975
-4.44975
302.408
302.408
-0.00509011
-0.00509011
-10.1228
-10.1228
4.26841
4.26841
-3.43685
-3.43685
0.887856
0.887856
1.19185
1.19185
-0.800947
-0.800947
-4.99323
-4.99323
1.25388
1.25388
-4.07329
-4.07329
-0.408809
-0.408809
-3.3766
-3.3766
2.99281
2.99281
1.28418
1.28418
2.12276
2.12276
324.947
324.947
-4.43493
-4.43493
-3.69341
-3.69341
-4.80565
-4.80565
-0.677284
-0.677284
-10.2168
-10.2168
-2.92795
-2.92795
1.50572
1.50572
-3.8158
-3.8158
-0.717961
-0.717961
1.09757
1.09757
-4.36361
-4.36361
-0.802261
-0.802261
-3.3411
-3.3411
0.879888
0.879888
0.0879629
0.0879629
2.19402
2.19402
-0.609048
-0.609048
520.449
520.449
-1.03482
-1.03482
-4.32101
-4.32101
-1.47679
-1.47679
-1.73369
-1.73369
-0.214661
-0.214661
-0.441858
-0.441858
-1.65163
-1.65163
-4.90399
-4.90399
-0.582127
-0.582127
-4.70374
-4.70374
-1.14172
-1.14172
1.30176
1.30176
0.441617
0.441617
-1.87743
-1.87743
-1.36305
-1.36305
-1.9556
-1.9556
1.43356
1.43356
-2.22661
-2.22661
0.652317
0.652317
-3.31481
-3.31481
-0.455737
-0.455737
0.996836
0.996836
0.802828
0.802828
1.65051
1.65051
-3.18994
-3.18994
-4.04406
-4.04406
-2.40636
-2.40636
228.615
228.615
-0.613484
-0.613484
-4.18846
-4.18846
0.239345
0.239345
-0.121917
-0.121917
-0.3854
-0.3854
-3.56468
-3.56468
1.60147
1.60147
-4.3861
-4.3861
-4.86074
-4.86074
-3.91619
-3.91619
-9.58396
-9.58396
-4.61572
-4.61572
1.81368
1.81368
1.29412
1.29412
-4.68378
-4.68378
-4.72811
-4.72811
-3.35551
-3.35551
-3.04063
-3.04063
-0.588033
-0.588033
-10.8851
-10.8851
-2.76221
-2.76221
861.744
861.744
-4.51987
-4.51987
1.58891
1.58891
71.8733
71.8733
-4.81324
-4.81324
-5.01912
-5.01912
-0.776946
-0.776946
0.52335
0.52335
-4.78957
-4.78957
1.20995
1.20995
-3.41056
-3.41056
-0.304931
-0.304931
-0.535758
-0.535758
-3.71845
-3.71845
0.952203
0.952203
-0.962441
-0.962441
1.56065
1.56065
1.9977
1.9977
-1.09066
-1.09066
-1.66008
-1.66008
-0.697435
-0.697435
-4.4384
-4.4384
0.0457483
0.0457483
0.322889
0.322889
1.76006
1.76006
-1.78025
-1.78025
936.875
936.875
-0.57437
-0.57437
-0.638853
-0.638853
-2.07712
-2.07712
0.732349
0.732349
-4.7862
-4.7862
289.064
289.064
-3.3212
-3.3212
-3.9167
-3.9167
-3.44368
-3.44368
1.47793
1.47793
-4.47758
-4.47758
-61.0268
-61.0268
-63.661
-63.661
-63.6902
2.18377
2.18377
1.05892
1.05892
-4.21518
-4.21518
-2.22805
-2.22805
1.04763
1.04763
525.868
525.868
-0.4663
-0.4663
-3.2244
-3.2244
-0.606745
-0.606745
-2.94378
-2.94378
-1.27614
-1.27614
-3.51698
-3.51698
0.877176
0.877176
1.94257
1.94257
-2.55926
-2.55926
-3.60099
-3.60099
2.37685
2.37685
-6.3645
-6.3645
484.339
484.339
-0.142232
-0.142232
1.40323
1.40323
0.127261
0.127261
-4.11085
-4.11085
-0.563891
-0.563891
-1.8304
-1.8304
-10.4477
-10.4477
523.437
523.437
453.01
453.01
0.479324
0.479324
-2.90116
-2.90116
2.12427
2.12427
1151.73
1151.73
-3.8231
-3.8231
-2.74617
-2.74617
-2.72318
-2.72318
-4.66707
-4.66707
-3.8944
-3.8944
-0.542799
-0.542799
1.25865
1.25865
-0.824438
-0.824438
-0.311951
-0.311951
1.64663
1.64663
-1.08638
-1.08638
-4.22187
-4.22187
-0.977825
-0.977825
512.848
512.848
-1.96871
-1.96871
1.39356
1.39356
-4.56921
-4.56921
-0.063332
-0.063332
-0.773115
-0.773115
1.58274
1.58274
-1.71295
-1.71295
1.104
1.104
-3.52476
-3.52476
-11.207
-11.207
-52.4226
-52.4226
-7.95222
-7.95222
-3.06939
-3.06939
-4.6304
-4.6304
-1.25339
-1.25339
-4.69237
-4.69237
330.023
330.023
1.17966
1.17966
0.660899
0.660899
-4.67064
-4.67064
-2.10072
-2.10072
-0.464529
-0.464529
-3.78706
-3.78706
-4.51264
-4.51264
1.43374
1.43374
-1.36788
-1.36788
0.456063
0.456063
1.46361
1.46361
0.963649
0.963649
-0.700874
-0.700874
86.2375
86.2375
-3.61165
-3.61165
-4.7544
-4.7544
447.395
447.395
-4.11837
-4.11837
-2.39971
-2.39971
-0.241045
-0.241045
-3.35211
-3.35211
-4.34255
-4.34255
453.471
453.471
2.32565
2.32565
0.261092
0.261092
1.45327
1.45327
-3.65435
-3.65435
1.82306
1.82306
-0.688321
-0.688321
0.587142
0.587142
0.950876
0.950876
-1.75841
-1.75841
-4.71884
-4.71884
1.76358
1.76358
-3.04452
-3.04452
-4.26152
-4.26152
-0.404481
-0.404481
-3.28305
-3.28305
-2.54703
-2.54703
1.38201
1.38201
-4.46062
-4.46062
-3.70189
-3.70189
0.0750464
0.0750464
-1.09381
-1.09381
-0.573607
-0.573607
-1.01818
-1.01818
-3.43333
-3.43333
-3.63427
-3.63427
-4.06582
-4.06582
864.435
864.435
890.437
-6.19781
-6.19781
2.31957
2.31957
-1.25902
-1.25902
-0.894499
-0.894499
1096.23
1096.23
0.738344
0.738344
-1.35339
-1.35339
-0.537515
-0.537515
-3.95113
-3.95113
0.533259
0.533259
-12.1794
-12.1794
-2.85284
-2.85284
1.63843
1.63843
-3.52203
-3.52203
-4.3692
-4.3692
-1.88887
-1.88887
0.879878
0.879878
-0.103847
-0.103847
2.00539
2.00539
-3.53234
-3.53234
-3.44024
-3.44024
-4.70671
-4.70671
-2.00894
-2.00894
-2.95336
-2.95336
1.17243
1.17243
-2.27542
-2.27542
1.94699
1.94699
-0.847417
-0.847417
1.5722
1.5722
1.23562
1.23562
-3.97276
-3.97276
0.337561
0.337561
1.39093
1.39093
-7.26068
-7.26068
-0.273405
-0.273405
-2.46636
-2.46636
-3.61347
-3.61347
1.33797
1.33797
158.733
158.733
-1.53063
-1.53063
304.208
304.208
0.149207
0.149207
-3.88871
-3.88871
-3.16965
-3.16965
-1.90028
-1.90028
-0.751702
-0.751702
-2.40911
-2.40911
-6.99181
-6.99181
-3.00306
-3.00306
-3.203
-3.203
-0.434761
-0.434761
-3.82861
-3.82861
377.628
377.628
-4.67332
-4.67332
-4.59756
-4.59756
-4.56015
-4.56015
-4.43723
-4.43723
-4.20177
-4.20177
1.10077
1.10077
-4.59556
-4.59556
1.43688
1.43688
-3.35891
-3.35891
-0.0330356
-0.0330356
2.19164
2.19164
-1.1246
-1.1246
-0.709876
-0.709876
-4.66297
-4.66297
1.82266
1.82266
-1.35804
-1.35804
-4.67412
-4.67412
-1.27271
-1.27271
28.428
28.428
-4.37586
-4.37586
1.58373
1.58373
1.60989
2.13053
2.13053
-2.69466
-2.69466
1.75981
1.75981
-1.05892
-1.05892
-0.207995
-0.207995
-3.64215
-3.64215
-3.4919
-3.4919
-4.53172
-4.53172
-0.586661
-0.586661
1045.3
1045.3
-4.21208
-4.21208
1.36633
1.36633
-3.74405
-3.74405
-0.126913
-0.126913
-10.2435
-10.2435
-1.52644
-1.52644
-0.376601
-0.376601
-4.14037
-4.14037
-0.94591
-0.94591
0.671341
0.671341
-2.18056
-2.18056
1.43737
1.43737
-3.81381
-3.81381
0.469234
0.469234
-1.6249
-1.6249
-2.83477
-2.83477
-3.73001
-3.73001
0.188787
0.188787
-4.13599
-4.13599
1.46788
1.46788
2.32151
2.32151
-1.94916
-1.94916
-0.538634
-0.538634
-2.30286
-2.30286
1.62959
1.62959
-4.41097
-4.41097
0.953422
0.953422
-0.892799
-0.892799
391.375
391.375
363.034
0.276332
0.276332
-3.50091
-3.50091
163.643
163.643
141.253
1.31437
1.31437
-73.5591
-73.5591
-73.5897
1.56229
1.56229
-4.03528
-4.03528
632.618
632.618
-3.98112
-3.98112
0.0921436
0.0921436
-8.70799
-8.70799
2.00811
2.00811
-2.56601
-2.56601
-4.68524
-4.68524
-0.773855
-0.773855
-1.37082
-1.37082
1.94656
1.94656
-3.7781
-3.7781
-0.08503
-0.08503
-3.57338
-3.57338
-1.29491
-1.29491
-4.62789
-4.62789
223.462
223.462
-2.06967
-2.06967
-1.52927
-1.52927
-3.29542
-3.29542
-52.4304
-52.4304
-4.3542
-4.3542
-1.61737
-1.61737
1.16954
1.16954
-0.256547
-0.256547
-1.15799
-1.15799
-3.11778
-3.11778
-0.721533
-0.721533
665.485
665.485
521.033
521.033
0.542937
0.542937
0.189047
0.189047
-2.69637
-2.69637
-3.90306
-3.90306
-0.425573
-0.425573
0.348611
0.348611
-3.66616
-3.66616
0.745926
0.745926
-3.63868
-3.63868
-3.80063
-3.80063
1.42063
1.42063
-1.0958
-1.0958
1.81916
1.81916
0.884803
0.884803
-4.01167
-4.01167
0.161873
0.161873
1.2195
1.2195
-4.55301
-4.55301
-6.10689
-6.10689
-4.51096
-4.51096
738.741
738.741
-0.59679
-0.59679
1.7543
1.7543
-4.25525
-4.25525
-2.11493
-2.11493
-4.46495
-4.46495
-4.33449
-4.33449
-2.22656
-2.22656
-1.79217
-1.79217
-0.018425
-0.018425
-0.973957
-0.973957
-4.62783
-4.62783
-4.69113
-4.69113
-4.60113
-4.60113
106.217
106.217
-3.71551
-3.71551
-3.84997
-3.84997
-2.46326
-2.46326
-0.193766
-0.193766
-2.96557
-2.96557
-1.6738
-1.6738
136.378
136.378
638.789
638.789
1.09966
1.09966
-4.27369
-4.27369
-3.43877
-3.43877
2.19588
2.19588
2.13295
2.13295
-0.36703
-0.36703
-6.50542
-6.50542
516.15
516.15
-0.915806
-0.915806
1.38082
1.38082
-4.51154
-4.51154
-8.41154
-8.41154
-3.25667
-3.25667
-4.22013
-4.22013
-1.38725
-1.38725
-4.12433
-4.12433
-1.61927
-1.61927
-1.53813
-1.53813
-2.5844
-2.5844
-0.542037
-0.542037
-4.67293
-4.67293
1.62064
1.62064
-0.787342
-0.787342
-3.67814
-3.67814
-8.67297
-8.67297
-1.3168
-1.3168
-4.68139
-4.68139
-3.09807
-3.09807
0.480675
0.480675
-1.78168
-1.78168
1.31034
1.31034
0.287976
0.287976
454.696
454.696
1.54994
1.54994
-3.78883
-3.78883
-4.64261
-4.64261
-1.18404
-1.18404
-4.0587
-4.0587
2.00763
2.00763
-4.43594
-4.43594
1.94421
1.94421
-0.72987
-0.72987
0.102932
0.102932
-1.87443
-1.87443
-2.83768
-2.83768
2.32719
2.32719
-4.16814
-4.16814
-0.0758156
-0.0758156
-1.1209
-1.1209
-2.9879
-2.9879
-2.38622
-2.38622
-0.25059
-0.25059
335.998
335.998
1.5929
1.5929
0.68091
0.68091
-3.96973
-3.96973
-2.17646
-2.17646
-4.40418
-4.40418
-2.13582
-2.13582
-0.425301
-0.425301
-3.97815
-3.97815
-2.99331
-2.99331
-1.68463
-1.68463
-0.989505
-0.989505
-2.49802
-2.49802
-4.61909
-4.61909
-3.63468
-3.63468
-2.96298
-2.96298
1.81398
1.81398
0.357445
0.357445
-0.605025
-0.605025
0.957278
0.957278
-3.24378
-3.24378
-1.62423
-1.62423
2.2072
2.2072
1.16849
1.16849
-1.78142
-1.78142
-3.70819
-3.70819
-1.54807
-1.54807
1.74786
1.74786
-3.52693
-3.52693
2.39878
2.39878
2.45158
2.39684
2.39684
2.44965
-9.26085
-9.26085
1.53334
1.53334
-0.928263
-0.928263
-4.57834
-4.57834
0.17007
0.17007
-1.4037
-1.4037
-1.86603
-1.86603
1.51926
1.51926
-4.35101
-4.35101
-4.54193
-4.54193
-4.43801
-4.43801
-54.1021
-54.1021
-2.73206
-2.73206
-0.0112995
-0.0112995
-3.50681
-3.50681
-3.91622
-3.91622
-4.15728
-4.15728
-3.36196
-3.36196
-4.57355
-4.57355
-0.188753
-0.188753
0.551674
0.551674
-1.33551
-1.33551
-4.38901
-4.38901
-4.26226
-4.26226
2.13298
2.13298
-0.365752
-0.365752
-4.33729
-4.33729
2.38696
2.38696
2.44566
2.19717
2.19717
1.37722
1.37722
-0.797042
-0.797042
-3.75773
-3.75773
-1.20019
-1.20019
-0.546533
-0.546533
21.4027
21.4027
372.511
372.511
-2.84997
-2.84997
-4.20594
-4.20594
-4.55059
-4.55059
-3.97558
-3.97558
-4.6848
-4.6848
-4.64784
-4.64784
1.60863
1.60863
-3.2168
-3.2168
640.164
640.164
-2.33266
-2.33266
-2.03679
-2.03679
2.38365
2.38365
2.44624
-3.86591
-3.86591
-1.1352
-1.1352
342.944
342.944
2.00511
2.00511
-2.43536
-2.43536
-4.07578
-4.07578
-0.736524
-0.736524
-4.66986
-4.66986
0.752808
0.752808
1.09968
1.09968
1.9405
1.9405
-9.22536
-9.22536
-3.8364
-3.8364
-2.64837
-2.64837
736.291
736.291
-1.68768
-1.68768
-3.65866
-3.65866
-3.49166
-3.49166
1.30803
1.30803
-4.51116
-4.51116
0.890096
0.890096
-2.2946
-2.2946
0.29643
0.29643
2.3298
2.3298
-0.99925
-0.99925
-1.86299
-1.86299
-1.63127
-1.63127
-3.91505
-3.91505
0.109971
0.109971
-1.78333
-1.78333
659.693
659.693
298.944
298.944
-4.31701
-4.31701
1275.87
1275.87
-1.55837
-1.55837
-0.0710603
-0.0710603
1.58431
1.58431
-3.34226
-3.34226
-4.67092
-4.67092
-2.75857
-2.75857
0.489378
0.489378
-3.09167
-3.09167
-0.249021
-0.249021
-1.41636
-1.41636
1150.35
1150.35
-4.01514
-4.01514
-4.14919
-4.14919
-0.427642
-0.427642
-4.71876
-4.71876
1.80816
1.80816
-4.49747
-4.49747
-51.287
-51.287
687.881
687.881
-4.47837
-4.47837
-0.935777
-0.935777
-4.53241
-4.53241
150.272
150.272
183.072
-23.0421
-23.0421
-46.9221
-2.02255
-2.02255
-1.34828
-1.34828
-0.611264
-0.611264
690.282
690.282
-4.66003
-4.66003
1.74076
1.74076
1.51481
1.51481
2.24144
2.24144
-3.93428
-3.93428
-4.49109
-4.49109
-1.20946
-1.20946
-2.11073
-2.11073
-4.61775
-4.61775
-4.31722
-4.31722
-4.15409
-4.15409
-4.47719
-4.47719
0.687938
0.687938
-3.21163
-3.21163
0.364084
0.364084
-4.70861
-4.70861
-3.90991
-3.90991
-2.98576
-2.98576
2.13122
2.13122
2.19628
2.19628
-4.64072
-4.64072
-0.80385
-0.80385
-2.58542
-2.58542
0.175953
0.175953
539.06
539.06
510.72
-2.39223
-2.39223
-0.0067871
-0.0067871
-4.0313
-4.0313
-0.186223
-0.186223
-3.59094
-3.59094
473.052
473.052
-4.38248
-4.38248
875.122
875.122
1365.16
1365.16
-2.68782
-2.68782
-3.74558
-3.74558
-0.365687
-0.365687
2.3895
2.3895
2.45209
942.987
942.987
-1.143
-1.143
1.79053
1.79053
1.16806
1.16806
-0.54906
-0.54906
0.558157
0.558157
-4.64915
-4.64915
-1.86205
-1.86205
-4.33496
-4.33496
2.0016
2.0016
1.37511
1.37511
-4.22266
-4.22266
-1.63798
-1.63798
-4.63278
-4.63278
-1.78585
-1.78585
0.960719
0.960719
1.93627
1.93627
1.81906
1.81906
-3.45219
-3.45219
-4.32599
-4.32599
2.32996
2.32996
-3.86945
-3.86945
-4.00104
-4.00104
-2.01757
-2.01757
-4.6221
-4.6221
-2.89877
-2.89877
-1.56666
-1.56666
-4.10738
-4.10738
-0.739898
-0.739898
-3.71356
-3.71356
1256.98
1256.98
-3.09965
-3.09965
1.71973
1.71973
-4.47978
-4.47978
-4.62185
-4.62185
-2.35721
-2.35721
-1.00528
-1.00528
-3.00757
-3.00757
-3.03985
-2.09933
-2.09933
-1.4243
-1.4243
1307.94
1307.94
-4.73416
-4.73416
-3.95602
-3.95602
-4.18076
-4.18076
-3.57158
-3.57158
-2.98743
-2.98743
-3.01947
0.756971
0.756971
-4.62683
-4.62683
-2.94504
-2.94504
-3.20769
-3.20769
-3.23981
0.889641
0.889641
-1.35559
-1.35559
-4.58831
-4.58831
-2.09232
-2.09232
1.58088
1.58088
-4.22383
-4.22383
-3.00621
-3.00621
2.24079
2.24079
-4.48766
-4.48766
-3.80833
-3.80833
-4.07443
-4.07443
-0.939075
-0.939075
-2.54033
-2.54033
3.06291
3.06291
-2.42642
-4.33587
-4.33587
-4.62528
-4.62528
1.30509
1.30509
-3.33024
-3.33024
-4.73589
-4.73589
1.09865
1.09865
-2.63532
-2.63532
-2.26549
-2.26549
1.73033
1.73033
-4.49436
-4.49436
1.80146
1.80146
-4.73934
-4.73934
-3.62016
-3.62016
-3.58773
-3.68647
-3.68647
-3.7183
1050.27
1050.27
0.893174
0.893174
-4.30219
-4.30219
2.39326
2.39326
2.45586
-2.82993
-2.82993
-3.92558
-3.92558
643.945
643.945
-3.44513
-3.44513
-1.21453
-1.21453
-4.63472
-4.63472
-4.70842
-4.70842
1.98114
1.98114
-3.81427
-3.81427
-3.84609
-4.1633
-4.1633
-4.75922
-4.75922
-4.00656
-4.00656
381.905
381.905
405.7
355.657
355.657
347.533
2.12854
2.12854
1150.89
1150.89
-4.28095
-4.28095
2.19414
2.19414
-1.8627
-1.8627
-4.74339
-4.74339
-2.01434
-2.01434
-3.67457
-3.67457
-4.74735
-4.74735
-2.93077
-2.93077
307.726
307.726
277.365
-2.50691
-2.50691
213.713
213.713
245.538
70.0673
70.0673
38.2735
-4.73979
-4.73979
-4.76881
-4.76881
1280.78
1280.78
-3.87775
-3.87775
-3.90957
-2.09258
-2.09258
1.51085
1.51085
-1.7888
-1.7888
0.49586
0.49586
1.78442
1.78442
0.303747
0.303747
-3.22512
-3.22512
2.3283
2.3283
1081.22
1081.22
949.639
949.639
0.11741
0.11741
-4.771
-4.771
1459.56
1459.56
-3.78886
-3.78886
-1.64286
-1.64286
657.834
657.834
-0.0640421
-0.0640421
-4.01696
-4.01696
-0.242884
-0.242884
-4.45196
-4.45196
582.318
582.318
-0.422699
-0.422699
-1.14605
-1.14605
301.951
301.951
-4.12962
-4.12962
-4.41492
-4.41492
1315.31
1315.31
1398.77
-3.9009
-3.9009
-3.93272
-0.607482
-0.607482
-2.33358
-2.33358
1.99771
1.99771
-3.33483
-3.33483
-2.24968
-2.24968
-4.50963
-4.50963
-1.57191
-1.57191
-4.79171
-4.79171
-3.13669
-3.13669
0.400433
0.400433
-2.77751
-2.77751
0.692894
0.692894
-4.65437
-4.65437
876.881
876.881
-3.5554
-3.5554
-4.6028
-4.6028
-2.59749
-2.59749
1.93163
1.93163
-36.0812
-36.0812
2.39426
2.39426
2.45686
1347.2
1347.2
-0.800348
-0.800348
-4.73021
-4.73021
-4.69992
-4.69992
-2.87188
-2.87188
-1.42848
-1.42848
-3.66568
-3.66568
1.7147
1.7147
-3.88616
-3.88616
-3.24084
-3.24084
-3.96652
-3.96652
-3.99835
-4.56321
-4.56321
-4.87353
-4.87353
1.98623
1.98623
-4.41433
-4.41433
-4.34694
-4.34694
-3.99483
-3.99483
-4.91633
-4.91633
-4.88696
-4.88696
-3.0644
-3.0644
0.893552
0.893552
-2.56707
-2.56707
-2.08792
-2.08792
1.09737
1.09737
-3.45134
-3.45134
-4.7848
-4.7848
-4.19621
-4.19621
-4.52332
-4.52332
-4.6873
-4.6873
-4.85055
-4.85055
-1.00199
-1.00199
-4.80376
-4.80376
-2.32025
-2.32025
-2.0123
-2.0123
1.30228
1.30228
-2.73877
-2.73877
-1.35808
-1.35808
-4.66432
-4.66432
-3.16285
-3.16285
533.031
533.031
501.203
-2.48131
-2.48131
-4.30438
-4.30438
-2.24101
-2.24101
-4.80995
-4.80995
-2.82726
-2.82726
-4.93144
-4.93144
1148.28
1148.28
-4.84027
-4.84027
1287.64
1287.64
-4.81978
-4.81978
1.91634
1.91634
-3.55699
-3.55699
1499.51
1499.51
1563.17
-4.46874
-4.46874
-4.20755
-4.20755
-4.00325
-4.00325
-4.03508
-1.86365
-1.86365
1490.54
1490.54
-2.70956
-2.70956
-3.76895
-3.76895
1356.55
1356.55
2.32557
2.32557
2.39313
2.39313
2.45573
1.37907
1.37907
-3.00711
-3.00711
-4.72279
-4.72279
-4.72982
-4.72982
1081.19
1081.19
-4.67412
-4.67412
-4.71289
-4.71289
1.50691
1.50691
-3.3624
-3.3624
2.19142
2.19142
-2.96298
-2.96298
-2.54557
-2.54557
-3.87367
-3.87367
-2.79404
-2.79404
-1.79098
-1.79098
2.12542
2.12542
-4.4675
-4.4675
-1.21144
-1.21144
-3.09992
-3.09992
-2.46525
-2.46525
-4.58498
-4.58498
-2.31134
-2.31134
1159.41
1159.41
0.562121
0.562121
0.530293
-5.02549
-5.02549
873.682
873.682
0.368588
0.368588
0.336761
-3.28818
-3.28818
0.180605
0.180605
0.148776
-3.05051
-3.05051
-4.96779
-4.96779
-0.0022067
-0.0022067
-0.0340352
-3.46308
-3.46308
-4.07953
-4.07953
-0.181698
-0.181698
-0.213525
-2.92971
-2.92971
-4.70312
-4.70312
1.71006
1.71006
-0.361096
-0.361096
-0.392925
-0.544266
-0.544266
-0.576095
-2.2348
-2.2348
0.33212
0.33212
-3.0126
-3.0126
-4.98652
-4.98652
-1.64548
-1.64548
-2.76801
-2.76801
-5.04522
-5.04522
710.316
710.316
490.782
490.782
522.015
482.078
482.078
460.394
-0.734587
-0.734587
-0.766414
-2.08493
-2.08493
-3.66578
-3.66578
-3.22784
-3.22784
-4.92134
-4.92134
-2.68725
-2.68725
1501.18
1501.18
-4.64708
-4.64708
-2.53169
-2.53169
-3.18005
-3.18005
-4.7836
-4.7836
1.91131
1.91131
1.99282
1.99282
1087.9
1087.9
-0.933466
-0.933466
-0.965294
-5.04836
-5.04836
-3.38379
-3.38379
2.39071
2.39071
2.4533
-4.66008
-4.66008
-2.90459
-2.90459
-3.14313
-3.14313
-4.7894
-4.7894
-2.45496
-2.45496
0.760081
0.760081
0.728253
0.961742
0.961742
0.929915
-3.76616
-3.76616
-3.31844
-3.31844
1.16556
1.16556
1.13373
-4.93148
-4.93148
-1.42598
-1.42598
-2.98404
-2.98404
-1.5738
-1.5738
1543.67
1543.67
1607.06
-4.44067
-4.44067
-4.50432
-4.31687
-4.31687
-4.38053
-3.96407
-3.96407
1.92443
1.92443
-4.54223
-4.54223
-4.91391
-4.91391
-3.22475
-3.22475
-3.26593
-3.26593
-4.81205
-4.81205
-4.7813
-4.7813
-2.30498
-2.30498
-4.85753
-4.85753
-2.74904
-2.74904
1.37022
1.37022
1.33839
-4.88686
-4.88686
-4.82565
-4.82565
-2.01107
-2.01107
2.17759
2.17759
-4.79349
-4.79349
-1.14077
-1.14077
-1.1726
-4.87642
-4.87642
801.913
801.913
729.453
729.453
697.625
1084.52
1084.52
-4.82896
-4.82896
-2.67212
-2.67212
-3.11526
-3.11526
-3.38923
-3.38923
-4.18707
-4.18707
-4.25072
-3.4393
-3.4393
1565.03
1565.03
1628.69
2.32232
2.32232
-4.32394
-4.32394
-3.19322
-3.19322
-4.96717
-4.96717
-5.04223
-5.04223
-2.52235
-2.52235
-4.82955
-4.82955
-3.34991
-3.34991
-5.16201
-5.16201
-2.23052
-2.23052
-4.26459
-4.26459
-4.23277
-4.28112
-4.28112
-4.31295
-4.42428
-4.42428
1.57418
1.57418
1.54236
-3.57671
-3.57671
-4.68225
-4.68225
-2.96228
-2.96228
-4.79378
-4.79378
-1.86414
-1.86414
-5.06703
-5.06703
-3.50145
-3.50145
-5.11737
-5.11737
1361.21
1361.21
-4.9141
-4.9141
-1.35347
-1.35347
-1.3853
1.77654
1.77654
1.74472
-2.88587
-2.88587
-5.03151
-5.03151
-5.09516
2.38763
2.38763
2.45023
-5.00366
-5.00366
-3.42886
-3.42886
-3.47196
-3.47196
-4.59916
-4.59916
-4.66282
-2.73645
-2.73645
-4.06794
-4.06794
-4.1316
-3.86176
-3.86176
-4.99205
-4.99205
-4.82494
-4.82494
-4.76199
-4.76199
-4.82564
-4.80852
-4.80852
-2.44788
-2.44788
-4.89747
-4.89747
-4.96113
-4.78788
-4.78788
-3.31988
-3.31988
944.127
944.127
912.299
-3.09466
-3.09466
-5.14265
-5.14265
-3.16969
-3.16969
-4.56057
-4.56057
-2.08304
-2.08304
-4.93652
-4.93652
2.10978
2.10978
2.14161
1.97718
1.97718
1.94535
-5.03514
-5.03514
1294.56
1294.56
-3.67256
-3.67256
-5.0268
-5.0268
-4.91291
-4.91291
-4.91036
-4.91036
-3.39552
-3.39552
-3.52618
-3.52618
-5.15344
-5.15344
-5.21709
-4.95449
-4.95449
-5.0984
-5.0984
-2.66235
-2.66235
-4.9487
-4.9487
-2.9468
-2.9468
-4.90918
-4.90918
1501.69
1501.69
1571.94
1571.94
1635.59
-3.29775
-3.29775
-4.90257
-4.90257
-4.95582
-4.95582
2.1884
2.1884
-0.417715
-0.417715
-3.58456
-3.58456
-3.96107
-3.96107
-4.02473
-5.13874
-5.13874
-5.19169
-5.19169
-3.54457
-3.54457
-5.06403
-5.06403
-1.64372
-1.64372
-1.57033
-1.57033
-1.60216
-3.37053
-3.37053
-3.1527
-3.1527
-2.87323
-2.87323
-2.3008
-2.3008
-4.64149
-4.64149
-4.67332
-4.76573
-4.76573
-4.79756
-1.79164
-1.79164
-4.94193
-4.94193
-3.63522
-3.63522
-3.51395
-3.51395
-3.28235
-3.28235
2.12133
2.12133
-3.08005
-3.08005
-5.16602
-5.16602
-2.5162
-2.5162
1291.5
1291.5
1152.75
1152.75
1120.93
-5.12939
-5.12939
-3.35276
-3.35276
-5.04684
-5.04684
-5.25998
-5.25998
-5.26128
-5.26128
-5.32494
-5.17544
-5.17544
-5.04003
-5.04003
-3.59274
-3.59274
-5.09144
-5.09144
-2.22788
-2.22788
-5.09592
-5.09592
-5.08163
-5.08163
-3.49148
-3.49148
-4.89623
-4.89623
-4.92806
-2.72841
-2.72841
-4.44084
-4.44084
-2.01013
-2.01013
-3.62198
-3.62198
-3.68563
-5.04628
-5.04628
-3.66571
-3.66571
-3.72937
-3.77303
-3.77303
-3.86756
-3.86756
-3.93122
-5.18308
-5.18308
-4.52083
-4.52083
-4.55265
-5.20761
-5.20761
-5.08476
-5.08476
-2.93687
-2.93687
-5.223
-5.223
-3.58807
-3.58807
-3.65173
-3.47616
-3.47616
-3.1411
-3.1411
-2.08175
-2.08175
-2.29939
-2.29939
-2.22632
-2.22632
-2.25815
-5.24922
-5.24922
2.3842
2.3842
2.4468
-5.29154
-5.29154
-3.56272
-3.56272
-3.62638
-3.34114
-3.34114
-5.22853
-5.22853
-5.19474
-5.19474
-5.03529
-5.03529
-5.06712
-5.42854
-5.42854
-5.4922
-5.34141
-5.34141
-5.40642
-5.40642
-3.69772
-3.69772
-5.23969
-5.23969
-3.72052
-3.72052
-3.78418
-3.54487
-3.54487
-3.60853
-5.24786
-5.24786
-5.32071
-5.32071
-5.19289
-5.19289
-2.44371
-2.44371
-5.18566
-5.18566
-5.21749
-3.53369
-3.53369
-3.59735
-3.46724
-3.46724
-3.27239
-3.27239
-5.3391
-5.3391
-5.34933
-5.34933
-2.65668
-2.65668
-5.28663
-5.28663
-5.24083
-5.24083
-2.86611
-2.86611
-5.34828
-5.34828
-5.38011
-5.40783
-5.40783
-3.07144
-3.07144
-4.40065
-4.40065
-4.43248
-5.5288
-5.5288
-5.59468
-5.59468
-5.65834
-5.53548
-5.53548
-5.3547
-5.3547
-5.40479
-5.40479
1356.82
1356.82
1324.99
1492.33
1492.33
-5.59807
-5.59807
-5.66173
-5.56624
1555.61
1555.61
1619.27
1523.78
-5.53599
-5.53599
1563.94
1563.94
1627.59
-2.65542
-2.65542
-2.68725
-2.72639
-2.72639
-3.78753
-3.78753
-3.85119
-2.51454
-2.51454
-2.44238
-2.44238
-2.47421
-2.00816
-2.00816
-2.03999
-2.9343
-2.9343
-2.86475
-2.86475
-2.89658
-1.78906
-1.78906
-1.82089
-1.86278
-1.86278
-5.49156
-5.49156
-5.56362
-5.56362
-5.62728
-5.35314
-5.35314
-5.4168
-5.58359
-5.58359
-5.64725
-5.51509
-5.51509
-5.53238
-5.53238
-5.59604
-5.45596
-5.45596
-5.59939
-5.59939
-5.66305
-3.52943
-3.52943
-3.59309
-3.46459
-3.46459
-3.49641
-3.33628
-3.33628
-3.27006
-3.27006
-3.30188
-3.06979
-3.06979
-3.10162
-3.13774
-3.13774
-5.48791
-5.48791
-5.55157
-5.41169
-5.41169
-2.19569
-2.19569
-5.39159
-5.39159
-5.33472
-5.33472
-5.36901
-5.36901
2.31872
2.31872
2.38052
2.38052
2.44311
916.481
916.481
43.1102
43.1102
797.453
797.453
2.37404
2.37404
2.43719
2.18396
2.18396
0.385751
0.385751
1.95664
1.95664
2.11648
2.11648
2.3143
2.3143
1078.77
1078.77
-2.41678
-2.41678
842.382
842.382
691.98
691.98
663.64
2.30872
2.30872
2.34004
803.973
803.973
775.633
0.346878
0.346878
638.168
638.168
828.356
828.356
0.354341
0.354341
763.399
763.399
735.059
1.29713
1.29713
9.31155
9.31155
867.319
867.319
2.43086
2.43086
2.46087
2.30494
2.30494
2.28263
565.788
565.788
509.108
579.412
579.412
522.732
-370.819
-370.819
-431.459
528.463
528.463
471.783
365.582
365.582
308.902
634.504
634.504
577.824
660.142
660.142
781.986
781.986
921.594
921.594
578.752
578.752
629.525
651.934
651.934
701.26
597.434
597.434
647.345
846.549
846.549
9.35951
9.35951
0.455037
0.455037
665.368
665.368
720.257
0.552579
0.552579
0.591819
0.0998942
0.0998942
0.139134
984.088
984.088
964.186
964.186
544.507
544.507
124.603
124.603
-2.55117
-2.55117
327.117
327.117
1373.59
1373.59
1389.9
1389.9
724.992
724.992
768.376
747.332
747.332
619.169
619.169
514.109
514.109
539.316
539.316
545.849
545.849
669.082
669.082
1653.35
1653.35
1679.49
1507.07
1507.07
1481.1
733.461
733.461
3.78719
3.78719
330.112
330.112
-2.8307
-2.8307
230.515
230.515
508.982
508.982
-0.336628
-0.336628
369.874
369.874
-14.9575
-14.9575
496.46
496.46
2.15501
2.15501
350.549
350.549
7.74018
7.74018
1.50319
1.50319
632.45
632.45
652.879
11.5041
11.5041
346.958
346.958
10.2511
10.2511
625.036
625.036
-4.69738
-4.69738
2.76506
2.76506
1.10448
1.10448
2.47667
2.47667
2.53284
420.871
420.871
-5.53051
-5.53051
412.084
412.084
-10.086
-10.086
699.755
699.755
717.572
1.35339
1.35339
0.830022
0.830022
-6.63575
-6.63575
40.4061
40.4061
70.9577
70.9577
1696.52
1696.52
1748.84
0.645314
0.645314
-4.68873
-4.68873
111.463
111.463
-4.97448
-4.97448
0.793453
0.793453
16.4733
16.4733
0.662231
0.662231
-5.27099
-5.27099
241.125
241.125
0.577245
0.577245
176.705
176.705
317.85
317.85
325.346
325.346
-751.838
-751.838
-777.594
0.668685
0.668685
1499.98
1499.98
1433.89
1433.89
1482.26
-5.99774
-5.99774
)
;
    }
}


// ************************************************************************* //
