/*--------------------------------*- C++ -*----------------------------------*\
  =========                 |
  \\      /  F ield         | OpenFOAM: The Open Source CFD Toolbox
   \\    /   O peration     | Website:  https://openfoam.org
    \\  /    A nd           | Version:  8
     \\/     M anipulation  |
\*---------------------------------------------------------------------------*/
FoamFile
{
    version     2.0;
    format      ascii;
    class       volScalarField;
    location    "0.5";
    object      p;
}
// * * * * * * * * * * * * * * * * * * * * * * * * * * * * * * * * * * * * * //

dimensions      [1 -1 -2 0 0 0 0];

internalField   nonuniform List<scalar> 
1924
(
0
-15.0379
-15.2767
-15.2791
-15.2375
-15.4257
-15.4217
-15.5911
-15.5929
-15.1941
-15.7667
-15.8145
212.902
-16.0091
-17.8163
-18.1134
179.899
-16.0547
25.9159
-16.2208
273.547
-18.4071
143.827
-16.2583
-19.4631
-16.0011
-17.2867
-14.9253
-15.2584
-14.5949
137.531
-18.0842
-4.95524
148.146
-15.0486
94.1314
-17.2677
-15.2834
-14.4839
177.283
-16.6982
234.276
-16.542
120.117
-15.0147
-15.0576
-13.3043
-14.9594
446.432
304.503
-2.34974
191.116
-20.4442
-2.39051
-9.04242
-15.0317
-1.54839
-14.9598
-14.6989
-17.2284
53.3766
-18.0576
19.7959
-14.1686
-1.5352
-14.9817
-18.6107
106.388
-15.3161
-4.82487
41.7579
-18.3702
-14.3548
-14.6557
-14.7581
17.9875
-15.0496
-14.8402
-14.8713
-1.64432
-15.7846
-17.1634
-14.5349
192.01
14.7075
90.7636
-14.7384
-17.5243
370.868
53.9434
-18.4322
-16.8499
-14.6334
-15.5191
55.7656
-1.38027
-15.0979
-15.8368
-17.1479
29.1433
-15.476
125.292
-17.2563
-17.0279
-15.8451
-15.1467
-15.5252
-13.5634
-16.9922
-15.508
-15.1838
-15.4402
-15.3311
-14.5343
-14.9177
182.49
-15.4741
-18.3385
-7.45441
-15.0064
91.0404
888.429
314.247
114.257
-18.5689
-15.7084
11.6212
-14.9458
-15.5404
853.898
-15.2273
-15.6071
7.34521
-14.6181
121.296
-15.6015
-15.372
-15.4285
-16.4204
-15.2372
-14.8075
-18.3425
-8.4369
-26.4835
-15.6417
711.119
-14.7504
30.0995
-16.9273
-8.02107
-14.4123
981.538
13.8077
-15.7805
-15.6511
-15.7434
987.517
-15.3667
-15.351
-14.2316
-14.5725
0.419022
-15.8039
853.852
-13.4559
-15.756
-15.9575
1075.15
-15.0543
-15.5508
-14.7456
-15.7999
-15.1985
-17.076
-14.9292
-10.6193
-14.5557
49.3096
23.368
-15.9467
-16.5561
-18.2534
-14.8361
-16.0588
516.695
-13.8733
11.1331
-17.1529
-15.1678
-14.6869
-14.574
-15.7939
-15.4119
-15.9593
-16.2761
934.65
-17.0005
-11.5749
-14.5852
-11.9525
5.40472
-14.4928
-15.8364
-15.9453
-15.2391
-16.9631
-16.0985
6.48514
24.015
25.7099
784.89
-15.6309
-16.741
-16.3644
-17.0557
-15.0309
-17.6125
-14.405
-16.1162
-14.9833
-15.8695
-14.5098
-15.9554
-16.9141
-15.9585
-16.9161
-15.5345
-15.4167
-16.5123
-12.1532
-5.53648
-17.9547
-15.4613
39.2202
-17.0043
-16.1814
-16.723
-16.2712
-16.1082
865.097
-18.7023
-16.5708
-16.5602
1.3379
-12.258
26.0107
-16.1219
-15.008
-14.8889
-15.3328
-14.0829
804.403
-16.6047
-15.806
-15.2187
-17.1053
-15.9647
-16.0682
-16.2172
-16.3059
-16.0661
-16.2069
-17.0838
-14.9959
-17.6219
-14.7594
246.141
-15.178
-15.1784
-7.39318
-15.3276
-14.1766
-12.9088
-17.1321
-18.05
-15.8694
-16.1608
-16.998
-15.9051
-14.0558
81.4377
939.854
-18.2282
-16.6766
140.483
-14.7305
-15.6039
816.382
-16.4864
-17.1168
-16.2814
-14.5038
-17.0359
-16.8807
242.781
-12.8368
-17.3056
11.3776
-15.1062
-17.0665
909.669
-16.0548
-16.563
-17.8406
-16.3558
-17.4444
238.676
-16.4284
-16.7282
-14.8396
17.0388
-7.83189
-16.7454
-14.8116
-15.35
240.368
-16.3286
-16.5447
-16.3957
-16.4794
-14.6585
-13.846
-16.0912
-14.1767
-17.4504
-15.6351
-17.0291
-16.7476
-15.1467
-15.7497
-14.452
-18.5195
-10.0603
-16.3735
-14.9507
-17.0053
-17.5654
-16.4622
-16.8413
-16.1994
-15.5471
-14.408
-24.8866
2.41249
-17.4812
-18.6062
-13.6648
-18.6142
-7.53182
-17.8569
-17.6432
-12.5625
-12.7412
-16.8566
72.7413
-15.3816
783.084
-16.7447
-17.9005
-1.30122
-17.1917
-17.2049
-16.7014
-18.1622
-18.4679
-16.2435
-21.552
-14.3108
-16.9276
-16.5908
-16.4422
-16.6831
-18.24
-18.1135
-16.7534
112.843
-17.4034
-17.7383
-18.6327
-18.641
-18.6051
-15.301
-17.2979
-16.6543
-15.4453
-16.3231
-14.8706
-18.2989
-17.0595
-16.3692
-13.7936
-10.655
-17.028
-18.5049
-16.6657
16.7161
-17.8159
-22.3735
-15.8242
-18.6357
624.286
-15.1497
48.7239
-14.4397
1160.09
-17.5063
-16.1189
-18.5434
-18.5817
-19.09
-17.1844
-8.67309
-16.8448
-16.4172
-17.0559
-17.9671
-15.849
-17.157
54.5218
-15.2199
-16.9849
-13.6698
-16.0229
57.968
-18.3185
-16.6964
-15.406
-14.4986
-13.9167
-17.4222
-17.6999
-15.7643
-17.194
-8.29993
-16.8213
-17.3898
-16.5673
117.429
-16.5934
-18.0369
-15.7929
-19.0027
-16.758
-4.39219
-18.686
0.606284
-17.4788
-15.0708
-17.0839
-18.0857
-17.7858
-9.30492
-16.7905
-15.9763
-19.7822
-16.9608
-16.3551
-17.4608
-8.1961
-18.7396
-15.5945
-22.3756
158.11
-8.03973
27.7873
-18.1498
-18.5652
-17.1629
-16.6643
-14.848
-19.9384
-8.63601
-14.7255
-16.2526
-8.20581
-15.5133
-14.5078
-17.0831
-18.6796
-18.9716
-17.5188
-16.9203
-17.0758
-18.5605
-19.5596
-19.3257
-18.3943
-18.281
-17.526
-15.5433
133.75
-17.7217
-8.59103
-15.3279
-16.9555
-16.0698
-18.7113
-17.5921
-19.2519
-14.5704
-16.8132
-17.5971
-15.3151
-20.4792
118.803
-17.9584
-17.2535
-20.5555
-10.2381
-16.5883
-15.358
-15.98
-17.6702
-16.8717
-18.0348
-18.2751
-22.3214
-17.0204
-16.8568
-18.9264
-8.34675
-17.4041
-15.8104
-16.4789
-16.9465
-17.0025
-14.9359
1.91323
-20.5792
-17.4396
-7.86494
-17.1829
-9.25956
63.231
68.2733
-18.571
-17.0704
-9.25785
160.899
-19.5578
-19.7646
-13.96
0.301668
-15.2778
-16.2941
-18.0986
-14.5438
-14.2352
-18.6801
-16.0359
-18.2934
-17.2993
-19.1526
-9.00585
-18.2522
48.7595
28.4521
-1.66125
-4.12055
-14.4111
-19.2335
-8.27753
-3.1341
-17.6212
-15.891
65.8417
-15.7286
-15.3875
-14.6782
-9.00344
-16.2003
-17.6755
-19.1167
-17.4436
-15.136
-18.1971
48.8562
88.7372
-16.8184
-4.08082
-24.89
-18.7819
-16.9308
-17.9331
-1.64367
5.99932
-17.059
-7.01222
-16.0315
-14.4552
-20.2608
-8.81318
2.09623
-1.58254
-1.67465
-16.7022
-18.5501
-15.3406
-18.5843
-7.69236
-1.35329
-17.2035
-17.8008
-14.6484
-9.81616
-17.4713
-17.1256
-15.571
52.4111
-6.61183
-19.8854
-17.6672
66.2176
-15.5943
-25.1469
-18.7122
-17.0077
47.9935
-1.57485
-13.7849
-16.5156
-15.9463
-15.5005
-22.9225
-17.1863
-14.8583
1.38206
-18.7505
-17.1055
8.01232
-18.9967
-18.6793
-15.4184
-7.62533
-9.65567
-1.44038
-18.8065
10.3657
-18.0863
-16.4192
-17.9787
-17.6853
-11.1515
-19.5875
-18.0956
-17.4725
-20.965
-17.8617
-18.0333
-17.9658
-8.46299
-18.3313
-15.282
-17.1633
19.993
-18.0633
-7.84839
-15.4914
-20.0587
-4.10647
28.3132
-1.44749
-15.0639
-16.2493
-18.5894
-14.437
-20.1898
-18.8962
-9.25441
-10.8061
-20.8253
-15.786
18.0824
-15.7359
-17.5834
-16.163
-17.1648
-19.3
-1.97806
3.79696
-16.9214
-17.0428
-18.7465
-18.6985
-20.073
-17.4248
-18.7314
320.546
-16.7318
2.42173
-14.3794
-18.074
-15.5734
-19.3455
-8.31689
-17.2939
2.20723
-15.3465
-12.5569
-18.4371
-16.0031
-7.30052
-18.5494
125.295
-1.73929
-18.3984
-18.0453
-19.7175
-16.6327
-10.4205
-9.05112
-2.09911
-18.1553
399.035
-19.6694
-17.0818
-18.3506
-7.68717
-17.4289
206.236
-15.2702
-18.7438
-15.7066
5.77207
-19.2242
194.841
61.597
-1.66309
84.4815
-16.465
-18.8638
-7.47768
20.0571
-20.4584
-18.9173
-19.6822
-18.9024
-17.9949
-18.7712
-7.47888
-1.86056
-18.8912
-15.9226
-0.952528
-15.7159
3.0308
-11.835
4.46798
-10.0683
-16.3771
-22.7479
-18.1622
-17.2803
13.9393
-3.67033
-17.2554
-14.4224
-1.76615
678.755
-18.8197
-14.7182
-19.0176
-17.9079
-16.2168
-23.046
-1.59984
-19.2977
-13.9526
-1.84945
-19.111
-18.7932
-19.2362
15.8811
-18.3354
100.175
-16.9398
-11.2316
-19.3543
-1.75356
-18.0008
-6.83213
-15.556
-17.5888
-7.24058
-16.563
-14.9249
-18.7953
-18.3819
-17.2557
-13.4395
-6.96891
-7.97066
-17.1347
-18.527
-16.8427
-16.1356
-16.839
-1.73686
-18.2491
-8.59524
78.0076
66.2452
-20.3406
-14.1897
-15.7686
-17.632
-8.26471
-18.7397
-18.7864
-13.284
-15.1268
-16.6748
-4.74986
-1.23543
-9.41867
-3.10846
-18.9826
-2.47842
-20.6984
-6.36044
-7.24374
-17.674
-17.4979
-2.80755
-18.9312
-16.5861
-14.5451
-19.0592
-18.9264
-4.73423
-19.2005
-15.9826
-10.5837
-19.5268
-22.8469
-19.6707
-15.4801
-19.0047
-16.4289
722.114
-15.8143
-1.40123
-19.0392
-19.3116
969.116
-7.78578
-18.8816
-19.6479
-19.2251
-8.4148
-17.5638
-18.983
-4.03191
-15.6922
-18.98
-17.8429
-7.44374
-12.056
-2.18997
-15.3411
-19.2599
-17.6325
-17.9029
-14.6425
-6.56676
-18.2672
-2.36766
-19.4621
-4.82867
-6.71758
-16.3471
-9.1803
-5.85211
-18.0319
-14.1753
-14.4847
-15.9053
-6.10609
418.548
-18.2219
-13.9468
-10.2514
-19.2669
-14.8572
-18.4155
-21.4712
-18.4184
-15.9706
-18.9574
-19.0446
-16.1868
-16.1915
184.177
-17.7961
-17.1396
-17.037
-16.8763
-19.0252
-6.76326
-18.6837
-5.7843
-15.049
-11.5396
-2.0111
-19.5308
-22.1835
-17.3383
-3.09757
-19.3918
-17.4559
-19.4792
-14.2885
-16.788
-0.139951
-2.19702
-18.9928
-3.34899
-19.3069
-13.2312
-15.5462
-15.2735
-18.7127
-18.099
527.61
-16.6344
-6.14252
-16.1136
-17.9159
-17.6784
-18.746
-15.0352
-19.2033
-20.1707
-8.10578
-17.9878
120.476
-19.2603
-8.75949
-18.5377
-19.0167
-15.7569
0.735631
-16.5526
-1.75278
-1.61569
-18.0577
-16.8486
-18.0789
-4.5773
-19.1205
-7.24944
-20.4684
-11.6846
-9.56711
-19.1266
109.953
-6.09033
148.122
-5.06227
-19.3619
108.881
-16.4053
-10.6367
-16.9252
-2.67962
-18.496
-17.6605
-19.3363
-19.7042
-2.9739
-15.9691
-11.9454
-15.4769
-19.5763
-18.1751
-14.091
-18.4765
-19.5327
-19.0637
-0.648362
-19.1578
-19.3928
-6.53958
-13.5232
-19.6958
-19.0046
-18.6319
114.551
3.43646
-8.55277
-9.19165
-18.6306
-16.3254
-15.1506
-9.32041
-15.6856
-7.89495
-19.4193
-19.2326
-5.8725
-19.9394
-3.62944
-7.47357
-19.3756
-10.3119
102.833
-18.6282
-16.0486
-17.0693
190.112
-16.5661
-3.94376
-19.1094
-18.1896
-16.9812
-16.833
-18.1408
-18.605
-11.5135
-19.5021
-17.3319
-17.8681
-17.2316
280.373
-15.8972
-16.1781
-18.2217
-12.9626
-19.0131
-14.7567
-14.179
108.954
-6.76058
-16.7528
-19.051
-2.45764
-2.67458
-14.4781
-16.1737
19.2796
-19.0223
-5.855
-18.7816
-17.3145
-19.0167
-19.2792
-19.3362
-16.6032
-19.6006
-19.4402
-18.3445
-15.8296
-17.5202
-4.76728
-17.6503
-15.6226
-16.5611
-19.4919
-17.6257
-18.9658
-8.90439
-19.1993
-6.08653
-9.70962
-9.2992
-5.08788
-16.1048
-18.2727
-19.4759
-16.5283
-3.22359
-18.9045
-3.50887
-16.9647
-10.6892
-18.8738
-18.6425
-1.97926
-19.3883
-11.8455
-19.3432
-14.7034
-18.2703
-13.1569
222.321
-5.1637
-8.19942
-16.3982
-18.3614
-18.9974
-18.5765
-14.4896
-19.3299
-14.9288
-14.4804
-18.0137
-18.2889
-18.4241
-15.5373
-18.7789
-4.03822
-9.4506
-15.6521
-7.27171
-15.106
-19.0103
-1.04677
-6.55752
-19.1425
-19.3343
-19.1388
-4.37866
-19.1498
-0.97898
-1.10966
-16.7537
-5.29364
-17.6018
-17.2502
-10.3764
-18.8507
-19.1754
-5.43216
-19.1727
-17.166
-17.0201
-7.89265
-18.4402
-11.4616
-15.2965
-16.3315
-19.3994
-19.061
-18.6624
-12.6972
-8.67385
-18.8524
-16.9423
-16.8044
-3.14196
-13.9832
-19.249
-1.27094
-2.91712
-5.89416
-16.583
-15.557
-18.3657
-15.1551
-14.2386
348.289
-18.5638
-16.7289
-18.7967
-19.3043
-18.0227
-17.4118
-4.97514
-18.9705
111.95
-18.3692
-18.7714
-1.46599
-15.7618
-18.0237
116.352
-3.63792
-18.3142
-16.5747
-16.1313
-17.5056
-7.96743
-6.78636
-3.9036
-17.0965
-19.4091
-18.3697
177.599
-14.7852
-19.2071
-19.0935
-6.1191
-18.9597
-7.50565
-18.4355
-9.81739
-2.42351
-17.1818
-18.5654
-18.4265
-15.9695
-10.7481
-18.6977
103.549
-13.9179
-19.3465
785.756
-18.4295
-11.8019
-5.28849
-19.0044
-18.3679
-18.4277
-9.00387
-18.741
-12.9526
-18.0627
621.007
-16.4888
-19.3506
-14.1176
-17.812
-4.35999
-19.0673
-4.25969
172.633
-19.182
-16.8238
-17.1968
363.291
264.977
-18.6988
-17.9269
-15.1709
171.635
-18.5061
-4.64106
-5.50842
-1.0577
-16.1756
-17.122
-17.5157
-18.6323
-17.3415
-19.3674
-19.3441
-19.2482
-8.25022
-18.8478
-9.54165
-17.6964
-19.4254
-18.5916
-3.51937
-3.30755
-18.6894
-16.0296
-18.3171
-10.435
19.433
-18.3284
-11.4431
-19.4077
-12.5526
-19.1475
-13.46
-16.9881
320.835
913.324
-18.3295
-19.2403
-13.6987
-1.78718
389.392
-17.241
-4.76054
-6.59075
-14.7726
-8.75313
-17.4217
-18.1054
-16.9166
-3.94191
-5.94325
-16.7923
-17.8626
-18.7987
-18.0896
-7.29313
-4.16201
-1.76717
-19.037
-19.3738
-2.86094
-19.3101
-16.3923
-18.2835
-19.009
-18.4745
-17.7629
-19.4218
-15.6875
-19.2077
735.477
-18.6932
-4.96626
-19.339
-19.0881
-18.2287
-16.6473
-14.6247
-18.2022
-17.5586
798.092
-18.0856
-19.33
-16.7277
-19.1041
-14.8561
-7.99653
-19.2146
-15.219
-15.0431
4.98117
-17.3842
-17.2929
-14.8521
-5.36482
-19.4334
-18.5482
-0.630043
-19.3817
-19.2484
-19.3961
-16.3764
-18.2279
-14.4018
-19.4044
-17.3644
-6.16025
-18.8643
-18.23
-6.82081
-18.2179
-18.3436
-4.83094
-17.161
-4.59478
-18.4394
-15.3808
-15.4864
554.651
-7.53175
-19.4598
-2.20575
-18.3462
-19.322
113.241
-18.9645
-17.0171
-19.2828
-17.5854
-0.889323
-15.6923
-19.4818
-19.0481
-16.4948
284.726
173.408
-3.78797
610.261
-19.5707
-3.60515
-17.6736
-18.7636
-17.7745
-19.1386
-18.8699
-18.4012
29.4563
-18.0484
-13.8958
-14.1248
-18.5543
-19.1342
730.79
-15.9009
-17.8154
-5.5646
-17.5849
-9.02092
-4.86278
-9.83978
-18.7217
-3.23132
536.032
384.34
-10.748
-17.877
939.985
-19.22
-17.496
106.072
-11.7469
-19.3875
-12.8177
-17.0928
331.186
-13.8992
-16.823
191.74
-19.4806
-19.4542
955.864
-16.1039
-14.9009
-17.9189
-4.16293
-18.8157
-17.911
-19.4579
-17.3841
-19.2932
-18.5799
15.9122
-18.1859
-8.24017
-19.4057
313.778
-18.9958
-17.3251
-18.0478
-4.35588
-7.86632
-2.6485
801.327
-15.7402
-17.6755
-17.5078
-18.2361
-17.1825
-19.0912
-5.04118
-19.2737
-18.6633
-16.327
-17.2597
-18.845
-4.43711
-19.8139
-16.9695
-19.3638
-19.1332
-18.9431
-18.4205
-7.50248
-17.783
-17.5128
-6.80829
-18.8544
-17.9952
-16.7666
-19.5452
-17.4555
-18.6218
-16.3676
-19.3861
-17.6204
-17.4343
-6.15719
-17.9785
-17.0635
-19.4768
-18.5011
7.29932
-17.715
-16.9064
-17.5434
-18.2128
-18.0413
-19.2418
589.642
-18.5129
720.553
-18.3225
-4.59159
-18.9478
1008
-19.3188
-19.5394
-16.4495
-17.3817
934.875
-17.7075
-19.1427
790.404
-3.51126
-3.03853
19.3207
-18.2345
-17.5248
-17.5853
520.082
-17.4183
-17.482
-5.56832
-18.6993
-3.82397
-18.0219
-17.5565
-19.2388
-17.8122
-17.306
-3.98276
-17.1392
-16.7742
-18.319
-17.4567
-17.3004
-17.4003
587.047
-8.74597
-18.9498
312.104
-9.54745
-18.5275
-10.4271
-18.1172
-18.6468
-11.3941
-18.7928
-19.4153
-12.4412
-17.7893
-17.4543
-5.05116
-13.5201
-14.5499
-17.3271
7.08314
-17.9024
-18.7482
-17.2044
-17.5994
-19.0653
181.924
288.172
226.667
-15.4455
-17.2881
-19.0013
-18.3352
-19.4687
-17.4919
925.035
-19.662
-17.3741
-18.1263
-19.5568
-4.6077
-4.32328
517.283
-16.1432
-19.335
-18.624
-3.34624
-17.3937
-17.5923
-17.9117
-17.5689
-17.2955
-7.96743
-7.24319
-19.0992
-18.4374
-6.5689
-18.4256
-16.9974
-17.6994
-17.1364
1006.31
-19.9679
-19.6053
-19.2917
-4.50012
-17.2386
-18.3272
-18.0279
-18.2361
-17.8381
-17.5415
-17.2228
-18.0415
-17.4132
-5.9416
-17.9043
-17.6021
-17.2293
-4.12672
-17.6082
-16.6206
-18.1387
291.938
175.678
515.342
-17.6322
-17.3303
-17.7195
-18.2675
-19.5065
-18.4725
997.913
-3.71178
-16.9584
-17.8282
-18.1798
-18.4653
-17.2096
-17.6772
-18.0602
-19.1729
-17.1728
-16.8612
-16.8919
-17.0757
-5.38107
-18.8415
-17.4268
-17.5083
-17.6638
-17.1614
-18.5648
-18.6655
-18.7685
782.662
-17.9918
-16.908
-4.88989
-17.4165
-19.4812
-3.57259
-18.0626
-18.1765
-18.3823
-19.4621
-17.253
-19.3951
-19.1514
-18.2701
-17.7409
-19.718
-17.5707
-17.1559
-19.5687
-17.7449
-17.8671
379.43
-17.5374
-18.8848
-17.6384
-17.2771
-17.1094
-17.8901
-4.23929
-4.4968
-18.1466
717.02
-18.9434
-17.9688
-17.7136
-17.7539
-17.9768
-18.583
-19.3347
-17.7771
-18.3244
-17.1888
-17.8234
-17.3454
-17.6844
915.569
988.897
-17.684
-17.8126
-17.746
-3.97979
-13.6057
-18.4112
-19.2618
-18.2147
-18.6051
-18.2057
-18.0486
-17.0802
-17.0376
-17.7877
-17.4744
-17.2676
-17.0749
-17.3744
-17.5194
-17.1236
-17.7116
-18.6161
-18.0101
-17.5322
-4.12049
-17.384
-18.1276
-17.0765
714.019
580.074
-18.4179
-17.6253
-17.8599
-19.0061
-19.1728
-18.3024
-17.9035
-18.7713
-17.926
-17.0522
-17.8933
-17.9764
-17.8274
-17.6599
-17.1232
-17.1199
-17.0849
-18.3356
-17.8288
-18.5417
-18.99
-19.1073
-18.0621
-17.2224
-18.2106
-17.8567
-17.213
-18.7163
-18.1355
-17.6779
-17.3396
-17.0739
-17.056
-17.0527
-18.4737
-3.73029
-18.3712
-17.9456
-17.4991
-18.139
-17.9863
-17.8014
-18.8666
-18.8525
-18.7215
-18.811
-18.0194
-18.7437
-17.7832
-18.0549
-18.2913
-18.0174
-17.0463
-17.9559
-17.659
-17.5741
-17.4181
-18.2299
-18.1861
-17.0797
-18.5772
-18.0872
-17.1556
-18.1322
-18.2034
-17.2702
-17.0612
-18.4098
-18.4615
-18.3746
-18.1605
-18.2621
778.715
909.549
-18.4181
974.32
-18.3567
978.198
-17.0878
-17.1108
-18.9338
-17.0649
-17.0534
-17.0694
-17.195
-17.1597
-17.0756
-17.0928
-18.5284
-18.5672
-19.0114
-18.5062
-18.4609
-18.6458
-18.6142
-18.4326
-17.6218
-17.5562
-17.4561
-17.4009
-17.2664
-17.3128
-18.7447
-18.2299
-14.9081
-18.312
-18.4665
-18.3796
-3.84751
-3.82841
390.341
105.348
291.906
-3.86934
-4.08352
-1.80746
-1.47201
-4.2102
-3.92682
877.028
-14.9973
350.06
166.234
-3.95276
333.048
-9.1758
717.412
303.337
1.0949
458.592
48.0179
-15.0089
356.105
-0.696015
-0.684831
572.706
652.112
231.005
674.081
530.818
639.2
125.397
283.907
462.759
512.045
527.794
522.808
436.416
-4.43476
-8.53897
490.676
8.13259
8.12472
522.48
469.512
494.912
16.1847
-15.0549
225.176
1093.93
1064.7
543.612
674.45
715.861
590.832
633.243
730.73
698.76
1256.07
1139.27
194.82
-6.51129
320.991
-15.1543
638.247
474.474
8.98014
382.554
229.818
451.698
12.2774
349.654
264.129
10.95
470.581
315.204
292.173
16.8984
422.26
-16.1012
89.1144
0.120031
-0.72169
261.651
-16.2873
321.403
-9.48228
482.843
-14.0782
29.191
-16.4139
477.446
237.263
1302.21
13.7387
-15.9862
374.455
-16.2021
38.7647
525.665
27.9399
-16.1879
98.466
-4.18051
140.094
154.471
227.454
366.272
22.7931
1198.59
1200.88
-16.284
)
;

boundaryField
{
    patch0
    {
        type            calculated;
        value           nonuniform List<scalar> 
4010
(
5.68434e-14
5.68434e-14
-15.0379
-15.0379
-15.2767
-15.2767
-15.2791
-15.2791
-15.2375
-15.2375
-15.4257
-15.4257
-15.4217
-15.4217
-15.5911
-15.5911
-15.5929
-15.5929
-15.1941
-15.1941
-15.7667
-15.7667
-15.8145
-15.8145
212.902
212.902
-16.0091
-16.0091
-17.8163
-17.8163
-18.1134
-18.1134
179.899
179.899
-16.0547
-16.0547
25.9159
25.9159
-16.2208
-16.2208
273.547
273.547
-18.4071
-18.4071
143.827
143.827
-16.2583
-16.2583
-19.4631
-19.4631
-16.0011
-16.0011
-17.2867
-17.2867
-14.9253
-14.9253
-15.2584
-15.2584
-14.5949
-14.5949
137.531
137.531
-18.0842
-18.0842
-4.95524
-4.95524
148.146
148.146
-15.0486
-15.0486
94.1314
94.1314
-17.2677
-17.2677
-15.2834
-15.2834
-14.4839
-14.4839
177.283
177.283
-16.6982
-16.6982
234.276
234.276
-16.542
-16.542
120.117
120.117
-15.0147
-15.0147
-15.0576
-15.0576
-13.3043
-13.3043
-14.9594
-14.9594
446.432
446.432
304.503
304.503
-2.34974
-2.34974
191.116
191.116
-20.4442
-20.4442
-2.39051
-2.39051
-9.04242
-9.04242
-15.0317
-15.0317
-1.54839
-1.54839
-14.9598
-14.9598
-14.6989
-14.6989
-17.2284
-17.2284
53.3766
53.3766
-18.0576
-18.0576
19.7959
19.7959
-14.1686
-14.1686
-1.5352
-1.5352
-14.9817
-14.9817
-18.6107
-18.6107
106.388
106.388
-15.3161
-15.3161
-4.82487
-4.82487
41.7579
41.7579
-18.3702
-18.3702
-14.3548
-14.3548
-14.6557
-14.6557
-14.7581
-14.7581
17.9875
17.9875
-15.0496
-15.0496
-14.8402
-14.8402
-14.8713
-14.8713
-1.64432
-1.64432
-15.7846
-15.7846
-17.1634
-17.1634
-14.5349
-14.5349
192.01
192.01
14.7075
14.7075
90.7636
90.7636
-14.7384
-14.7384
-17.5243
-17.5243
370.868
370.868
53.9434
53.9434
-18.4322
-18.4322
-16.8499
-16.8499
-14.6334
-14.6334
-15.5191
-15.5191
55.7656
55.7656
-1.38027
-1.38027
-15.0979
-15.0979
-15.8368
-15.8368
-17.1479
-17.1479
29.1433
29.1433
-15.476
-15.476
125.292
125.292
-17.2563
-17.2563
-17.0279
-17.0279
-15.8451
-15.8451
-15.1467
-15.1467
-15.5252
-15.5252
-13.5634
-13.5634
-16.9922
-16.9922
-15.508
-15.508
-15.1838
-15.1838
-15.4402
-15.4402
-15.3311
-15.3311
-14.5343
-14.5343
-14.9177
-14.9177
182.49
182.49
-15.4741
-15.4741
-18.3385
-18.3385
-7.45441
-7.45441
-15.0064
-15.0064
91.0404
91.0404
888.429
888.429
314.247
314.247
114.257
114.257
-18.5689
-18.5689
-15.7084
-15.7084
11.6212
11.6212
-14.9458
-14.9458
-15.5404
-15.5404
853.898
853.898
-15.2273
-15.2273
-15.6071
-15.6071
7.34521
7.34521
-14.6181
-14.6181
121.296
121.296
-15.6015
-15.6015
-15.372
-15.372
-15.4285
-15.4285
-16.4204
-16.4204
-15.2372
-15.2372
-14.8075
-14.8075
-18.3425
-18.3425
-8.4369
-8.4369
-8.11484
-26.4835
-26.4835
-24.7776
-15.6417
-15.6417
711.119
711.119
-14.7504
-14.7504
30.0995
30.0995
-16.9273
-16.9273
-8.02107
-8.02107
-14.4123
-14.4123
981.538
981.538
1075.28
13.8077
13.8077
-15.7805
-15.7805
-15.6511
-15.6511
-15.7434
-15.7434
987.517
987.517
-15.3667
-15.3667
-15.351
-15.351
-14.2316
-14.2316
-14.5725
-14.5725
0.419022
0.419022
-15.8039
-15.8039
853.852
853.852
-13.4559
-13.4559
-15.756
-15.756
-15.9575
-15.9575
1075.15
1075.15
-15.0543
-15.0543
-15.5508
-15.5508
-14.7456
-14.7456
-15.7999
-15.7999
-15.1985
-15.1985
-17.076
-17.076
-14.9292
-14.9292
-10.6193
-10.6193
-14.5557
-14.5557
49.3096
49.3096
23.368
23.368
-15.9467
-15.9467
-16.5561
-16.5561
-18.2534
-18.2534
-14.8361
-14.8361
-16.0588
-16.0588
516.695
516.695
-13.8733
-13.8733
11.1331
11.1331
-17.1529
-17.1529
-15.1678
-15.1678
-14.6869
-14.6869
-14.574
-14.574
-15.7939
-15.7939
-15.4119
-15.4119
-15.9593
-15.9593
-16.2761
-16.2761
934.65
934.65
1028.39
-17.0005
-17.0005
-11.5749
-11.5749
-14.5852
-14.5852
-11.9525
-11.9525
5.40472
5.40472
-14.4928
-14.4928
-15.8364
-15.8364
-15.9453
-15.9453
-15.2391
-15.2391
-16.9631
-16.9631
-16.0985
-16.0985
6.48514
6.48514
24.015
24.015
25.7099
25.7099
34.6857
784.89
784.89
-15.6309
-15.6309
-16.741
-16.741
-16.3644
-16.3644
-17.0557
-17.0557
-15.0309
-15.0309
-17.6125
-17.6125
-14.405
-14.405
-16.1162
-16.1162
-14.9833
-14.9833
-15.8695
-15.8695
-14.5098
-14.5098
-15.9554
-15.9554
-16.9141
-16.9141
-15.9585
-15.9585
-16.9161
-16.9161
-15.5345
-15.5345
-15.4167
-15.4167
-16.5123
-16.5123
-12.1532
-12.1532
-5.53648
-5.53648
-17.9547
-17.9547
-15.4613
-15.4613
39.2202
39.2202
-17.0043
-17.0043
-16.1814
-16.1814
-15.3671
-16.723
-16.723
-16.2712
-16.2712
-16.1082
-16.1082
865.097
865.097
958.837
-18.7023
-18.7023
-16.5708
-16.5708
-16.5602
-16.5602
1.3379
1.3379
-12.258
-12.258
26.0107
26.0107
-16.1219
-16.1219
-15.008
-15.008
-14.8889
-14.8889
-15.3328
-15.3328
-14.0829
-14.0829
804.403
804.403
-16.6047
-16.6047
-15.806
-15.806
-15.2187
-15.2187
-17.1053
-17.1053
-15.9647
-15.9647
-16.0682
-16.0682
-16.2172
-16.2172
-16.3059
-16.3059
-16.0661
-16.0661
-16.2069
-16.2069
-17.0838
-17.0838
-14.9959
-14.9959
-17.6219
-17.6219
-14.7594
-14.7594
246.141
246.141
-15.178
-15.178
-15.1784
-15.1784
-7.39318
-7.39318
-15.3276
-15.3276
-14.1766
-14.1766
-12.9088
-12.9088
-17.1321
-17.1321
-18.05
-18.05
-15.8694
-15.8694
-16.1608
-16.1608
-16.998
-16.998
-15.9051
-15.9051
-14.0558
-14.0558
81.4377
81.4377
939.854
939.854
1006.64
-18.2282
-18.2282
-16.6766
-16.6766
140.483
140.483
-14.7305
-14.7305
-15.6039
-15.6039
816.382
816.382
-16.4864
-16.4864
-17.1168
-17.1168
-16.2814
-16.2814
-14.5038
-14.5038
-17.0359
-17.0359
-16.8807
-16.8807
242.781
242.781
-12.8368
-12.8368
-17.3056
-17.3056
11.3776
11.3776
-15.1062
-15.1062
-17.0665
-17.0665
909.669
909.669
999.449
-16.0548
-16.0548
-16.563
-16.563
-17.8406
-17.8406
-16.3558
-16.3558
-17.4444
-17.4444
238.676
238.676
-16.4284
-16.4284
-16.7282
-16.7282
-14.8396
-14.8396
17.0388
17.0388
-7.83189
-7.83189
-16.7454
-16.7454
-14.8116
-14.8116
-15.35
-15.35
240.368
240.368
-16.3286
-16.3286
-16.5447
-16.5447
-16.3957
-16.3957
-16.4794
-16.4794
-14.6585
-14.6585
-13.846
-13.846
-16.0912
-16.0912
-14.1767
-14.1767
-17.4504
-17.4504
-15.6351
-15.6351
-17.0291
-17.0291
-16.7476
-16.7476
-15.1467
-15.1467
-15.7497
-15.7497
-14.452
-14.452
-18.5195
-18.5195
-10.0603
-10.0603
-16.3735
-16.3735
-14.9507
-14.9507
-17.0053
-17.0053
-17.5654
-17.5654
-16.4622
-16.4622
-16.8413
-16.8413
-16.1994
-16.1994
-15.5471
-15.5471
-14.408
-14.408
-24.8866
-24.8866
2.41249
2.41249
-17.4812
-17.4812
-18.6062
-18.6062
-13.6648
-13.6648
-18.6142
-18.6142
-7.53182
-7.53182
-17.8569
-17.8569
-17.6432
-17.6432
-12.5625
-12.5625
-12.7412
-12.7412
-16.8566
-16.8566
72.7413
72.7413
-15.3816
-15.3816
783.084
783.084
-16.7447
-16.7447
-17.9005
-17.9005
-1.30122
-1.30122
-17.1917
-17.1917
-17.2049
-17.2049
-16.7014
-16.7014
-18.1622
-18.1622
-18.4679
-18.4679
-16.2435
-16.2435
-21.552
-21.552
-14.3108
-14.3108
-16.9276
-16.9276
-16.5908
-16.5908
-16.4422
-16.4422
-16.6831
-16.6831
-18.24
-18.24
-18.1135
-18.1135
-16.7534
-16.7534
112.843
112.843
-17.4034
-17.4034
-17.7383
-17.7383
-18.6327
-18.6327
-18.641
-18.641
-18.6051
-18.6051
-15.301
-15.301
-17.2979
-17.2979
-16.6543
-16.6543
-15.4453
-15.4453
-16.3231
-16.3231
-14.8706
-14.8706
-18.2989
-18.2989
-17.0595
-17.0595
-16.3692
-16.3692
-13.7936
-13.7936
-10.655
-10.655
-17.028
-17.028
-18.5049
-18.5049
-16.6657
-16.6657
16.7161
16.7161
22.9058
-17.8159
-17.8159
-22.3735
-22.3735
-15.8242
-15.8242
-18.6357
-18.6357
624.286
624.286
-15.1497
-15.1497
48.7239
48.7239
-14.4397
-14.4397
1160.09
1160.09
1208.46
-17.5063
-17.5063
-16.1189
-16.1189
-18.5434
-18.5434
-18.5817
-18.5817
-19.09
-19.09
-17.1844
-17.1844
-8.67309
-8.67309
-16.8448
-16.8448
-16.4172
-16.4172
-17.0559
-17.0559
-17.9671
-17.9671
-15.849
-15.849
-17.157
-17.157
54.5218
54.5218
-15.2199
-15.2199
-16.9849
-16.9849
-13.6698
-13.6698
-16.0229
-16.0229
57.968
57.968
-18.3185
-18.3185
-16.6964
-16.6964
-15.406
-15.406
-14.4986
-14.4986
-13.9167
-13.9167
-17.4222
-17.4222
-17.6999
-17.6999
-15.7643
-15.7643
-17.194
-17.194
-8.29993
-8.29993
-16.8213
-16.8213
-17.3898
-17.3898
-16.5673
-16.5673
117.429
117.429
-16.5934
-16.5934
-18.0369
-18.0369
-15.7929
-15.7929
-19.0027
-19.0027
-16.758
-16.758
-4.39219
-4.39219
-18.686
-18.686
0.606284
0.606284
12.1601
-17.4788
-17.4788
-15.0708
-15.0708
-17.0839
-17.0839
-18.0857
-18.0857
-17.7858
-17.7858
-9.30492
-9.30492
-16.7905
-16.7905
-15.9763
-15.9763
-19.7822
-19.7822
-16.9608
-16.9608
-16.3551
-16.3551
-17.4608
-17.4608
-8.1961
-8.1961
-18.7396
-18.7396
-15.5945
-15.5945
-22.3756
-22.3756
158.11
158.11
-8.03973
-8.03973
27.7873
27.7873
-18.1498
-18.1498
-18.5652
-18.5652
-17.1629
-17.1629
-16.6643
-16.6643
-14.848
-14.848
-19.9384
-19.9384
-8.63601
-8.63601
-14.7255
-14.7255
-16.2526
-16.2526
-8.20581
-8.20581
-15.5133
-15.5133
-14.5078
-14.5078
-17.0831
-17.0831
-18.6796
-18.6796
-18.9716
-18.9716
-17.5188
-17.5188
-16.9203
-16.9203
-17.0758
-17.0758
-18.5605
-18.5605
-19.5596
-19.5596
-19.3257
-19.3257
-18.3943
-18.3943
-18.281
-18.281
-17.526
-17.526
-15.5433
-15.5433
133.75
133.75
-17.7217
-17.7217
-8.59103
-8.59103
-15.3279
-15.3279
-16.9555
-16.9555
-16.0698
-16.0698
-18.7113
-18.7113
-17.5921
-17.5921
-19.2519
-19.2519
-14.5704
-14.5704
-16.8132
-16.8132
-17.5971
-17.5971
-15.3151
-15.3151
-20.4792
-20.4792
118.803
118.803
-17.9584
-17.9584
-17.2535
-17.2535
-20.5555
-20.5555
-10.2381
-10.2381
-16.5883
-16.5883
-15.358
-15.358
-15.98
-15.98
-17.6702
-17.6702
-16.8717
-16.8717
-18.0348
-18.0348
-18.2751
-18.2751
-22.3214
-22.3214
-17.0204
-17.0204
-16.8568
-16.8568
-18.9264
-18.9264
-8.34675
-8.34675
-17.4041
-17.4041
-15.8104
-15.8104
-16.4789
-16.4789
-16.9465
-16.9465
-17.0025
-17.0025
-14.9359
-14.9359
1.91323
1.91323
-20.5792
-20.5792
-17.4396
-17.4396
-7.86494
-7.86494
-17.1829
-17.1829
-9.25956
-9.25956
63.231
63.231
68.2733
68.2733
-18.571
-18.571
-17.0704
-17.0704
-9.25785
-9.25785
160.899
160.899
-19.5578
-19.5578
-19.7646
-19.7646
-13.96
-13.96
0.301668
0.301668
-15.2778
-15.2778
-16.2941
-16.2941
-18.0986
-18.0986
-14.5438
-14.5438
-14.2352
-14.2352
-18.6801
-18.6801
-16.0359
-16.0359
-18.2934
-18.2934
-17.2993
-17.2993
-19.1526
-19.1526
-9.00585
-9.00585
-18.2522
-18.2522
48.7595
48.7595
28.4521
28.4521
-1.66125
-1.66125
-4.12055
-4.12055
-14.4111
-14.4111
-19.2335
-19.2335
-8.27753
-8.27753
-3.1341
-3.1341
-17.6212
-17.6212
-15.891
-15.891
65.8417
65.8417
-15.7286
-15.7286
-15.3875
-15.3875
-14.6782
-14.6782
-9.00344
-9.00344
-16.2003
-16.2003
-17.6755
-17.6755
-19.1167
-19.1167
-17.4436
-17.4436
-15.136
-15.136
-18.1971
-18.1971
48.8562
48.8562
88.7372
88.7372
-16.8184
-16.8184
-4.08082
-4.08082
-24.89
-24.89
-18.7819
-18.7819
-16.9308
-16.9308
-17.9331
-17.9331
-1.64367
-1.64367
5.99932
5.99932
-17.059
-17.059
-7.01222
-7.01222
-16.0315
-16.0315
-14.4552
-14.4552
-20.2608
-20.2608
-8.81318
-8.81318
2.09623
2.09623
-1.58254
-1.58254
-1.67465
-1.67465
-16.7022
-16.7022
-18.5501
-18.5501
-15.3406
-15.3406
-18.5843
-18.5843
-7.69236
-7.69236
-1.35329
-1.35329
-17.2035
-17.2035
-17.8008
-17.8008
-14.6484
-14.6484
-9.81616
-9.81616
-17.4713
-17.4713
-17.1256
-17.1256
-15.571
-15.571
52.4111
52.4111
-6.61183
-6.61183
-19.8854
-19.8854
-17.6672
-17.6672
66.2176
66.2176
-15.5943
-15.5943
-25.1469
-25.1469
-18.7122
-18.7122
-17.0077
-17.0077
47.9935
47.9935
-1.57485
-1.57485
-13.7849
-13.7849
-16.5156
-16.5156
-15.9463
-15.9463
-15.5005
-15.5005
-22.9225
-22.9225
-17.1863
-17.1863
-14.8583
-14.8583
1.38206
1.38206
-18.7505
-18.7505
-17.1055
-17.1055
8.01232
8.01232
-18.9967
-18.9967
-18.6793
-18.6793
-15.4184
-15.4184
-7.62533
-7.62533
-9.65567
-9.65567
-1.44038
-1.44038
-18.8065
-18.8065
10.3657
10.3657
-18.0863
-18.0863
-16.4192
-16.4192
-17.9787
-17.9787
-17.6853
-17.6853
-11.1515
-11.1515
-19.5875
-19.5875
-18.0956
-18.0956
-17.4725
-17.4725
-20.965
-20.965
-17.8617
-17.8617
-18.0333
-18.0333
-17.9658
-17.9658
-8.46299
-8.46299
-18.3313
-18.3313
-15.282
-15.282
-17.1633
-17.1633
19.993
19.993
-18.0633
-18.0633
-7.84839
-7.84839
-15.4914
-15.4914
-20.0587
-20.0587
-4.10647
-4.10647
28.3132
28.3132
-1.44749
-1.44749
-15.0639
-15.0639
-16.2493
-16.2493
-18.5894
-18.5894
-14.437
-14.437
-20.1898
-20.1898
-18.8962
-18.8962
-9.25441
-9.25441
-10.8061
-10.8061
-20.8253
-20.8253
-15.786
-15.786
18.0824
18.0824
-15.7359
-15.7359
-17.5834
-17.5834
-16.163
-16.163
-17.1648
-17.1648
-19.3
-19.3
-1.97806
-1.97806
3.79696
3.79696
-16.9214
-16.9214
-17.0428
-17.0428
-18.7465
-18.7465
-18.6985
-18.6985
-20.073
-20.073
-17.4248
-17.4248
-18.7314
-18.7314
320.546
320.546
-16.7318
-16.7318
2.42173
2.42173
-14.3794
-14.3794
-18.074
-18.074
-15.5734
-15.5734
-19.3455
-19.3455
-8.31689
-8.31689
-17.2939
-17.2939
2.20723
2.20723
-15.3465
-15.3465
-12.5569
-12.5569
-18.4371
-18.4371
-16.0031
-16.0031
-7.30052
-7.30052
-18.5494
-18.5494
125.295
125.295
-1.73929
-1.73929
-18.3984
-18.3984
-18.0453
-18.0453
-19.7175
-19.7175
-16.6327
-16.6327
-10.4205
-10.4205
-9.05112
-9.05112
-2.09911
-2.09911
-18.1553
-18.1553
399.035
399.035
-19.6694
-19.6694
-17.0818
-17.0818
-18.3506
-18.3506
-7.68717
-7.68717
-17.4289
-17.4289
206.236
206.236
-15.2702
-15.2702
-18.7438
-18.7438
-15.7066
-15.7066
5.77207
5.77207
-19.2242
-19.2242
194.841
194.841
61.597
61.597
54.9321
-1.66309
-1.66309
84.4815
84.4815
-16.465
-16.465
-18.8638
-18.8638
-7.47768
-7.47768
20.0571
20.0571
-20.4584
-20.4584
-18.9173
-18.9173
-19.6822
-19.6822
-18.9024
-18.9024
-17.9949
-17.9949
-18.7712
-18.7712
-7.47888
-7.47888
-1.86056
-1.86056
-18.8912
-18.8912
-15.9226
-15.9226
-0.952528
-0.952528
-15.7159
-15.7159
3.0308
3.0308
-11.835
-11.835
4.46798
4.46798
-10.0683
-10.0683
-16.3771
-16.3771
-22.7479
-22.7479
-18.1622
-18.1622
-17.2803
-17.2803
13.9393
13.9393
-3.67033
-3.67033
-17.2554
-17.2554
-14.4224
-14.4224
-1.76615
-1.76615
678.755
678.755
-18.8197
-18.8197
-14.7182
-14.7182
-19.0176
-19.0176
-17.9079
-17.9079
-16.2168
-16.2168
-23.046
-23.046
-1.59984
-1.59984
-19.2977
-19.2977
-13.9526
-13.9526
-1.84945
-1.84945
-19.111
-19.111
-18.7932
-18.7932
-19.2362
-19.2362
15.8811
15.8811
-18.3354
-18.3354
100.175
100.175
-16.9398
-16.9398
-11.2316
-11.2316
-19.3543
-19.3543
-1.75356
-1.75356
-18.0008
-18.0008
-6.83213
-6.83213
-15.556
-15.556
-17.5888
-17.5888
-7.24058
-7.24058
-16.563
-16.563
-14.9249
-14.9249
-18.7953
-18.7953
-18.3819
-18.3819
-17.2557
-17.2557
-13.4395
-13.4395
-6.96891
-6.96891
-7.97066
-7.97066
-17.1347
-17.1347
-18.527
-18.527
-16.8427
-16.8427
-16.1356
-16.1356
-16.839
-16.839
-1.73686
-1.73686
-18.2491
-18.2491
-8.59524
-8.59524
78.0076
78.0076
66.2452
66.2452
-20.3406
-20.3406
-14.1897
-14.1897
-15.7686
-15.7686
-17.632
-17.632
-8.26471
-8.26471
-18.7397
-18.7397
-18.7864
-18.7864
-13.284
-13.284
-15.1268
-15.1268
-16.6748
-16.6748
-4.74986
-4.74986
-1.23543
-1.23543
-9.41867
-9.41867
-3.10846
-3.10846
-18.9826
-18.9826
-2.47842
-2.47842
-20.6984
-20.6984
-6.36044
-6.36044
-7.24374
-7.24374
-17.674
-17.674
-17.4979
-17.4979
-2.80755
-2.80755
-18.9312
-18.9312
-16.5861
-16.5861
-14.5451
-14.5451
-19.0592
-19.0592
-18.9264
-18.9264
-4.73423
-4.73423
-19.2005
-19.2005
-15.9826
-15.9826
-10.5837
-10.5837
-19.5268
-19.5268
-22.8469
-22.8469
-19.6707
-19.6707
-15.4801
-15.4801
-19.0047
-19.0047
-16.4289
-16.4289
722.114
722.114
748.274
-15.8143
-15.8143
-1.40123
-1.40123
-19.0392
-19.0392
-19.3116
-19.3116
969.116
969.116
-7.78578
-7.78578
-18.8816
-18.8816
-19.6479
-19.6479
-19.2251
-19.2251
-8.4148
-8.4148
-17.5638
-17.5638
-18.983
-18.983
-4.03191
-4.03191
-15.6922
-15.6922
-18.98
-18.98
-17.8429
-17.8429
-7.44374
-7.44374
-12.056
-12.056
-2.18997
-2.18997
-15.3411
-15.3411
-19.2599
-19.2599
-17.6325
-17.6325
-17.9029
-17.9029
-14.6425
-14.6425
-6.56676
-6.56676
-18.2672
-18.2672
-2.36766
-2.36766
-19.4621
-19.4621
-4.82867
-4.82867
-6.71758
-6.71758
-16.3471
-16.3471
-9.1803
-9.1803
-5.85211
-5.85211
-18.0319
-18.0319
-14.1753
-14.1753
-14.4847
-14.4847
-15.9053
-15.9053
-6.10609
-6.10609
418.548
418.548
-18.2219
-18.2219
-13.9468
-13.9468
-10.2514
-10.2514
-19.2669
-19.2669
-14.8572
-14.8572
-18.4155
-18.4155
-21.4712
-21.4712
-18.4184
-18.4184
-15.9706
-15.9706
-18.9574
-18.9574
-19.0446
-19.0446
-16.1868
-16.1868
-16.1915
-16.1915
184.177
184.177
-17.7961
-17.7961
-17.1396
-17.1396
-17.037
-17.037
-16.8763
-16.8763
-19.0252
-19.0252
-6.76326
-6.76326
-18.6837
-18.6837
-5.7843
-5.7843
-15.049
-15.049
-11.5396
-11.5396
-2.0111
-2.0111
-19.5308
-19.5308
-22.1835
-22.1835
-17.3383
-17.3383
-3.09757
-3.09757
-19.3918
-19.3918
-17.4559
-17.4559
-19.4792
-19.4792
-14.2885
-14.2885
-16.788
-16.788
-0.139951
-0.139951
-0.113789
-2.19702
-2.19702
-18.9928
-18.9928
-3.34899
-3.34899
-19.3069
-19.3069
-13.2312
-13.2312
-15.5462
-15.5462
-15.2735
-15.2735
-18.7127
-18.7127
-18.099
-18.099
527.61
527.61
-16.6344
-16.6344
-6.14252
-6.14252
-16.1136
-16.1136
-17.9159
-17.9159
-17.6784
-17.6784
-18.746
-18.746
-15.0352
-15.0352
-19.2033
-19.2033
-20.1707
-20.1707
-8.10578
-8.10578
-17.9878
-17.9878
120.476
120.476
-19.2603
-19.2603
-8.75949
-8.75949
-18.5377
-18.5377
-19.0167
-19.0167
-15.7569
-15.7569
0.735631
0.735631
-16.5526
-16.5526
-1.75278
-1.75278
-1.61569
-1.61569
-18.0577
-18.0577
-16.8486
-16.8486
-18.0789
-18.0789
-4.5773
-4.5773
-19.1205
-19.1205
-7.24944
-7.24944
-20.4684
-20.4684
-11.6846
-11.6846
-11.8427
-9.56711
-9.56711
-19.1266
-19.1266
109.953
109.953
88.5554
-6.09033
-6.09033
148.122
148.122
145.602
-5.06227
-5.06227
-19.3619
-19.3619
108.881
108.881
-16.4053
-16.4053
-10.6367
-10.6367
-16.9252
-16.9252
-2.67962
-2.67962
-18.496
-18.496
-17.6605
-17.6605
-19.3363
-19.3363
-19.7042
-19.7042
-2.9739
-2.9739
-15.9691
-15.9691
-11.9454
-11.9454
-15.4769
-15.4769
-19.5763
-19.5763
-18.1751
-18.1751
-14.091
-14.091
-18.4765
-18.4765
-19.5327
-19.5327
-19.0637
-19.0637
-0.648362
-0.648362
-19.1578
-19.1578
-19.3928
-19.3928
-6.53958
-6.53958
-13.5232
-13.5232
-19.6958
-19.6958
-19.0046
-19.0046
-18.6319
-18.6319
114.551
114.551
3.43646
3.43646
-8.55277
-8.55277
-9.19165
-9.19165
-18.6306
-18.6306
-16.3254
-16.3254
-15.1506
-15.1506
-9.32041
-9.32041
-15.6856
-15.6856
-7.89495
-7.89495
-19.4193
-19.4193
-19.2326
-19.2326
-5.8725
-5.8725
-19.9394
-19.9394
-3.62944
-3.62944
-7.47357
-7.47357
-19.3756
-19.3756
-10.3119
-10.3119
102.833
102.833
-18.6282
-18.6282
-16.0486
-16.0486
-17.0693
-17.0693
190.112
190.112
-16.5661
-16.5661
-3.94376
-3.94376
-19.1094
-19.1094
-18.1896
-18.1896
-16.9812
-16.9812
-16.833
-16.833
-18.1408
-18.1408
-18.605
-18.605
-11.5135
-11.5135
-19.5021
-19.5021
-17.3319
-17.3319
-17.8681
-17.8681
-17.2316
-17.2316
280.373
280.373
-15.8972
-15.8972
-16.1781
-16.1781
-18.2217
-18.2217
-12.9626
-12.9626
-19.0131
-19.0131
-14.7567
-14.7567
-14.179
-14.179
108.954
108.954
-6.76058
-6.76058
-16.7528
-16.7528
-19.051
-19.051
-2.45764
-2.45764
-2.67458
-2.67458
-14.4781
-14.4781
-16.1737
-16.1737
19.2796
19.2796
-19.0223
-19.0223
-5.855
-5.855
-18.7816
-18.7816
-17.3145
-17.3145
-19.0167
-19.0167
-19.2792
-19.2792
-19.3362
-19.3362
-16.6032
-16.6032
-19.6006
-19.6006
-19.4402
-19.4402
-18.3445
-18.3445
-15.8296
-15.8296
-17.5202
-17.5202
-4.76728
-4.76728
-17.6503
-17.6503
-15.6226
-15.6226
-16.5611
-16.5611
-19.4919
-19.4919
-17.6257
-17.6257
-18.9658
-18.9658
-8.90439
-8.90439
-19.1993
-19.1993
-6.08653
-6.08653
-9.70962
-9.70962
-9.2992
-9.2992
-5.08788
-5.08788
-16.1048
-16.1048
-18.2727
-18.2727
-19.4759
-19.4759
-16.5283
-16.5283
-3.22359
-3.22359
-18.9045
-18.9045
-3.50887
-3.50887
-16.9647
-16.9647
-10.6892
-10.6892
-18.8738
-18.8738
-18.6425
-18.6425
-1.97926
-1.97926
-19.3883
-19.3883
-11.8455
-11.8455
-19.3432
-19.3432
-14.7034
-14.7034
-18.2703
-18.2703
-13.1569
-13.1569
222.321
222.321
-5.1637
-5.1637
-8.19942
-8.19942
-16.3982
-16.3982
-18.3614
-18.3614
-18.9974
-18.9974
-18.5765
-18.5765
-14.4896
-14.4896
-19.3299
-19.3299
-14.9288
-14.9288
-14.4804
-14.4804
-18.0137
-18.0137
-18.2889
-18.2889
-18.4241
-18.4241
-15.5373
-15.5373
-18.7789
-18.7789
-4.03822
-4.03822
-9.4506
-9.4506
-15.6521
-15.6521
-7.27171
-7.27171
-15.106
-15.106
-19.0103
-19.0103
-1.04677
-1.04677
-6.55752
-6.55752
-19.1425
-19.1425
-19.3343
-19.3343
-19.1388
-19.1388
-4.37866
-4.37866
-19.1498
-19.1498
-0.97898
-0.97898
-0.926175
-1.10966
-1.10966
-1.05686
-16.7537
-16.7537
-5.29364
-5.29364
-17.6018
-17.6018
-17.2502
-17.2502
-10.3764
-10.3764
-18.8507
-18.8507
-19.1754
-19.1754
-5.43216
-5.43216
-19.1727
-19.1727
-17.166
-17.166
-17.0201
-17.0201
-7.89265
-7.89265
-18.4402
-18.4402
-11.4616
-11.4616
-15.2965
-15.2965
-16.3315
-16.3315
-19.3994
-19.3994
-19.061
-19.061
-18.6624
-18.6624
-12.6972
-12.6972
-8.67385
-8.67385
-18.8524
-18.8524
-16.9423
-16.9423
-16.8044
-16.8044
-3.14196
-3.14196
-13.9832
-13.9832
-19.249
-19.249
-1.27094
-1.27094
-1.21225
-2.91712
-2.91712
-5.89416
-5.89416
-16.583
-16.583
-15.557
-15.557
-18.3657
-18.3657
-15.1551
-15.1551
-14.2386
-14.2386
348.289
348.289
-18.5638
-18.5638
-16.7289
-16.7289
-18.7967
-18.7967
-19.3043
-19.3043
-18.0227
-18.0227
-17.4118
-17.4118
-4.97514
-4.97514
-18.9705
-18.9705
111.95
111.95
-18.3692
-18.3692
-18.7714
-18.7714
-1.46599
-1.46599
-1.4034
-15.7618
-15.7618
-18.0237
-18.0237
116.352
116.352
-3.63792
-3.63792
-18.3142
-18.3142
-16.5747
-16.5747
-16.1313
-16.1313
-17.5056
-17.5056
-7.96743
-7.96743
-6.78636
-6.78636
-3.9036
-3.9036
-17.0965
-17.0965
-19.4091
-19.4091
-18.3697
-18.3697
177.599
177.599
-14.7852
-14.7852
-19.2071
-19.2071
-19.0935
-19.0935
-6.1191
-6.1191
-18.9597
-18.9597
-7.50565
-7.50565
-18.4355
-18.4355
-9.81739
-9.81739
-2.42351
-2.42351
-17.1818
-17.1818
-18.5654
-18.5654
-18.4265
-18.4265
-15.9695
-15.9695
-10.7481
-10.7481
-18.6977
-18.6977
103.549
103.549
-13.9179
-13.9179
-19.3465
-19.3465
785.756
785.756
-18.4295
-18.4295
-11.8019
-11.8019
-5.28849
-5.28849
-19.0044
-19.0044
-18.3679
-18.3679
-18.4277
-18.4277
-9.00387
-9.00387
-18.741
-18.741
-12.9526
-12.9526
-18.0627
-18.0627
621.007
621.007
-16.4888
-16.4888
-19.3506
-19.3506
-14.1176
-14.1176
-17.812
-17.812
-4.35999
-4.35999
-19.0673
-19.0673
-4.25969
-4.25969
172.633
172.633
-19.182
-19.182
-16.8238
-16.8238
-17.1968
-17.1968
363.291
363.291
396.091
264.977
264.977
241.207
-18.6988
-18.6988
-17.9269
-17.9269
-15.1709
-15.1709
171.635
171.635
-18.5061
-18.5061
-4.64106
-4.64106
-5.50842
-5.50842
-1.0577
-1.0577
-16.1756
-16.1756
-17.122
-17.122
-17.5157
-17.5157
-18.6323
-18.6323
-17.3415
-17.3415
-19.3674
-19.3674
-19.3441
-19.3441
-19.2482
-19.2482
-8.25022
-8.25022
-18.8478
-18.8478
-9.54165
-9.54165
-17.6964
-17.6964
-19.4254
-19.4254
-18.5916
-18.5916
-3.51937
-3.51937
-3.30755
-3.30755
-18.6894
-18.6894
-16.0296
-16.0296
-18.3171
-18.3171
-10.435
-10.435
19.433
19.433
-4.0139
-18.3284
-18.3284
-11.4431
-11.4431
-19.4077
-19.4077
-12.5526
-12.5526
-19.1475
-19.1475
-13.46
-13.46
-16.9881
-16.9881
320.835
320.835
913.324
913.324
-18.3295
-18.3295
-19.2403
-19.2403
-13.6987
-13.6987
-1.78718
-1.78718
-1.72458
389.392
389.392
-17.241
-17.241
-4.76054
-4.76054
-6.59075
-6.59075
-14.7726
-14.7726
-8.75313
-8.75313
-17.4217
-17.4217
-18.1054
-18.1054
-16.9166
-16.9166
-3.94191
-3.94191
-5.94325
-5.94325
-16.7923
-16.7923
-17.8626
-17.8626
-18.7987
-18.7987
-18.0896
-18.0896
-7.29313
-7.29313
-4.16201
-4.16201
-1.76717
-1.76717
-19.037
-19.037
-19.3738
-19.3738
-2.86094
-2.86094
-19.3101
-19.3101
-16.3923
-16.3923
-18.2835
-18.2835
-19.009
-19.009
-18.4745
-18.4745
-17.7629
-17.7629
-19.4218
-19.4218
-15.6875
-15.6875
-19.2077
-19.2077
735.477
735.477
-18.6932
-18.6932
-4.96626
-4.96626
-19.339
-19.339
-19.0881
-19.0881
-18.2287
-18.2287
-16.6473
-16.6473
-14.6247
-14.6247
-14.6567
-18.2022
-18.2022
-17.5586
-17.5586
798.092
798.092
-18.0856
-18.0856
-19.33
-19.33
-16.7277
-16.7277
-19.1041
-19.1041
-14.8561
-14.8561
-14.8879
-7.99653
-7.99653
-19.2146
-19.2146
-15.219
-15.219
-15.0431
-15.0431
-15.0749
4.98117
4.98117
-17.3842
-17.3842
-17.2929
-17.2929
-14.8521
-14.8521
-5.36482
-5.36482
-19.4334
-19.4334
-18.5482
-18.5482
-0.630043
-0.630043
-19.3817
-19.3817
-19.2484
-19.2484
-19.3961
-19.3961
-16.3764
-16.3764
-18.2279
-18.2279
-14.4018
-14.4018
-14.4337
-19.4044
-19.4044
-17.3644
-17.3644
-6.16025
-6.16025
-18.8643
-18.8643
-18.23
-18.23
-6.82081
-6.82081
-18.2179
-18.2179
-18.3436
-18.3436
-4.83094
-4.83094
-17.161
-17.161
-4.59478
-4.59478
-18.4394
-18.4394
-15.3808
-15.3808
-15.3489
-15.4864
-15.4864
-15.5182
554.651
554.651
-7.53175
-7.53175
-19.4598
-19.4598
-2.20575
-2.20575
-2.14315
-18.3462
-18.3462
-19.322
-19.322
113.241
113.241
-18.9645
-18.9645
-17.0171
-17.0171
-19.2828
-19.2828
-17.5854
-17.5854
-0.889323
-0.889323
-15.6923
-15.6923
-15.7241
-19.4818
-19.4818
-19.0481
-19.0481
-16.4948
-16.4948
284.726
284.726
312.226
173.408
173.408
148.763
-3.78797
-3.78797
610.261
610.261
-19.5707
-19.5707
-3.60515
-3.60515
-17.6736
-17.6736
-18.7636
-18.7636
-17.7745
-17.7745
-19.1386
-19.1386
-18.8699
-18.8699
-18.4012
-18.4012
29.4563
29.4563
19.2232
-18.0484
-18.0484
-13.8958
-13.8958
-13.8636
-14.1248
-14.1248
-14.157
-18.5543
-18.5543
-19.1342
-19.1342
730.79
730.79
-15.9009
-15.9009
-15.9327
-17.8154
-17.8154
-5.5646
-5.5646
-17.5849
-17.5849
-9.02092
-9.02092
-4.86278
-4.86278
-9.83978
-9.83978
-18.7217
-18.7217
-3.23132
-3.23132
536.032
536.032
384.34
384.34
-10.748
-10.748
-17.877
-17.877
939.985
939.985
-19.22
-19.22
-17.496
-17.496
106.072
106.072
-11.7469
-11.7469
-19.3875
-19.3875
-12.8177
-12.8177
-17.0928
-17.0928
331.186
331.186
-13.8992
-13.8992
-16.823
-16.823
191.74
191.74
-19.4806
-19.4806
-19.4542
-19.4542
955.864
955.864
1039.32
-16.1039
-16.1039
-16.1357
-14.9009
-14.9009
-17.9189
-17.9189
-4.16293
-4.16293
-18.8157
-18.8157
-17.911
-17.911
-19.4579
-19.4579
-17.3841
-17.3841
-19.2932
-19.2932
-18.5799
-18.5799
15.9122
15.9122
-18.1859
-18.1859
-8.24017
-8.24017
-19.4057
-19.4057
313.778
313.778
-18.9958
-18.9958
-17.3251
-17.3251
-18.0478
-18.0478
-4.35588
-4.35588
-7.86632
-7.86632
-2.6485
-2.6485
-2.5859
801.327
801.327
-15.7402
-15.7402
-17.6755
-17.6755
-17.5078
-17.5078
-18.2361
-18.2361
-17.1825
-17.1825
-19.0912
-19.0912
-5.04118
-5.04118
-19.2737
-19.2737
-18.6633
-18.6633
-16.327
-16.327
-16.3588
-17.2597
-17.2597
-18.845
-18.845
-4.43711
-4.43711
-19.8139
-19.8139
-16.9695
-16.9695
-19.3638
-19.3638
-19.1332
-19.1332
-18.9431
-18.9431
-18.4205
-18.4205
-7.50248
-7.50248
-17.783
-17.783
-17.5128
-17.5128
-6.80829
-6.80829
-18.8544
-18.8544
-17.9952
-17.9952
-16.7666
-16.7666
-19.5452
-19.5452
-17.4555
-17.4555
-18.6218
-18.6218
-16.3676
-16.3676
-19.3861
-19.3861
-17.6204
-17.6204
-17.4343
-17.4343
-6.15719
-6.15719
-17.9785
-17.9785
-17.0635
-17.0635
-19.4768
-19.4768
-18.5011
-18.5011
7.29932
7.29932
-13.1676
-17.715
-17.715
-16.9064
-16.9064
-17.5434
-17.5434
-18.2128
-18.2128
-18.0413
-18.0413
-19.2418
-19.2418
589.642
589.642
-18.5129
-18.5129
720.553
720.553
-18.3225
-18.3225
-4.59159
-4.59159
-18.9478
-18.9478
1008
1008
1071.65
-19.3188
-19.3188
-19.5394
-19.5394
-16.4495
-16.4495
-16.4813
-17.3817
-17.3817
934.875
934.875
-17.7075
-17.7075
-19.1427
-19.1427
790.404
790.404
-3.51126
-3.51126
-3.03853
-3.03853
-2.97594
19.3207
19.3207
-18.2345
-18.2345
-17.5248
-17.5248
-17.5853
-17.5853
520.082
520.082
-17.4183
-17.4183
-17.482
-17.482
-5.56832
-5.56832
-18.6993
-18.6993
-3.82397
-3.82397
-18.0219
-18.0219
-17.5565
-17.5565
-19.2388
-19.2388
-17.8122
-17.8122
-17.306
-17.306
-3.98276
-3.98276
-17.1392
-17.1392
-16.7742
-16.7742
-18.319
-18.319
-17.4567
-17.4567
-17.3004
-17.3004
-17.4003
-17.4003
587.047
587.047
-8.74597
-8.74597
-8.7778
-18.9498
-18.9498
312.104
312.104
-9.54745
-9.54745
-9.57928
-18.5275
-18.5275
-10.4271
-10.4271
-10.459
-18.1172
-18.1172
-18.6468
-18.6468
-11.3941
-11.3941
-11.4259
-18.7928
-18.7928
-19.4153
-19.4153
-12.4412
-12.4412
-12.4731
-17.7893
-17.7893
-17.4543
-17.4543
-5.05116
-5.05116
-13.5201
-13.5201
-13.5519
-14.5499
-14.5499
-14.5817
-17.3271
-17.3271
7.08314
7.08314
-17.9024
-17.9024
-18.7482
-18.7482
-17.2044
-17.2044
-17.5994
-17.5994
-19.0653
-19.0653
181.924
181.924
288.172
288.172
310.53
226.667
226.667
211.105
-15.4455
-15.4455
-15.4773
-17.2881
-17.2881
-19.0013
-19.0013
-18.3352
-18.3352
-19.4687
-19.4687
-17.4919
-17.4919
925.035
925.035
-19.662
-19.662
-17.3741
-17.3741
-18.1263
-18.1263
-19.5568
-19.5568
-4.6077
-4.6077
-4.32328
-4.32328
517.283
517.283
-16.1432
-16.1432
-16.1751
-19.335
-19.335
-18.624
-18.624
-3.34624
-3.34624
-3.28364
-17.3937
-17.3937
-17.5923
-17.5923
-17.9117
-17.9117
-17.5689
-17.5689
-17.2955
-17.2955
-7.96743
-7.96743
-7.99925
-7.24319
-7.24319
-7.27501
-19.0992
-19.0992
-18.4374
-18.4374
-6.5689
-6.5689
-6.60073
-18.4256
-18.4256
-16.9974
-16.9974
-17.6994
-17.6994
-17.1364
-17.1364
1006.31
1006.31
1069.7
-19.9679
-19.9679
-20.0316
-19.6053
-19.6053
-19.669
-19.2917
-19.2917
-4.50012
-4.50012
-17.2386
-17.2386
-18.3272
-18.3272
-18.0279
-18.0279
-18.2361
-18.2361
-17.8381
-17.8381
-17.5415
-17.5415
-17.2228
-17.2228
-18.0415
-18.0415
-17.4132
-17.4132
-5.9416
-5.9416
-5.97343
-17.9043
-17.9043
-17.6021
-17.6021
-17.2293
-17.2293
-4.12672
-4.12672
-17.6082
-17.6082
-16.6206
-16.6206
-16.6524
-18.1387
-18.1387
291.938
291.938
175.678
175.678
143.851
515.342
515.342
-17.6322
-17.6322
-17.3303
-17.3303
-17.7195
-17.7195
-18.2675
-18.2675
-19.5065
-19.5065
-19.5702
-18.4725
-18.4725
997.913
997.913
1061.57
-3.71178
-3.71178
-16.9584
-16.9584
-17.8282
-17.8282
-18.1798
-18.1798
-18.4653
-18.4653
-17.2096
-17.2096
-17.6772
-17.6772
-18.0602
-18.0602
-19.1729
-19.1729
-17.1728
-17.1728
-16.8612
-16.8612
-16.8294
-16.8919
-16.8919
-16.9237
-17.0757
-17.0757
-5.38107
-5.38107
-5.41289
-18.8415
-18.8415
-17.4268
-17.4268
-17.5083
-17.5083
-17.6638
-17.6638
-17.1614
-17.1614
-18.5648
-18.5648
-18.6655
-18.6655
-18.7685
-18.7685
782.662
782.662
-17.9918
-17.9918
-16.908
-16.908
-16.9399
-4.88989
-4.88989
-4.92172
-17.4165
-17.4165
-19.4812
-19.4812
-19.5448
-3.57259
-3.57259
-3.50999
-18.0626
-18.0626
-18.1765
-18.1765
-18.3823
-18.3823
-19.4621
-19.4621
-19.5257
-17.253
-17.253
-19.3951
-19.3951
-19.4587
-19.1514
-19.1514
-18.2701
-18.2701
-17.7409
-17.7409
-19.718
-19.718
-19.7817
-17.5707
-17.5707
-17.1559
-17.1559
-19.5687
-19.5687
-19.6324
-17.7449
-17.7449
-17.8671
-17.8671
379.43
379.43
347.602
-17.5374
-17.5374
-18.8848
-18.8848
-17.6384
-17.6384
-17.2771
-17.2771
-17.1094
-17.1094
-17.8901
-17.8901
-4.23929
-4.23929
-4.20746
-4.4968
-4.4968
-4.52863
-18.1466
-18.1466
717.02
717.02
-18.9434
-18.9434
-17.9688
-17.9688
-17.7136
-17.7136
-17.7539
-17.7539
-17.9768
-17.9768
-18.583
-18.583
-19.3347
-19.3347
-19.3984
-17.7771
-17.7771
-18.3244
-18.3244
-17.1888
-17.1888
-17.8234
-17.8234
-17.3454
-17.3454
-17.6844
-17.6844
915.569
915.569
988.897
988.897
1052.55
-17.684
-17.684
-17.8126
-17.8126
-17.746
-17.746
-3.97979
-3.97979
-13.6057
-13.6057
-18.4112
-18.4112
-19.2618
-19.2618
-19.3254
-18.2147
-18.2147
-18.6051
-18.6051
-18.2057
-18.2057
-18.0486
-18.0486
-17.0802
-17.0802
-17.0376
-17.0376
-17.0694
-17.7877
-17.7877
-17.4744
-17.4744
-17.2676
-17.2676
-17.0749
-17.0749
-17.3744
-17.3744
-17.4063
-17.5194
-17.5194
-17.5513
-17.1236
-17.1236
-17.7116
-17.7116
-18.6161
-18.6161
-18.0101
-18.0101
-17.5322
-17.5322
-4.12049
-4.12049
-17.384
-17.384
-18.1276
-18.1276
-17.0765
-17.0765
714.019
714.019
580.074
580.074
548.247
-18.4179
-18.4179
-17.6253
-17.6253
-17.8599
-17.8599
-19.0061
-19.0061
-19.1728
-19.1728
-19.2364
-18.3024
-18.3024
-17.9035
-17.9035
-18.7713
-18.7713
-17.926
-17.926
-17.0522
-17.0522
-17.8933
-17.8933
-17.9764
-17.9764
-17.8274
-17.8274
-17.6599
-17.6599
-17.6917
-17.1232
-17.1232
-17.1199
-17.1199
-17.0849
-17.0849
-18.3356
-18.3356
-18.3993
-17.8288
-17.8288
-18.5417
-18.5417
-18.6053
-18.99
-18.99
-19.1073
-19.1073
-19.1709
-18.0621
-18.0621
-17.2224
-17.2224
-17.2543
-18.2106
-18.2106
-17.8567
-17.8567
-17.213
-17.213
-18.7163
-18.7163
-18.1355
-18.1355
-18.1991
-17.6779
-17.6779
-17.3396
-17.3396
-17.0739
-17.0739
-17.056
-17.056
-17.0527
-17.0527
-17.0845
-18.4737
-18.4737
-3.73029
-3.73029
-3.66769
-18.3712
-18.3712
-17.9456
-17.9456
-18.0093
-17.4991
-17.4991
-18.139
-18.139
-17.9863
-17.9863
-17.8014
-17.8014
-17.8332
-18.8666
-18.8666
-18.9302
-18.8525
-18.8525
-18.7215
-18.7215
-18.811
-18.811
-18.0194
-18.0194
-18.7437
-18.7437
-18.8074
-17.7832
-17.7832
-17.8469
-18.0549
-18.0549
-18.2913
-18.2913
-18.0174
-18.0174
-17.0463
-17.0463
-17.9559
-17.9559
-17.9877
-17.659
-17.659
-17.7226
-17.5741
-17.5741
-17.4181
-17.4181
-18.2299
-18.2299
-18.1861
-18.1861
-17.0797
-17.0797
-18.5772
-18.5772
-18.0872
-18.0872
-17.1556
-17.1556
-18.1322
-18.1322
-18.164
-18.2034
-18.2034
-17.2702
-17.2702
-17.0612
-17.0612
-17.093
-18.4098
-18.4098
-18.4615
-18.4615
-18.5251
-18.3746
-18.3746
-18.1605
-18.1605
-18.2621
-18.2621
778.715
778.715
746.887
909.549
909.549
-18.4181
-18.4181
-18.4818
-18.3863
974.32
974.32
1037.98
942.492
-18.3567
-18.3567
978.198
978.198
1041.85
-17.0878
-17.0878
-17.1197
-17.1108
-17.1108
-18.9338
-18.9338
-18.9975
-17.0649
-17.0649
-17.0534
-17.0534
-17.0852
-17.0694
-17.0694
-17.1012
-17.195
-17.195
-17.1597
-17.1597
-17.1915
-17.0756
-17.0756
-17.1074
-17.0928
-17.0928
-18.5284
-18.5284
-18.5672
-18.5672
-18.6308
-19.0114
-19.0114
-19.075
-18.5062
-18.5062
-18.5698
-18.4609
-18.4609
-18.6458
-18.6458
-18.7095
-18.6142
-18.6142
-18.4326
-18.4326
-18.4963
-17.6218
-17.6218
-17.6855
-17.5562
-17.5562
-17.5881
-17.4561
-17.4561
-17.4009
-17.4009
-17.4327
-17.2664
-17.2664
-17.2983
-17.3128
-17.3128
-18.7447
-18.7447
-18.8084
-18.2299
-18.2299
-14.9081
-14.9081
-18.312
-18.312
-18.4665
-18.4665
-18.3796
-18.3796
-3.84751
-3.84751
-3.82841
-3.82841
-3.76581
390.341
390.341
105.348
105.348
291.906
291.906
-3.86934
-3.86934
-3.80618
-4.08352
-4.08352
-1.80746
-1.80746
-1.47201
-1.47201
-4.2102
-4.2102
-3.92682
-3.92682
877.028
877.028
-14.9973
-14.9973
350.06
350.06
166.234
166.234
137.9
-3.95276
-3.95276
-3.92143
333.048
333.048
304.708
-9.1758
-9.1758
717.412
717.412
303.337
303.337
1.0949
1.0949
458.592
458.592
430.252
48.0179
48.0179
-15.0089
-15.0089
356.105
356.105
-0.696015
-0.696015
-0.666007
-0.684831
-0.684831
-0.707143
572.706
572.706
516.026
652.112
652.112
595.432
231.005
231.005
170.365
674.081
674.081
617.401
530.818
530.818
474.139
639.2
639.2
582.52
125.397
125.397
283.907
283.907
462.759
462.759
512.045
512.045
562.537
527.794
527.794
578.717
522.808
522.808
573.731
436.416
436.416
-4.43476
-4.43476
-8.53897
-8.53897
490.676
490.676
530.424
8.13259
8.13259
8.17183
8.12472
8.12472
8.16396
522.48
522.48
469.512
469.512
494.912
494.912
16.1847
16.1847
-15.0549
-15.0549
225.176
225.176
1093.93
1093.93
1064.7
1064.7
543.612
543.612
595.133
674.45
674.45
715.861
715.861
590.832
590.832
633.243
633.243
730.73
730.73
698.76
698.76
1256.07
1256.07
1282.23
1139.27
1139.27
1113.11
194.82
194.82
-6.51129
-6.51129
320.991
320.991
-15.1543
-15.1543
638.247
638.247
474.474
474.474
8.98014
8.98014
382.554
382.554
229.818
229.818
451.698
451.698
12.2774
12.2774
349.654
349.654
264.129
264.129
10.95
10.95
470.581
470.581
491.699
315.204
315.204
292.173
292.173
16.8984
16.8984
422.26
422.26
-16.1012
-16.1012
89.1144
89.1144
0.120031
0.120031
-0.72169
-0.72169
-0.665522
261.651
261.651
-16.2873
-16.2873
321.403
321.403
-9.48228
-9.48228
482.843
482.843
507.327
-14.0782
-14.0782
29.191
29.191
-16.4139
-16.4139
477.446
477.446
237.263
237.263
1302.21
1302.21
1354.53
13.7387
13.7387
-15.9862
-15.9862
374.455
374.455
-16.2021
-16.2021
38.7647
38.7647
525.665
525.665
27.9399
27.9399
-16.1879
-16.1879
98.466
98.466
-4.18051
-4.18051
140.094
140.094
154.471
154.471
227.454
227.454
366.272
366.272
340.516
22.7931
22.7931
1198.59
1198.59
1200.88
1200.88
1249.25
-16.284
-16.284
)
;
    }
}


// ************************************************************************* //
