/*--------------------------------*- C++ -*----------------------------------*\
  =========                 |
  \\      /  F ield         | OpenFOAM: The Open Source CFD Toolbox
   \\    /   O peration     | Website:  https://openfoam.org
    \\  /    A nd           | Version:  8
     \\/     M anipulation  |
\*---------------------------------------------------------------------------*/
FoamFile
{
    version     2.0;
    format      ascii;
    class       volScalarField;
    location    "0.5";
    object      p_rgh;
}
// * * * * * * * * * * * * * * * * * * * * * * * * * * * * * * * * * * * * * //

dimensions      [1 -1 -2 0 0 0 0];

internalField   nonuniform List<scalar> 
1924
(
393.957
-11.6364
-13.2727
-12.8721
-13.4126
-12.7938
-13.2408
-13.3019
-13.2443
-13.3061
-13.3096
-13.2833
1326.28
-13.3673
-14.1249
-14.3111
1383.27
-13.3401
616.914
-13.4105
1257.11
19.4149
1275.34
-13.3821
276.858
9.83505
-2.57575
-11.7398
-13.563
-12.9876
1379.01
22.6196
243.841
1316.39
-13.1037
1269.41
25.6657
-13.5154
-12.9124
1425.12
22.0149
1238.3
7.63962
1168.41
-13.3748
-13.3987
20.76
-13.1616
1109.42
1147.39
-1.21236
1321.24
33.2848
-1.85049
227.571
-13.2072
399.682
-13.2638
-13.0489
-13.6366
1010.38
-14.0569
854.612
-12.8044
-1.09124
-13.1259
-12.9894
1431.32
-13.6052
16.0401
88.5933
-14.2067
-12.911
-12.9351
-12.94
206.364
-13.0882
-12.9353
-13.0698
207.743
-13.0749
-13.4995
-13.0127
1260.46
671.959
1456.62
-13.0254
-14.0526
1100.28
439.853
-9.7386
-13.589
-12.9257
-13.7096
811.042
-1.0122
-13.0855
-13.1071
-13.2323
82.3765
-13.5023
1303.63
-13.4009
-13.6723
-13.9824
-12.9699
-10.4759
147.909
-13.4331
-13.6988
-13.0769
-13.6259
-13.6164
-13.0086
-13.0587
1203.61
-13.4463
-11.322
3.08208
-13.0454
1123.4
1075.91
1181.6
1142.89
-14.4808
-12.7879
69.9563
-12.9366
-13.644
1027.13
-13.0623
-12.3854
485.056
-13.0417
1343.26
-13.6386
-13.5496
-12.9061
-13.4557
-13.5026
-13.0014
-12.6134
6.33662
51.7704
-13.1757
1034.77
-11.957
80.5669
-9.55919
-5.78063
-12.9974
1075.28
70.3196
-13.615
-12.9233
-12.6603
1175
-13.495
-13.095
21.1514
-12.9906
493.147
-13.6059
1041.33
-10.2766
-12.1239
-10.5553
1217.26
-13.0374
-12.1449
-13.1237
-13.4557
-12.9615
-13.5575
-13.063
36.1753
-13.0281
199.523
1127.06
-13.6476
45.7065
2.42988
-12.9809
-12.3662
1082.45
-7.88913
127.848
-13.8566
-13.0429
-12.9977
3.70128
-13.4569
-13.0862
-13.6046
-13.4162
1028.39
-13.3484
83.2921
87.2963
75.8956
957.333
-10.0435
-10.3592
-13.4983
-13.5782
12.4723
-13.6348
90.8425
76.6024
473.817
972.37
-10.4265
-13.6167
-12.5478
-13.7096
-12.9623
10.2096
25.6488
-13.6149
-12.9272
-13.203
-12.9507
-10.3169
-13.7248
-13.4511
-13.179
-13.1194
-12.9931
-14.0543
78.5952
253.422
-9.43374
92.1618
195.33
-13.8166
24.4707
-13.5402
-13.6588
-13.6739
958.837
16.9589
11.2199
-13.441
88.6867
79.1947
251.815
-13.503
-13.0413
-12.9744
-12.9762
-12.0359
964.931
-14.0887
-10.3292
-13.0343
-13.7938
11.8173
89.0078
-13.4739
-13.6365
-13.177
-13.8539
-13.7227
-12.9812
72.5334
-12.9084
1173.85
-12.9424
104.897
7.2891
68.9457
-12.1533
19.4641
84.0763
-12.6252
-13.0662
-13.4819
-14.1012
-11.1988
66.786
1127.49
1006.64
-9.69798
-14.0415
962.393
-12.9824
-13.1115
972.95
-13.7043
13.6418
-13.8408
-12.8319
-14.2105
-13.5705
1110.18
-9.99966
-13.93
806.328
-12.9305
-13.6926
999.449
-13.4639
-13.3802
33.692
-13.5676
-14.6938
1152.26
-13.3093
91.1362
-13.192
368.641
-4.72053
-14.0643
1241.79
-13.0558
1235.82
-13.3176
-13.7039
-13.8946
-12.6736
-12.8755
183.399
-13.7577
-4.70237
-0.0545325
-13.0176
-11.775
38.568
-13.125
-13.1548
14.1772
-14.7895
1201.97
-13.5266
-12.9023
-14.1101
-14.0709
-13.8415
-14.0497
-13.7349
-12.9974
-12.69
942.931
861.177
-13.9732
-14.1188
65.5392
-14.8082
-5.7385
15.6744
60.5289
-4.32246
-2.1907
-13.4829
1328.22
-12.9626
1132.65
-13.7896
46.227
-1.03488
-14.1677
-13.7027
-13.3912
-14.5799
0.263983
-13.6988
1294.23
687.002
-14.0747
-13.9042
-13.2594
-13.0119
21.0097
7.7023
-13.4221
642.533
-13.8366
-14.1597
20.346
-14.77
-14.7332
-12.9457
-14.3863
-14.1892
14.1675
-13.2039
-12.8895
-14.652
14.8217
-13.7644
24.3776
366.496
-13.9404
-14.7284
-13.9125
270.471
143.144
568.55
-13.1477
1.87736
1011.72
-12.918
1542.48
-12.7256
1208.46
-13.9242
-13.1289
-14.6829
19.5219
138.218
-14.0605
8.08138
-13.8233
-13.7722
-14.0899
-1.42236
-13.044
-13.5921
1198.22
-13.1103
-13.4838
204.204
-13.0966
1242.97
-3.98984
-13.3227
-13.0476
-12.8911
1304.74
-13.5762
-14.0556
-13.0229
-13.7101
-5.35466
-13.9857
14.7969
-13.2572
670.565
-13.8424
12.9799
51.7639
150.559
-14.1394
-1.7064
-14.5676
472.554
-13.859
-12.9028
-14.3073
-14.3157
-13.1163
764.333
-14.1598
-13.1955
146.619
-14.1062
-13.1723
-13.7417
-6.14404
-14.7445
-12.9846
942.036
1130.52
-6.21813
1579.11
-14.3139
-14.5733
-13.0465
-13.8294
-13.1405
136.804
-0.688222
-12.8795
-13.1335
739.218
-12.967
-13.1031
-13.9456
-14.5281
16.6848
-13.7241
-13.9676
2.9339
-14.3822
1346.31
-5.96429
-15.1091
18.4724
-11.0626
-13.0761
893.654
-12.9377
-5.41021
-13.1582
-13.3908
-13.078
-14.6531
-13.8266
77.638
-5.32254
-13.3122
-13.7465
40.2676
-15.771
1441.68
-14.0513
-13.5602
150.982
70.9266
-13.2145
-12.9391
-13.0518
-13.8428
-14.1804
-12.8282
-14.2045
594.321
-14.0536
-13.7464
-7.62724
-6.30961
-13.6444
-13.0095
-13.1688
-14.1445
-12.6407
-12.8989
543.433
146.564
-9.58441
-6.16066
-13.9823
-1.2352
1352.11
1571.78
-14.3666
-14.0541
1242.14
1217.06
-14.5051
1079.45
-2.8072
9.16913
-12.9226
-13.1112
-14.622
-12.8887
-12.9794
-14.4959
-13.185
-14.9418
33.5139
17.2057
-6.61927
-10.65
1385.45
802.329
-0.951098
200.891
-12.9331
-15.144
-6.32034
215.686
3.31489
41.6564
1520.16
-12.9914
-13.1294
-12.8958
156.347
-13.0812
-11.4506
148.81
-13.4936
-12.9081
7.29324
1164.9
1485.59
-13.2537
137.37
912.404
-14.5984
-13.6985
18.7758
-1.2305
30.4061
-13.3669
-5.57304
-13.0397
-12.7619
28.0765
-6.60721
130.02
-1.0954
-0.182995
-13.2011
-13.5242
-13.0181
-14.3337
-6.0859
-1.12861
-13.4477
-9.7191
-13.4406
-5.92507
-14.152
-10.4425
-12.9611
1438.12
-5.34526
-15.4462
-13.3398
1247.42
-13.0667
1034.29
-14.4659
-14.1366
1598.16
-1.27559
-12.5961
-13.1418
-13.0182
-13.1719
-18.8814
-14.0273
-12.8849
518.198
-14.5043
-13.4212
956.983
-10.8463
-15.2747
-13.0137
-6.1019
-6.96316
-1.2059
-15.4702
562.934
-14.5379
-13.1091
34.7345
53.0521
2.5526
60.7913
-14.1331
-13.5719
304.311
-4.34239
-14.2602
215.249
-6.58657
44.1708
-13.4516
-14.0823
682.206
59.789
-6.18813
-12.9452
-8.42398
182.186
1117.8
9.94927
-12.8996
-13.0665
60.4362
-13.1654
-15.857
-14.6504
-7.18584
-6.23674
444.195
-12.9851
692.74
-13.1017
-13.5204
-13.0438
-13.6487
18.0192
-0.865533
759.368
-13.2293
-13.2871
-8.7526
2.49048
-16.0434
-12.5473
-0.112036
1019.56
-13.1671
37.2499
-11.7974
-9.60658
-13.1574
-15.9465
-6.52726
-13.4103
719.768
-12.9276
3.8716
596.386
-13.0113
-5.85508
-15.0092
1477
-1.30451
-14.7903
24.7613
-16.3816
-13.1316
-8.13108
-7.05157
-0.750781
53.6721
1027.33
-16.341
-13.7223
58.4343
-6.09444
-13.4747
441.031
-12.9149
-14.3721
-12.9694
87.1787
18.176
805.093
340.995
-1.41443
1576.48
-13.0913
60.145
-2.87543
651.451
544.951
1.57714
-15.9051
7.59867
-14.1957
-10.5257
-5.99418
-1.35714
-2.71422
-12.9944
-0.843555
-13.2081
48.5084
-9.11731
115.015
-7.85548
-13.067
-18.6397
-14.0719
-13.7621
516.329
116.028
-14.0047
-12.8273
-1.45614
1040.69
-9.56677
-12.8722
-14.6565
-6.60724
-13.034
113.824
76.4939
-15.8977
-9.55798
3.03016
-15.51
-13.3632
-15.7075
511.144
-11.0267
1507.25
-13.1841
-8.67858
-15.9455
6.93089
-14.0273
-5.54726
-12.9461
-11.6578
239.783
-13.5529
-12.8879
18.7604
-14.6569
-13.3088
-12.2467
0.558548
-6.31516
-13.2517
6.53946
16.8783
-13.0164
-13.147
-1.21905
-14.4797
-6.74875
896.047
1612.87
-15.9877
-12.7882
-12.9678
-13.3776
106.173
-13.4106
12.6135
-9.70045
-12.8988
-13.11
115.782
-1.12393
-7.37813
11.5128
18.213
-1.77829
-16.417
14.9954
-5.83959
-9.73972
-13.3966
-1.81614
-8.67227
-13.085
-9.13908
-11.9788
14.438
12.6988
18.0008
-12.9908
-8.34733
-13.3831
93.7616
-13.6056
-12.9338
18.9386
-13.0551
1140.66
-13.2049
-1.27994
-15.1341
-14.7943
1214.05
-6.19431
-14.2438
2.87644
18.2051
-6.63221
-14.2138
-14.5098
-2.91023
-12.955
12.4411
-13.7467
-5.97919
-9.59771
-1.75445
-12.9222
16.6414
-13.3873
-13.7444
-12.8598
-5.35349
-13.9842
-1.86414
-15.007
-0.465875
-4.53342
-13.037
-7.20688
-4.83877
-9.50347
-11.4184
-12.8286
-12.9771
-5.03166
1100.87
-14.3277
-12.7373
-8.08689
18.8671
-12.8838
-14.2099
0.986124
-14.0731
-13.265
-14.4239
-14.5116
-13.2714
-13.0087
818.647
-13.3459
-13.1929
-13.1539
-13.1206
12.1714
-5.48959
19.6476
-4.14775
-12.8847
-9.1837
-1.76196
-4.62991
-16.2463
-13.264
-2.46791
-13.3249
-13.3129
-1.90584
-12.8226
-13.0959
0.278636
-1.88611
-13.9419
-2.53183
-6.42771
-10.682
-12.9363
-12.9183
1.9026
-14.6129
1037.86
-13.0696
-4.87688
-12.9945
-9.70956
-14.288
-8.61482
-12.2819
18.9576
-4.04922
-6.4507
-13.7058
1465.54
2.23922
-6.91344
-14.5768
-14.4814
-12.9561
1.25188
-13.0515
-1.17746
-1.4905
-13.8999
-13.8791
-13.7345
-3.045
-14.4122
-5.84889
4.73944
-5.05533
-7.53009
-2.51425
1100.96
-5.00834
259.158
-4.12798
-0.857628
1007.34
-13.0315
-8.40875
-13.7864
-2.24519
-14.0268
-13.3733
-14.9643
-1.24309
-2.47448
-12.9773
-9.52638
-12.9307
-8.8442
6.65028
-12.8162
-14.1545
-0.0995642
-14.4064
240.312
-10.8504
0.358885
-5.32996
-10.9134
-16.0785
-14.347
-15.478
998.255
403.107
-6.77039
520.814
-14.099
-13.0153
-12.3494
-7.34707
-12.9484
-6.30354
-4.91295
-13.4614
-4.85612
-14.6324
-2.98227
-6.00946
-12.0692
-8.14764
1503.05
-13.9205
-13.2532
-13.1226
1008.59
-13.5667
-3.26074
19.4687
-13.9069
-13.0981
-13.0773
-13.7969
-14.1173
-9.15822
-15.8232
-13.1942
-13.4029
-13.1576
796.107
-12.9691
-12.9953
-13.7532
-10.4163
-14.3545
-13.0835
-12.8251
1010.55
-5.48744
-13.0608
-14.3313
-2.20817
-2.36311
-11.7408
-13.3034
649.147
-15.5398
-4.83709
-14.1623
-13.9988
-14.2971
-11.6699
-15.576
-13.0385
-5.81666
-14.3466
-13.8135
-12.9009
-13.2545
-3.96155
-14.4431
-13.0349
-13.6031
-15.7958
-13.2892
-14.2464
-7.05837
1.18953
-5.0044
-7.67263
-8.2171
-4.21461
-12.9857
-13.7922
-15.9042
-13.0272
-2.78805
-13.9716
-3.01174
-13.845
-8.46119
-6.40477
-13.9864
-1.85406
-12.6317
-9.4266
-15.8379
-12.8533
-13.8004
-10.547
437.944
-4.34194
-6.54437
-13.0245
-14.0051
-4.79773
-14.078
-11.6887
-13.634
-12.8918
-12.8186
-14.6364
-13.7583
-13.5129
-13.0364
-14.0601
-3.4172
-7.47726
-12.6602
-5.87127
-12.878
-15.0631
-0.7856
-5.34806
-13.7606
-9.05913
-15.2553
-3.69514
-14.3052
-0.926175
-1.05686
-13.7318
-4.41303
-14.2783
-13.1126
-8.21208
-15.0941
-5.95691
-4.5423
-14.3105
-13.092
-13.0734
239.131
-13.7847
-9.10628
-12.9412
-13.0214
-13.8155
-14.2165
-13.9932
-10.151
-6.89148
-15.1616
-13.0593
-13.0487
-2.83009
-11.246
-14.1382
-1.21225
-2.66738
-4.8757
-13.3999
-12.9471
-14.7991
-12.2269
-12.7726
1087.67
-13.8456
-13.0368
-14.0818
-14.3735
-13.4921
-13.1469
-4.16347
-14.1263
1007.71
-13.8685
-12.578
-1.4034
-12.961
-14.5201
975.884
-3.2019
-13.7706
-13.01
-13.0121
-13.1769
-6.37603
-5.51324
-3.4054
-13.895
-11.3489
-13.7145
1004.31
-13.0555
-14.2998
-14.1864
-5.03695
-14.1141
-6.04156
-13.7873
-7.7804
-2.29832
-13.808
-14.4277
-14.4797
-12.9777
-8.52018
-14.6237
988.193
-12.6996
-14.3132
1057.79
-14.5466
-9.38293
-4.46183
-14.0975
-13.695
-13.7099
-7.15784
-13.8971
-10.3427
-14.3057
1049.25
-12.9877
-14.2928
-11.3167
-13.2873
-3.73696
-14.1602
100.675
1020.34
-14.1493
-13.5135
-13.0591
1102.41
1113.54
-8.5336
-14.233
-12.1791
1017.44
-13.7876
-3.95479
-4.61739
-0.848363
-12.9928
-13.048
-13.951
-12.1906
-13.0765
-14.2663
-14.2483
-14.1526
-6.59516
-13.9411
-7.56831
-13.2383
-14.3184
-13.7481
-3.20717
-3.05764
-13.8453
-12.8468
-13.6602
-8.27074
861.733
-13.7249
-9.08778
-14.3119
-10.0064
-14.1149
-12.3776
-13.0415
1017.31
1060.44
-13.6122
-14.2076
-10.9615
-1.72458
1023.6
-13.7399
-4.12801
-5.38129
-11.8444
-6.97077
-13.0931
-13.9678
-13.0336
-3.50511
-4.92475
-13.0366
-13.9158
-13.8921
-14.0156
-5.8927
-3.66276
-1.35105
-14.0045
-14.1519
-2.73574
-14.2146
-13.0185
-14.0186
-13.9765
-13.6314
-13.8793
-14.2002
-12.5684
-14.1122
1046.43
-13.7869
-4.26723
-14.1174
-13.9926
-13.6966
-13.2736
-12.8348
-13.8736
-13.8029
1050.07
-13.4305
-14.1084
-13.0356
-14.0087
-12.8827
-6.40513
-13.993
-13.0013
-12.8788
5.54735
-13.6922
-13.0279
-13.0305
-4.53742
-14.1486
-13.6421
-0.364594
-14.0968
-14.0269
-14.1114
-13.0663
-13.5592
-12.8067
-14.1196
-13.0358
-5.0781
-13.832
-13.5123
-5.54768
-13.4997
-13.8737
-4.13889
-13.0234
-3.9693
-13.5958
-12.9618
-12.9401
1037.77
-6.06766
-14.0486
-2.14315
-13.5035
-14.0373
1016.28
-13.8692
-13.4524
-13.9981
-13.1295
-0.523083
-12.9551
-14.0705
-13.8266
-12.9301
1018.7
997.973
-3.47546
1040.2
-14.0961
-3.35507
-13.5359
-13.7313
-13.5096
-13.9171
-13.7745
-13.4955
417.006
-13.3973
-12.6069
-12.707
-13.6478
-13.8495
1043.7
-12.9727
-13.4868
-4.67342
-13.5109
-7.17489
-4.22669
-7.80279
-13.6897
-3.10613
1035.16
1020.37
-8.52002
-13.2247
1067.04
-13.9353
-13.5493
996.517
-9.32801
-13.9762
-10.2078
-13.0189
1031.1
-11.0983
-13.3219
415.648
-14.006
-13.9795
1039.32
-12.9847
-11.9091
-13.3987
-3.7254
-13.7205
-13.4551
-14.0466
-13.5011
-13.8819
-13.5481
1471.43
-13.3435
-6.58511
-13.9945
1013.46
-13.7744
-12.9965
-13.3316
-3.85536
53.7384
-2.5859
1051.01
-12.5574
-13.1552
-13.0518
-13.3308
-13.4267
-13.8066
-4.34109
-13.8625
-13.5684
-13.0169
-12.9948
-13.6236
-3.99304
-14.2122
-13.0228
-13.8891
-13.722
-13.6584
-13.3889
-6.0384
-13.07
-13.1842
-5.53517
-13.6331
-13.278
-13.0746
-14.0705
-12.9996
-13.5266
-12.9938
-13.9114
-13.1009
-13.1694
-5.07504
-13.1369
-13.3715
-14.0021
-13.4064
662.247
-13.0671
-13.0233
-13.0875
-13.3696
-13.1365
-13.7672
1035.42
-13.4808
1038.17
-13.4164
-4.08269
-13.6633
1071.65
-13.7171
-13.9377
-12.9484
-13.2441
1061.93
-12.8672
-13.7314
1044.34
-3.38607
-2.97594
352.717
-13.2032
-13.0052
-13.0657
1030.21
-12.9624
-12.9624
-4.67713
-13.4781
-3.57376
-12.991
-12.8455
-13.7642
-12.9078
-13.232
-3.66997
-13.0016
-13.2095
-13.2245
-12.8098
-12.9718
-12.8807
1032.67
-6.9636
-13.5385
1012.32
-7.57412
-13.3065
-8.26282
-13.023
-13.4254
-9.03881
-13.5083
-13.8135
-9.89499
-12.7586
-12.9347
-4.35095
-10.7829
-11.6217
-12.8712
1463.3
-12.8083
-13.4636
-13.2577
-12.6965
-13.5906
1016.55
850.381
787.735
-12.3263
-12.9595
-13.5901
-13.1142
-13.867
-12.6534
1052.35
-14.0603
-12.6636
-12.9055
-13.9551
-4.09845
-3.88396
1026.53
-12.8331
-13.7332
-13.3396
-3.28364
-12.9378
-12.5623
-12.691
-12.922
-12.6486
-6.37603
-5.84275
-13.6246
-13.1531
-5.35944
-13.3306
-13.2417
-12.6056
-13.2534
1069.7
-14.3025
-13.9399
-13.69
-3.99536
-12.9737
-13.2953
-12.7438
-12.9519
-13.1245
-12.8946
-12.7032
-13.1989
-12.5114
-4.9231
-13.0632
-12.8916
-12.9644
-3.8726
-12.9613
-13.1195
-13.233
1024.84
1003.2
1024.59
-12.9217
-12.4924
-12.499
-12.8565
-13.8411
-13.0614
1061.57
-3.58658
-13.0117
-12.5442
-13.1483
-13.2441
-12.499
-12.9666
-12.6492
-13.5711
-12.7169
-13.1055
-13.0089
-13.0017
-4.55354
-13.4304
-12.9072
-12.4152
-13.0169
-13.0237
-13.2803
-13.2544
-13.3573
1037.31
-13.0867
-13.216
-4.25333
-12.3874
-13.8158
-3.50999
-13.0314
-12.7019
-12.9077
-13.7967
-12.3515
-13.7297
-13.5497
-13.1753
-13.0298
-14.0527
-12.8601
-12.509
-13.9033
-13.0966
-12.4561
1015.99
-12.3171
-13.4101
-12.3545
-12.9485
-12.7808
-12.9868
-3.92101
-4.05121
-13.0521
1035.33
-13.4687
-12.9385
-12.8757
-12.9161
-12.5022
-13.1084
-13.6693
-12.8756
-13.1033
-12.3509
-12.9216
-12.2528
-12.8466
1042.88
1052.55
-12.2731
-12.9739
-12.8445
-3.72942
45.1102
-12.8095
-13.5964
-12.9939
-13.1939
-12.6039
-12.9544
-13.1336
-13.1546
-12.3132
-12.1908
-12.2388
-12.5554
-12.9185
-12.8726
-13.0496
-12.8101
-13.0144
-12.4084
-12.1213
-3.80657
-12.1641
-12.9069
-12.366
1032.3
1025.67
-13.1335
-12.1508
-12.8311
-13.4043
-13.5074
-13.0181
-12.8743
-13.2967
-12.8334
-12.5963
-12.8008
-12.8831
-12.2257
-12.822
-12.2217
-12.9822
-12.8199
-12.6703
-12.8
-12.8763
-13.3883
-13.4419
-12.8417
-12.9575
-12.9264
-12.7643
-12.1205
-13.2417
-12.4701
-12.0762
-12.0561
-12.7453
-12.5364
-12.5968
-13.0626
-3.66769
-12.9601
-12.2802
-12.0247
-12.855
-12.7665
-12.7726
-13.2012
-13.2507
-13.1197
-13.2093
-12.7359
-13.0783
-12.1178
-12.7714
-12.8803
-12.7974
-12.3994
-12.7361
-11.9936
-11.9724
-12.0073
-12.8189
-12.7753
-12.2418
-13.1026
-12.8035
-12.1268
-12.7214
-12.729
-12.0504
-12.9872
-12.8081
-12.7961
-12.7728
-12.7497
-12.7876
1033.34
1036.86
-12.7528
1037.98
-12.755
1041.85
-12.25
-12.2093
-13.2684
-12.3543
-12.4065
-12.8045
-12.1025
-12.1308
-13.0016
-12.9551
-12.9267
-12.9018
-13.346
-12.8408
-12.8592
-12.9804
-13.0124
-12.7672
-11.9564
-11.9545
-11.9816
-11.9901
-12.0466
-12.0294
-13.0793
-12.7555
-13.02
-12.8375
-12.9919
-12.9051
-3.72232
-3.76581
1031.45
794.514
1026.54
-3.80618
-3.83162
1066.26
-1.11249
-3.89359
-3.80107
1241.44
-13.0157
1028.04
1014.09
-3.82595
1011.03
124.914
1130.2
1025.79
1269.6
966.532
321.564
98.8358
1029.88
-0.587527
-0.471703
967.286
1046.69
621.625
1068.66
925.399
1033.78
1010.49
1018.55
1027.38
1095.34
1111.4
1106.42
1001.04
1158.58
-2.78555
921.964
8.64271
8.63484
1033.55
1034.8
885.532
722.433
-13.006
635.215
1297.45
1324.47
1078.45
985.398
1053.76
897.82
971.143
1068.63
1036.66
1360.71
1348.54
1014.99
899.64
1086.63
-13.0106
1035.41
1108.63
9.53557
1108.61
1008.04
1069.18
1598.69
1077.88
1098.53
17.1377
1113.8
1100.04
881.371
324.922
884.499
-13.156
630.82
1601.9
-0.665522
625.194
-13.2885
777.584
460.091
1071.92
108.511
1658.79
-13.3986
994.391
873.063
1354.53
1464.51
-13.1443
1068.28
-13.1914
1368.7
1092.75
1402.91
-13.2337
881.032
312.58
390.931
1098.38
1096.45
876.796
909.879
1299.28
1249.25
-13.3252
)
;

boundaryField
{
    patch0
    {
        type            fixedFluxPressure;
        gradient        uniform 0;
        value           nonuniform List<scalar> 
4010
(
393.957
393.957
-11.6364
-11.6364
-13.2727
-13.2727
-12.8721
-12.8721
-13.4126
-13.4126
-12.7938
-12.7938
-13.2408
-13.2408
-13.3019
-13.3019
-13.2443
-13.2443
-13.3061
-13.3061
-13.3096
-13.3096
-13.2833
-13.2833
1326.28
1326.28
-13.3673
-13.3673
-14.1249
-14.1249
-14.3111
-14.3111
1383.27
1383.27
-13.3401
-13.3401
616.914
616.914
-13.4105
-13.4105
1257.11
1257.11
19.4149
19.4149
1275.34
1275.34
-13.3821
-13.3821
276.858
276.858
9.83505
9.83505
-2.57575
-2.57575
-11.7398
-11.7398
-13.563
-13.563
-12.9876
-12.9876
1379.01
1379.01
22.6196
22.6196
243.841
243.841
1316.39
1316.39
-13.1037
-13.1037
1269.41
1269.41
25.6657
25.6657
-13.5154
-13.5154
-12.9124
-12.9124
1425.12
1425.12
22.0149
22.0149
1238.3
1238.3
7.63962
7.63962
1168.41
1168.41
-13.3748
-13.3748
-13.3987
-13.3987
20.76
20.76
-13.1616
-13.1616
1109.42
1109.42
1147.39
1147.39
-1.21236
-1.21236
1321.24
1321.24
33.2848
33.2848
-1.85049
-1.85049
227.571
227.571
-13.2072
-13.2072
399.682
399.682
-13.2638
-13.2638
-13.0489
-13.0489
-13.6366
-13.6366
1010.38
1010.38
-14.0569
-14.0569
854.612
854.612
-12.8044
-12.8044
-1.09124
-1.09124
-13.1259
-13.1259
-12.9894
-12.9894
1431.32
1431.32
-13.6052
-13.6052
16.0401
16.0401
88.5933
88.5933
-14.2067
-14.2067
-12.911
-12.911
-12.9351
-12.9351
-12.94
-12.94
206.364
206.364
-13.0882
-13.0882
-12.9353
-12.9353
-13.0698
-13.0698
207.743
207.743
-13.0749
-13.0749
-13.4995
-13.4995
-13.0127
-13.0127
1260.46
1260.46
671.959
671.959
1456.62
1456.62
-13.0254
-13.0254
-14.0526
-14.0526
1100.28
1100.28
439.853
439.853
-9.7386
-9.7386
-13.589
-13.589
-12.9257
-12.9257
-13.7096
-13.7096
811.042
811.042
-1.0122
-1.0122
-13.0855
-13.0855
-13.1071
-13.1071
-13.2323
-13.2323
82.3765
82.3765
-13.5023
-13.5023
1303.63
1303.63
-13.4009
-13.4009
-13.6723
-13.6723
-13.9824
-13.9824
-12.9699
-12.9699
-10.4759
-10.4759
147.909
147.909
-13.4331
-13.4331
-13.6988
-13.6988
-13.0769
-13.0769
-13.6259
-13.6259
-13.6164
-13.6164
-13.0086
-13.0086
-13.0587
-13.0587
1203.61
1203.61
-13.4463
-13.4463
-11.322
-11.322
3.08208
3.08208
-13.0454
-13.0454
1123.4
1123.4
1075.91
1075.91
1181.6
1181.6
1142.89
1142.89
-14.4808
-14.4808
-12.7879
-12.7879
69.9563
69.9563
-12.9366
-12.9366
-13.644
-13.644
1027.13
1027.13
-13.0623
-13.0623
-12.3854
-12.3854
485.056
485.056
-13.0417
-13.0417
1343.26
1343.26
-13.6386
-13.6386
-13.5496
-13.5496
-12.9061
-12.9061
-13.4557
-13.4557
-13.5026
-13.5026
-13.0014
-13.0014
-12.6134
-12.6134
6.33662
6.33662
6.33662
51.7704
51.7704
51.7704
-13.1757
-13.1757
1034.77
1034.77
-11.957
-11.957
80.5669
80.5669
-9.55919
-9.55919
-5.78063
-5.78063
-12.9974
-12.9974
1075.28
1075.28
1075.28
70.3196
70.3196
-13.615
-13.615
-12.9233
-12.9233
-12.6603
-12.6603
1175
1175
-13.495
-13.495
-13.095
-13.095
21.1514
21.1514
-12.9906
-12.9906
493.147
493.147
-13.6059
-13.6059
1041.33
1041.33
-10.2766
-10.2766
-12.1239
-12.1239
-10.5553
-10.5553
1217.26
1217.26
-13.0374
-13.0374
-12.1449
-12.1449
-13.1237
-13.1237
-13.4557
-13.4557
-12.9615
-12.9615
-13.5575
-13.5575
-13.063
-13.063
36.1753
36.1753
-13.0281
-13.0281
199.523
199.523
1127.06
1127.06
-13.6476
-13.6476
45.7065
45.7065
2.42988
2.42988
-12.9809
-12.9809
-12.3662
-12.3662
1082.45
1082.45
-7.88913
-7.88913
127.848
127.848
-13.8566
-13.8566
-13.0429
-13.0429
-12.9977
-12.9977
3.70128
3.70128
-13.4569
-13.4569
-13.0862
-13.0862
-13.6046
-13.6046
-13.4162
-13.4162
1028.39
1028.39
1028.39
-13.3484
-13.3484
83.2921
83.2921
87.2963
87.2963
75.8956
75.8956
957.333
957.333
-10.0435
-10.0435
-10.3592
-10.3592
-13.4983
-13.4983
-13.5782
-13.5782
12.4723
12.4723
-13.6348
-13.6348
90.8425
90.8425
76.6024
76.6024
473.817
473.817
473.817
972.37
972.37
-10.4265
-10.4265
-13.6167
-13.6167
-12.5478
-12.5478
-13.7096
-13.7096
-12.9623
-12.9623
10.2096
10.2096
25.6488
25.6488
-13.6149
-13.6149
-12.9272
-12.9272
-13.203
-13.203
-12.9507
-12.9507
-10.3169
-10.3169
-13.7248
-13.7248
-13.4511
-13.4511
-13.179
-13.179
-13.1194
-13.1194
-12.9931
-12.9931
-14.0543
-14.0543
78.5952
78.5952
253.422
253.422
-9.43374
-9.43374
92.1618
92.1618
195.33
195.33
-13.8166
-13.8166
24.4707
24.4707
24.4707
-13.5402
-13.5402
-13.6588
-13.6588
-13.6739
-13.6739
958.837
958.837
958.837
16.9589
16.9589
11.2199
11.2199
-13.441
-13.441
88.6867
88.6867
79.1947
79.1947
251.815
251.815
-13.503
-13.503
-13.0413
-13.0413
-12.9744
-12.9744
-12.9762
-12.9762
-12.0359
-12.0359
964.931
964.931
-14.0887
-14.0887
-10.3292
-10.3292
-13.0343
-13.0343
-13.7938
-13.7938
11.8173
11.8173
89.0078
89.0078
-13.4739
-13.4739
-13.6365
-13.6365
-13.177
-13.177
-13.8539
-13.8539
-13.7227
-13.7227
-12.9812
-12.9812
72.5334
72.5334
-12.9084
-12.9084
1173.85
1173.85
-12.9424
-12.9424
104.897
104.897
7.2891
7.2891
68.9457
68.9457
-12.1533
-12.1533
19.4641
19.4641
84.0763
84.0763
-12.6252
-12.6252
-13.0662
-13.0662
-13.4819
-13.4819
-14.1012
-14.1012
-11.1988
-11.1988
66.786
66.786
1127.49
1127.49
1006.64
1006.64
1006.64
-9.69798
-9.69798
-14.0415
-14.0415
962.393
962.393
-12.9824
-12.9824
-13.1115
-13.1115
972.95
972.95
-13.7043
-13.7043
13.6418
13.6418
-13.8408
-13.8408
-12.8319
-12.8319
-14.2105
-14.2105
-13.5705
-13.5705
1110.18
1110.18
-9.99966
-9.99966
-13.93
-13.93
806.328
806.328
-12.9305
-12.9305
-13.6926
-13.6926
999.449
999.449
999.449
-13.4639
-13.4639
-13.3802
-13.3802
33.692
33.692
-13.5676
-13.5676
-14.6938
-14.6938
1152.26
1152.26
-13.3093
-13.3093
91.1362
91.1362
-13.192
-13.192
368.641
368.641
-4.72053
-4.72053
-14.0643
-14.0643
1241.79
1241.79
-13.0558
-13.0558
1235.82
1235.82
-13.3176
-13.3176
-13.7039
-13.7039
-13.8946
-13.8946
-12.6736
-12.6736
-12.8755
-12.8755
183.399
183.399
-13.7577
-13.7577
-4.70237
-4.70237
-0.0545325
-0.0545325
-13.0176
-13.0176
-11.775
-11.775
38.568
38.568
-13.125
-13.125
-13.1548
-13.1548
14.1772
14.1772
-14.7895
-14.7895
1201.97
1201.97
-13.5266
-13.5266
-12.9023
-12.9023
-14.1101
-14.1101
-14.0709
-14.0709
-13.8415
-13.8415
-14.0497
-14.0497
-13.7349
-13.7349
-12.9974
-12.9974
-12.69
-12.69
942.931
942.931
861.177
861.177
-13.9732
-13.9732
-14.1188
-14.1188
65.5392
65.5392
-14.8082
-14.8082
-5.7385
-5.7385
15.6744
15.6744
60.5289
60.5289
-4.32246
-4.32246
-2.1907
-2.1907
-13.4829
-13.4829
1328.22
1328.22
-12.9626
-12.9626
1132.65
1132.65
-13.7896
-13.7896
46.227
46.227
-1.03488
-1.03488
-14.1677
-14.1677
-13.7027
-13.7027
-13.3912
-13.3912
-14.5799
-14.5799
0.263983
0.263983
-13.6988
-13.6988
1294.23
1294.23
687.002
687.002
-14.0747
-14.0747
-13.9042
-13.9042
-13.2594
-13.2594
-13.0119
-13.0119
21.0097
21.0097
7.7023
7.7023
-13.4221
-13.4221
642.533
642.533
-13.8366
-13.8366
-14.1597
-14.1597
20.346
20.346
-14.77
-14.77
-14.7332
-14.7332
-12.9457
-12.9457
-14.3863
-14.3863
-14.1892
-14.1892
14.1675
14.1675
-13.2039
-13.2039
-12.8895
-12.8895
-14.652
-14.652
14.8217
14.8217
-13.7644
-13.7644
24.3776
24.3776
366.496
366.496
-13.9404
-13.9404
-14.7284
-14.7284
-13.9125
-13.9125
270.471
270.471
270.471
143.144
143.144
568.55
568.55
-13.1477
-13.1477
1.87736
1.87736
1011.72
1011.72
-12.918
-12.918
1542.48
1542.48
-12.7256
-12.7256
1208.46
1208.46
1208.46
-13.9242
-13.9242
-13.1289
-13.1289
-14.6829
-14.6829
19.5219
19.5219
138.218
138.218
-14.0605
-14.0605
8.08138
8.08138
-13.8233
-13.8233
-13.7722
-13.7722
-14.0899
-14.0899
-1.42236
-1.42236
-13.044
-13.044
-13.5921
-13.5921
1198.22
1198.22
-13.1103
-13.1103
-13.4838
-13.4838
204.204
204.204
-13.0966
-13.0966
1242.97
1242.97
-3.98984
-3.98984
-13.3227
-13.3227
-13.0476
-13.0476
-12.8911
-12.8911
1304.74
1304.74
-13.5762
-13.5762
-14.0556
-14.0556
-13.0229
-13.0229
-13.7101
-13.7101
-5.35466
-5.35466
-13.9857
-13.9857
14.7969
14.7969
-13.2572
-13.2572
670.565
670.565
-13.8424
-13.8424
12.9799
12.9799
51.7639
51.7639
150.559
150.559
-14.1394
-14.1394
-1.7064
-1.7064
-14.5676
-14.5676
472.554
472.554
472.554
-13.859
-13.859
-12.9028
-12.9028
-14.3073
-14.3073
-14.3157
-14.3157
-13.1163
-13.1163
764.333
764.333
-14.1598
-14.1598
-13.1955
-13.1955
146.619
146.619
-14.1062
-14.1062
-13.1723
-13.1723
-13.7417
-13.7417
-6.14404
-6.14404
-14.7445
-14.7445
-12.9846
-12.9846
942.036
942.036
1130.52
1130.52
-6.21813
-6.21813
1579.11
1579.11
-14.3139
-14.3139
-14.5733
-14.5733
-13.0465
-13.0465
-13.8294
-13.8294
-13.1405
-13.1405
136.804
136.804
-0.688222
-0.688222
-12.8795
-12.8795
-13.1335
-13.1335
739.218
739.218
-12.967
-12.967
-13.1031
-13.1031
-13.9456
-13.9456
-14.5281
-14.5281
16.6848
16.6848
-13.7241
-13.7241
-13.9676
-13.9676
2.9339
2.9339
-14.3822
-14.3822
1346.31
1346.31
-5.96429
-5.96429
-15.1091
-15.1091
18.4724
18.4724
-11.0626
-11.0626
-13.0761
-13.0761
893.654
893.654
-12.9377
-12.9377
-5.41021
-5.41021
-13.1582
-13.1582
-13.3908
-13.3908
-13.078
-13.078
-14.6531
-14.6531
-13.8266
-13.8266
77.638
77.638
-5.32254
-5.32254
-13.3122
-13.3122
-13.7465
-13.7465
40.2676
40.2676
-15.771
-15.771
1441.68
1441.68
-14.0513
-14.0513
-13.5602
-13.5602
150.982
150.982
70.9266
70.9266
-13.2145
-13.2145
-12.9391
-12.9391
-13.0518
-13.0518
-13.8428
-13.8428
-14.1804
-14.1804
-12.8282
-12.8282
-14.2045
-14.2045
594.321
594.321
-14.0536
-14.0536
-13.7464
-13.7464
-7.62724
-7.62724
-6.30961
-6.30961
-13.6444
-13.6444
-13.0095
-13.0095
-13.1688
-13.1688
-14.1445
-14.1445
-12.6407
-12.6407
-12.8989
-12.8989
543.433
543.433
146.564
146.564
-9.58441
-9.58441
-6.16066
-6.16066
-13.9823
-13.9823
-1.2352
-1.2352
1352.11
1352.11
1571.78
1571.78
-14.3666
-14.3666
-14.0541
-14.0541
1242.14
1242.14
1217.06
1217.06
-14.5051
-14.5051
1079.45
1079.45
-2.8072
-2.8072
9.16913
9.16913
-12.9226
-12.9226
-13.1112
-13.1112
-14.622
-14.622
-12.8887
-12.8887
-12.9794
-12.9794
-14.4959
-14.4959
-13.185
-13.185
-14.9418
-14.9418
33.5139
33.5139
17.2057
17.2057
-6.61927
-6.61927
-10.65
-10.65
1385.45
1385.45
802.329
802.329
-0.951098
-0.951098
200.891
200.891
-12.9331
-12.9331
-15.144
-15.144
-6.32034
-6.32034
215.686
215.686
3.31489
3.31489
41.6564
41.6564
1520.16
1520.16
-12.9914
-12.9914
-13.1294
-13.1294
-12.8958
-12.8958
156.347
156.347
-13.0812
-13.0812
-11.4506
-11.4506
148.81
148.81
-13.4936
-13.4936
-12.9081
-12.9081
7.29324
7.29324
1164.9
1164.9
1485.59
1485.59
-13.2537
-13.2537
137.37
137.37
912.404
912.404
-14.5984
-14.5984
-13.6985
-13.6985
18.7758
18.7758
-1.2305
-1.2305
30.4061
30.4061
-13.3669
-13.3669
-5.57304
-5.57304
-13.0397
-13.0397
-12.7619
-12.7619
28.0765
28.0765
-6.60721
-6.60721
130.02
130.02
-1.0954
-1.0954
-0.182995
-0.182995
-13.2011
-13.2011
-13.5242
-13.5242
-13.0181
-13.0181
-14.3337
-14.3337
-6.0859
-6.0859
-1.12861
-1.12861
-13.4477
-13.4477
-9.7191
-9.7191
-13.4406
-13.4406
-5.92507
-5.92507
-14.152
-14.152
-10.4425
-10.4425
-12.9611
-12.9611
1438.12
1438.12
-5.34526
-5.34526
-15.4462
-15.4462
-13.3398
-13.3398
1247.42
1247.42
-13.0667
-13.0667
1034.29
1034.29
-14.4659
-14.4659
-14.1366
-14.1366
1598.16
1598.16
-1.27559
-1.27559
-12.5961
-12.5961
-13.1418
-13.1418
-13.0182
-13.0182
-13.1719
-13.1719
-18.8814
-18.8814
-14.0273
-14.0273
-12.8849
-12.8849
518.198
518.198
-14.5043
-14.5043
-13.4212
-13.4212
956.983
956.983
-10.8463
-10.8463
-15.2747
-15.2747
-13.0137
-13.0137
-6.1019
-6.1019
-6.96316
-6.96316
-1.2059
-1.2059
-15.4702
-15.4702
562.934
562.934
-14.5379
-14.5379
-13.1091
-13.1091
34.7345
34.7345
53.0521
53.0521
2.5526
2.5526
60.7913
60.7913
-14.1331
-14.1331
-13.5719
-13.5719
304.311
304.311
-4.34239
-4.34239
-14.2602
-14.2602
215.249
215.249
-6.58657
-6.58657
44.1708
44.1708
-13.4516
-13.4516
-14.0823
-14.0823
682.206
682.206
59.789
59.789
-6.18813
-6.18813
-12.9452
-12.9452
-8.42398
-8.42398
182.186
182.186
1117.8
1117.8
9.94927
9.94927
-12.8996
-12.8996
-13.0665
-13.0665
60.4362
60.4362
-13.1654
-13.1654
-15.857
-15.857
-14.6504
-14.6504
-7.18584
-7.18584
-6.23674
-6.23674
444.195
444.195
-12.9851
-12.9851
692.74
692.74
-13.1017
-13.1017
-13.5204
-13.5204
-13.0438
-13.0438
-13.6487
-13.6487
18.0192
18.0192
-0.865533
-0.865533
759.368
759.368
-13.2293
-13.2293
-13.2871
-13.2871
-8.7526
-8.7526
2.49048
2.49048
-16.0434
-16.0434
-12.5473
-12.5473
-0.112036
-0.112036
1019.56
1019.56
-13.1671
-13.1671
37.2499
37.2499
-11.7974
-11.7974
-9.60658
-9.60658
-13.1574
-13.1574
-15.9465
-15.9465
-6.52726
-6.52726
-13.4103
-13.4103
719.768
719.768
-12.9276
-12.9276
3.8716
3.8716
596.386
596.386
-13.0113
-13.0113
-5.85508
-5.85508
-15.0092
-15.0092
1477
1477
-1.30451
-1.30451
-14.7903
-14.7903
24.7613
24.7613
-16.3816
-16.3816
-13.1316
-13.1316
-8.13108
-8.13108
-7.05157
-7.05157
-0.750781
-0.750781
53.6721
53.6721
1027.33
1027.33
-16.341
-16.341
-13.7223
-13.7223
58.4343
58.4343
-6.09444
-6.09444
-13.4747
-13.4747
441.031
441.031
-12.9149
-12.9149
-14.3721
-14.3721
-12.9694
-12.9694
87.1787
87.1787
18.176
18.176
805.093
805.093
340.995
340.995
340.995
-1.41443
-1.41443
1576.48
1576.48
-13.0913
-13.0913
60.145
60.145
-2.87543
-2.87543
651.451
651.451
544.951
544.951
1.57714
1.57714
-15.9051
-15.9051
7.59867
7.59867
-14.1957
-14.1957
-10.5257
-10.5257
-5.99418
-5.99418
-1.35714
-1.35714
-2.71422
-2.71422
-12.9944
-12.9944
-0.843555
-0.843555
-13.2081
-13.2081
48.5084
48.5084
-9.11731
-9.11731
115.015
115.015
-7.85548
-7.85548
-13.067
-13.067
-18.6397
-18.6397
-14.0719
-14.0719
-13.7621
-13.7621
516.329
516.329
116.028
116.028
-14.0047
-14.0047
-12.8273
-12.8273
-1.45614
-1.45614
1040.69
1040.69
-9.56677
-9.56677
-12.8722
-12.8722
-14.6565
-14.6565
-6.60724
-6.60724
-13.034
-13.034
113.824
113.824
76.4939
76.4939
-15.8977
-15.8977
-9.55798
-9.55798
3.03016
3.03016
-15.51
-15.51
-13.3632
-13.3632
-15.7075
-15.7075
511.144
511.144
-11.0267
-11.0267
1507.25
1507.25
-13.1841
-13.1841
-8.67858
-8.67858
-15.9455
-15.9455
6.93089
6.93089
-14.0273
-14.0273
-5.54726
-5.54726
-12.9461
-12.9461
-11.6578
-11.6578
239.783
239.783
-13.5529
-13.5529
-12.8879
-12.8879
18.7604
18.7604
-14.6569
-14.6569
-13.3088
-13.3088
-12.2467
-12.2467
0.558548
0.558548
-6.31516
-6.31516
-13.2517
-13.2517
6.53946
6.53946
16.8783
16.8783
-13.0164
-13.0164
-13.147
-13.147
-1.21905
-1.21905
-14.4797
-14.4797
-6.74875
-6.74875
896.047
896.047
1612.87
1612.87
-15.9877
-15.9877
-12.7882
-12.7882
-12.9678
-12.9678
-13.3776
-13.3776
106.173
106.173
-13.4106
-13.4106
12.6135
12.6135
-9.70045
-9.70045
-12.8988
-12.8988
-13.11
-13.11
115.782
115.782
-1.12393
-1.12393
-7.37813
-7.37813
11.5128
11.5128
18.213
18.213
-1.77829
-1.77829
-16.417
-16.417
14.9954
14.9954
-5.83959
-5.83959
-9.73972
-9.73972
-13.3966
-13.3966
-1.81614
-1.81614
-8.67227
-8.67227
-13.085
-13.085
-9.13908
-9.13908
-11.9788
-11.9788
14.438
14.438
12.6988
12.6988
18.0008
18.0008
-12.9908
-12.9908
-8.34733
-8.34733
-13.3831
-13.3831
93.7616
93.7616
-13.6056
-13.6056
-12.9338
-12.9338
18.9386
18.9386
-13.0551
-13.0551
1140.66
1140.66
1140.66
-13.2049
-13.2049
-1.27994
-1.27994
-15.1341
-15.1341
-14.7943
-14.7943
1214.05
1214.05
-6.19431
-6.19431
-14.2438
-14.2438
2.87644
2.87644
18.2051
18.2051
-6.63221
-6.63221
-14.2138
-14.2138
-14.5098
-14.5098
-2.91023
-2.91023
-12.955
-12.955
12.4411
12.4411
-13.7467
-13.7467
-5.97919
-5.97919
-9.59771
-9.59771
-1.75445
-1.75445
-12.9222
-12.9222
16.6414
16.6414
-13.3873
-13.3873
-13.7444
-13.7444
-12.8598
-12.8598
-5.35349
-5.35349
-13.9842
-13.9842
-1.86414
-1.86414
-15.007
-15.007
-0.465875
-0.465875
-4.53342
-4.53342
-13.037
-13.037
-7.20688
-7.20688
-4.83877
-4.83877
-9.50347
-9.50347
-11.4184
-11.4184
-12.8286
-12.8286
-12.9771
-12.9771
-5.03166
-5.03166
1100.87
1100.87
-14.3277
-14.3277
-12.7373
-12.7373
-8.08689
-8.08689
18.8671
18.8671
-12.8838
-12.8838
-14.2099
-14.2099
0.986124
0.986124
-14.0731
-14.0731
-13.265
-13.265
-14.4239
-14.4239
-14.5116
-14.5116
-13.2714
-13.2714
-13.0087
-13.0087
818.647
818.647
-13.3459
-13.3459
-13.1929
-13.1929
-13.1539
-13.1539
-13.1206
-13.1206
12.1714
12.1714
-5.48959
-5.48959
19.6476
19.6476
-4.14775
-4.14775
-12.8847
-12.8847
-9.1837
-9.1837
-1.76196
-1.76196
-4.62991
-4.62991
-16.2463
-16.2463
-13.264
-13.264
-2.46791
-2.46791
-13.3249
-13.3249
-13.3129
-13.3129
-1.90584
-1.90584
-12.8226
-12.8226
-13.0959
-13.0959
0.278636
0.278636
0.278636
-1.88611
-1.88611
-13.9419
-13.9419
-2.53183
-2.53183
-6.42771
-6.42771
-10.682
-10.682
-12.9363
-12.9363
-12.9183
-12.9183
1.9026
1.9026
-14.6129
-14.6129
1037.86
1037.86
-13.0696
-13.0696
-4.87688
-4.87688
-12.9945
-12.9945
-9.70956
-9.70956
-14.288
-14.288
-8.61482
-8.61482
-12.2819
-12.2819
18.9576
18.9576
-4.04922
-4.04922
-6.4507
-6.4507
-13.7058
-13.7058
1465.54
1465.54
2.23922
2.23922
-6.91344
-6.91344
-14.5768
-14.5768
-14.4814
-14.4814
-12.9561
-12.9561
1.25188
1.25188
-13.0515
-13.0515
-1.17746
-1.17746
-1.4905
-1.4905
-13.8999
-13.8999
-13.8791
-13.8791
-13.7345
-13.7345
-3.045
-3.045
-14.4122
-14.4122
-5.84889
-5.84889
4.73944
4.73944
-5.05533
-5.05533
-5.05533
-7.53009
-7.53009
-2.51425
-2.51425
1100.96
1100.96
1100.96
-5.00834
-5.00834
259.158
259.158
259.158
-4.12798
-4.12798
-0.857628
-0.857628
1007.34
1007.34
-13.0315
-13.0315
-8.40875
-8.40875
-13.7864
-13.7864
-2.24519
-2.24519
-14.0268
-14.0268
-13.3733
-13.3733
-14.9643
-14.9643
-1.24309
-1.24309
-2.47448
-2.47448
-12.9773
-12.9773
-9.52638
-9.52638
-12.9307
-12.9307
-8.8442
-8.8442
6.65028
6.65028
-12.8162
-12.8162
-14.1545
-14.1545
-0.0995642
-0.0995642
-14.4064
-14.4064
240.312
240.312
-10.8504
-10.8504
0.358885
0.358885
-5.32996
-5.32996
-10.9134
-10.9134
-16.0785
-16.0785
-14.347
-14.347
-15.478
-15.478
998.255
998.255
403.107
403.107
-6.77039
-6.77039
520.814
520.814
-14.099
-14.099
-13.0153
-13.0153
-12.3494
-12.3494
-7.34707
-7.34707
-12.9484
-12.9484
-6.30354
-6.30354
-4.91295
-4.91295
-13.4614
-13.4614
-4.85612
-4.85612
-14.6324
-14.6324
-2.98227
-2.98227
-6.00946
-6.00946
-12.0692
-12.0692
-8.14764
-8.14764
1503.05
1503.05
-13.9205
-13.9205
-13.2532
-13.2532
-13.1226
-13.1226
1008.59
1008.59
-13.5667
-13.5667
-3.26074
-3.26074
19.4687
19.4687
-13.9069
-13.9069
-13.0981
-13.0981
-13.0773
-13.0773
-13.7969
-13.7969
-14.1173
-14.1173
-9.15822
-9.15822
-15.8232
-15.8232
-13.1942
-13.1942
-13.4029
-13.4029
-13.1576
-13.1576
796.107
796.107
-12.9691
-12.9691
-12.9953
-12.9953
-13.7532
-13.7532
-10.4163
-10.4163
-14.3545
-14.3545
-13.0835
-13.0835
-12.8251
-12.8251
1010.55
1010.55
-5.48744
-5.48744
-13.0608
-13.0608
-14.3313
-14.3313
-2.20817
-2.20817
-2.36311
-2.36311
-11.7408
-11.7408
-13.3034
-13.3034
649.147
649.147
-15.5398
-15.5398
-4.83709
-4.83709
-14.1623
-14.1623
-13.9988
-13.9988
-14.2971
-14.2971
-11.6699
-11.6699
-15.576
-15.576
-13.0385
-13.0385
-5.81666
-5.81666
-14.3466
-14.3466
-13.8135
-13.8135
-12.9009
-12.9009
-13.2545
-13.2545
-3.96155
-3.96155
-14.4431
-14.4431
-13.0349
-13.0349
-13.6031
-13.6031
-15.7958
-15.7958
-13.2892
-13.2892
-14.2464
-14.2464
-7.05837
-7.05837
1.18953
1.18953
-5.0044
-5.0044
-7.67263
-7.67263
-8.2171
-8.2171
-4.21461
-4.21461
-12.9857
-12.9857
-13.7922
-13.7922
-15.9042
-15.9042
-13.0272
-13.0272
-2.78805
-2.78805
-13.9716
-13.9716
-3.01174
-3.01174
-13.845
-13.845
-8.46119
-8.46119
-6.40477
-6.40477
-13.9864
-13.9864
-1.85406
-1.85406
-12.6317
-12.6317
-9.4266
-9.4266
-15.8379
-15.8379
-12.8533
-12.8533
-13.8004
-13.8004
-10.547
-10.547
437.944
437.944
-4.34194
-4.34194
-6.54437
-6.54437
-13.0245
-13.0245
-14.0051
-14.0051
-4.79773
-4.79773
-14.078
-14.078
-11.6887
-11.6887
-13.634
-13.634
-12.8918
-12.8918
-12.8186
-12.8186
-14.6364
-14.6364
-13.7583
-13.7583
-13.5129
-13.5129
-13.0364
-13.0364
-14.0601
-14.0601
-3.4172
-3.4172
-7.47726
-7.47726
-12.6602
-12.6602
-5.87127
-5.87127
-12.878
-12.878
-15.0631
-15.0631
-0.7856
-0.7856
-5.34806
-5.34806
-13.7606
-13.7606
-9.05913
-9.05913
-15.2553
-15.2553
-3.69514
-3.69514
-14.3052
-14.3052
-0.926175
-0.926175
-0.926175
-1.05686
-1.05686
-1.05686
-13.7318
-13.7318
-4.41303
-4.41303
-14.2783
-14.2783
-13.1126
-13.1126
-8.21208
-8.21208
-15.0941
-15.0941
-5.95691
-5.95691
-4.5423
-4.5423
-14.3105
-14.3105
-13.092
-13.092
-13.0734
-13.0734
239.131
239.131
-13.7847
-13.7847
-9.10628
-9.10628
-12.9412
-12.9412
-13.0214
-13.0214
-13.8155
-13.8155
-14.2165
-14.2165
-13.9932
-13.9932
-10.151
-10.151
-6.89148
-6.89148
-15.1616
-15.1616
-13.0593
-13.0593
-13.0487
-13.0487
-2.83009
-2.83009
-11.246
-11.246
-14.1382
-14.1382
-1.21225
-1.21225
-1.21225
-2.66738
-2.66738
-4.8757
-4.8757
-13.3999
-13.3999
-12.9471
-12.9471
-14.7991
-14.7991
-12.2269
-12.2269
-12.7726
-12.7726
1087.67
1087.67
-13.8456
-13.8456
-13.0368
-13.0368
-14.0818
-14.0818
-14.3735
-14.3735
-13.4921
-13.4921
-13.1469
-13.1469
-4.16347
-4.16347
-14.1263
-14.1263
1007.71
1007.71
-13.8685
-13.8685
-12.578
-12.578
-1.4034
-1.4034
-1.4034
-12.961
-12.961
-14.5201
-14.5201
975.884
975.884
-3.2019
-3.2019
-13.7706
-13.7706
-13.01
-13.01
-13.0121
-13.0121
-13.1769
-13.1769
-6.37603
-6.37603
-5.51324
-5.51324
-3.4054
-3.4054
-13.895
-13.895
-11.3489
-11.3489
-13.7145
-13.7145
1004.31
1004.31
-13.0555
-13.0555
-14.2998
-14.2998
-14.1864
-14.1864
-5.03695
-5.03695
-14.1141
-14.1141
-6.04156
-6.04156
-13.7873
-13.7873
-7.7804
-7.7804
-2.29832
-2.29832
-13.808
-13.808
-14.4277
-14.4277
-14.4797
-14.4797
-12.9777
-12.9777
-8.52018
-8.52018
-14.6237
-14.6237
988.193
988.193
-12.6996
-12.6996
-14.3132
-14.3132
1057.79
1057.79
-14.5466
-14.5466
-9.38293
-9.38293
-4.46183
-4.46183
-14.0975
-14.0975
-13.695
-13.695
-13.7099
-13.7099
-7.15784
-7.15784
-13.8971
-13.8971
-10.3427
-10.3427
-14.3057
-14.3057
1049.25
1049.25
-12.9877
-12.9877
-14.2928
-14.2928
-11.3167
-11.3167
-13.2873
-13.2873
-3.73696
-3.73696
-14.1602
-14.1602
100.675
100.675
1020.34
1020.34
-14.1493
-14.1493
-13.5135
-13.5135
-13.0591
-13.0591
1102.41
1102.41
1102.41
1113.54
1113.54
1113.54
-8.5336
-8.5336
-14.233
-14.233
-12.1791
-12.1791
1017.44
1017.44
-13.7876
-13.7876
-3.95479
-3.95479
-4.61739
-4.61739
-0.848363
-0.848363
-12.9928
-12.9928
-13.048
-13.048
-13.951
-13.951
-12.1906
-12.1906
-13.0765
-13.0765
-14.2663
-14.2663
-14.2483
-14.2483
-14.1526
-14.1526
-6.59516
-6.59516
-13.9411
-13.9411
-7.56831
-7.56831
-13.2383
-13.2383
-14.3184
-14.3184
-13.7481
-13.7481
-3.20717
-3.20717
-3.05764
-3.05764
-13.8453
-13.8453
-12.8468
-12.8468
-13.6602
-13.6602
-8.27074
-8.27074
861.733
861.733
861.733
-13.7249
-13.7249
-9.08778
-9.08778
-14.3119
-14.3119
-10.0064
-10.0064
-14.1149
-14.1149
-12.3776
-12.3776
-13.0415
-13.0415
1017.31
1017.31
1060.44
1060.44
-13.6122
-13.6122
-14.2076
-14.2076
-10.9615
-10.9615
-1.72458
-1.72458
-1.72458
1023.6
1023.6
-13.7399
-13.7399
-4.12801
-4.12801
-5.38129
-5.38129
-11.8444
-11.8444
-6.97077
-6.97077
-13.0931
-13.0931
-13.9678
-13.9678
-13.0336
-13.0336
-3.50511
-3.50511
-4.92475
-4.92475
-13.0366
-13.0366
-13.9158
-13.9158
-13.8921
-13.8921
-14.0156
-14.0156
-5.8927
-5.8927
-3.66276
-3.66276
-1.35105
-1.35105
-14.0045
-14.0045
-14.1519
-14.1519
-2.73574
-2.73574
-14.2146
-14.2146
-13.0185
-13.0185
-14.0186
-14.0186
-13.9765
-13.9765
-13.6314
-13.6314
-13.8793
-13.8793
-14.2002
-14.2002
-12.5684
-12.5684
-14.1122
-14.1122
1046.43
1046.43
-13.7869
-13.7869
-4.26723
-4.26723
-14.1174
-14.1174
-13.9926
-13.9926
-13.6966
-13.6966
-13.2736
-13.2736
-12.8348
-12.8348
-12.8348
-13.8736
-13.8736
-13.8029
-13.8029
1050.07
1050.07
-13.4305
-13.4305
-14.1084
-14.1084
-13.0356
-13.0356
-14.0087
-14.0087
-12.8827
-12.8827
-12.8827
-6.40513
-6.40513
-13.993
-13.993
-13.0013
-13.0013
-12.8788
-12.8788
-12.8788
5.54735
5.54735
-13.6922
-13.6922
-13.0279
-13.0279
-13.0305
-13.0305
-4.53742
-4.53742
-14.1486
-14.1486
-13.6421
-13.6421
-0.364594
-0.364594
-14.0968
-14.0968
-14.0269
-14.0269
-14.1114
-14.1114
-13.0663
-13.0663
-13.5592
-13.5592
-12.8067
-12.8067
-12.8067
-14.1196
-14.1196
-13.0358
-13.0358
-5.0781
-5.0781
-13.832
-13.832
-13.5123
-13.5123
-5.54768
-5.54768
-13.4997
-13.4997
-13.8737
-13.8737
-4.13889
-4.13889
-13.0234
-13.0234
-3.9693
-3.9693
-13.5958
-13.5958
-12.9618
-12.9618
-12.9618
-12.9401
-12.9401
-12.9401
1037.77
1037.77
-6.06766
-6.06766
-14.0486
-14.0486
-2.14315
-2.14315
-2.14315
-13.5035
-13.5035
-14.0373
-14.0373
1016.28
1016.28
-13.8692
-13.8692
-13.4524
-13.4524
-13.9981
-13.9981
-13.1295
-13.1295
-0.523083
-0.523083
-12.9551
-12.9551
-12.9551
-14.0705
-14.0705
-13.8266
-13.8266
-12.9301
-12.9301
1018.7
1018.7
1018.7
997.973
997.973
997.973
-3.47546
-3.47546
1040.2
1040.2
-14.0961
-14.0961
-3.35507
-3.35507
-13.5359
-13.5359
-13.7313
-13.7313
-13.5096
-13.5096
-13.9171
-13.9171
-13.7745
-13.7745
-13.4955
-13.4955
417.006
417.006
417.006
-13.3973
-13.3973
-12.6069
-12.6069
-12.6069
-12.707
-12.707
-12.707
-13.6478
-13.6478
-13.8495
-13.8495
1043.7
1043.7
-12.9727
-12.9727
-12.9727
-13.4868
-13.4868
-4.67342
-4.67342
-13.5109
-13.5109
-7.17489
-7.17489
-4.22669
-4.22669
-7.80279
-7.80279
-13.6897
-13.6897
-3.10613
-3.10613
1035.16
1035.16
1020.37
1020.37
-8.52002
-8.52002
-13.2247
-13.2247
1067.04
1067.04
-13.9353
-13.9353
-13.5493
-13.5493
996.517
996.517
-9.32801
-9.32801
-13.9762
-13.9762
-10.2078
-10.2078
-13.0189
-13.0189
1031.1
1031.1
-11.0983
-11.0983
-13.3219
-13.3219
415.648
415.648
-14.006
-14.006
-13.9795
-13.9795
1039.32
1039.32
1039.32
-12.9847
-12.9847
-12.9847
-11.9091
-11.9091
-13.3987
-13.3987
-3.7254
-3.7254
-13.7205
-13.7205
-13.4551
-13.4551
-14.0466
-14.0466
-13.5011
-13.5011
-13.8819
-13.8819
-13.5481
-13.5481
1471.43
1471.43
-13.3435
-13.3435
-6.58511
-6.58511
-13.9945
-13.9945
1013.46
1013.46
-13.7744
-13.7744
-12.9965
-12.9965
-13.3316
-13.3316
-3.85536
-3.85536
53.7384
53.7384
-2.5859
-2.5859
-2.5859
1051.01
1051.01
-12.5574
-12.5574
-13.1552
-13.1552
-13.0518
-13.0518
-13.3308
-13.3308
-13.4267
-13.4267
-13.8066
-13.8066
-4.34109
-4.34109
-13.8625
-13.8625
-13.5684
-13.5684
-13.0169
-13.0169
-13.0169
-12.9948
-12.9948
-13.6236
-13.6236
-3.99304
-3.99304
-14.2122
-14.2122
-13.0228
-13.0228
-13.8891
-13.8891
-13.722
-13.722
-13.6584
-13.6584
-13.3889
-13.3889
-6.0384
-6.0384
-13.07
-13.07
-13.1842
-13.1842
-5.53517
-5.53517
-13.6331
-13.6331
-13.278
-13.278
-13.0746
-13.0746
-14.0705
-14.0705
-12.9996
-12.9996
-13.5266
-13.5266
-12.9938
-12.9938
-13.9114
-13.9114
-13.1009
-13.1009
-13.1694
-13.1694
-5.07504
-5.07504
-13.1369
-13.1369
-13.3715
-13.3715
-14.0021
-14.0021
-13.4064
-13.4064
662.247
662.247
662.247
-13.0671
-13.0671
-13.0233
-13.0233
-13.0875
-13.0875
-13.3696
-13.3696
-13.1365
-13.1365
-13.7672
-13.7672
1035.42
1035.42
-13.4808
-13.4808
1038.17
1038.17
-13.4164
-13.4164
-4.08269
-4.08269
-13.6633
-13.6633
1071.65
1071.65
1071.65
-13.7171
-13.7171
-13.9377
-13.9377
-12.9484
-12.9484
-12.9484
-13.2441
-13.2441
1061.93
1061.93
-12.8672
-12.8672
-13.7314
-13.7314
1044.34
1044.34
-3.38607
-3.38607
-2.97594
-2.97594
-2.97594
352.717
352.717
-13.2032
-13.2032
-13.0052
-13.0052
-13.0657
-13.0657
1030.21
1030.21
-12.9624
-12.9624
-12.9624
-12.9624
-4.67713
-4.67713
-13.4781
-13.4781
-3.57376
-3.57376
-12.991
-12.991
-12.8455
-12.8455
-13.7642
-13.7642
-12.9078
-12.9078
-13.232
-13.232
-3.66997
-3.66997
-13.0016
-13.0016
-13.2095
-13.2095
-13.2245
-13.2245
-12.8098
-12.8098
-12.9718
-12.9718
-12.8807
-12.8807
1032.67
1032.67
-6.9636
-6.9636
-6.9636
-13.5385
-13.5385
1012.32
1012.32
-7.57412
-7.57412
-7.57412
-13.3065
-13.3065
-8.26282
-8.26282
-8.26282
-13.023
-13.023
-13.4254
-13.4254
-9.03881
-9.03881
-9.03881
-13.5083
-13.5083
-13.8135
-13.8135
-9.89499
-9.89499
-9.89499
-12.7586
-12.7586
-12.9347
-12.9347
-4.35095
-4.35095
-10.7829
-10.7829
-10.7829
-11.6217
-11.6217
-11.6217
-12.8712
-12.8712
1463.3
1463.3
-12.8083
-12.8083
-13.4636
-13.4636
-13.2577
-13.2577
-12.6965
-12.6965
-13.5906
-13.5906
1016.55
1016.55
850.381
850.381
850.381
787.735
787.735
787.735
-12.3263
-12.3263
-12.3263
-12.9595
-12.9595
-13.5901
-13.5901
-13.1142
-13.1142
-13.867
-13.867
-12.6534
-12.6534
1052.35
1052.35
-14.0603
-14.0603
-12.6636
-12.6636
-12.9055
-12.9055
-13.9551
-13.9551
-4.09845
-4.09845
-3.88396
-3.88396
1026.53
1026.53
-12.8331
-12.8331
-12.8331
-13.7332
-13.7332
-13.3396
-13.3396
-3.28364
-3.28364
-3.28364
-12.9378
-12.9378
-12.5623
-12.5623
-12.691
-12.691
-12.922
-12.922
-12.6486
-12.6486
-6.37603
-6.37603
-6.37603
-5.84275
-5.84275
-5.84275
-13.6246
-13.6246
-13.1531
-13.1531
-5.35944
-5.35944
-5.35944
-13.3306
-13.3306
-13.2417
-13.2417
-12.6056
-12.6056
-13.2534
-13.2534
1069.7
1069.7
1069.7
-14.3025
-14.3025
-14.3025
-13.9399
-13.9399
-13.9399
-13.69
-13.69
-3.99536
-3.99536
-12.9737
-12.9737
-13.2953
-13.2953
-12.7438
-12.7438
-12.9519
-12.9519
-13.1245
-13.1245
-12.8946
-12.8946
-12.7032
-12.7032
-13.1989
-13.1989
-12.5114
-12.5114
-4.9231
-4.9231
-4.9231
-13.0632
-13.0632
-12.8916
-12.8916
-12.9644
-12.9644
-3.8726
-3.8726
-12.9613
-12.9613
-13.1195
-13.1195
-13.1195
-13.233
-13.233
1024.84
1024.84
1003.2
1003.2
1003.2
1024.59
1024.59
-12.9217
-12.9217
-12.4924
-12.4924
-12.499
-12.499
-12.8565
-12.8565
-13.8411
-13.8411
-13.8411
-13.0614
-13.0614
1061.57
1061.57
1061.57
-3.58658
-3.58658
-13.0117
-13.0117
-12.5442
-12.5442
-13.1483
-13.1483
-13.2441
-13.2441
-12.499
-12.499
-12.9666
-12.9666
-12.6492
-12.6492
-13.5711
-13.5711
-12.7169
-12.7169
-13.1055
-13.1055
-13.1055
-13.0089
-13.0089
-13.0089
-13.0017
-13.0017
-4.55354
-4.55354
-4.55354
-13.4304
-13.4304
-12.9072
-12.9072
-12.4152
-12.4152
-13.0169
-13.0169
-13.0237
-13.0237
-13.2803
-13.2803
-13.2544
-13.2544
-13.3573
-13.3573
1037.31
1037.31
-13.0867
-13.0867
-13.216
-13.216
-13.216
-4.25333
-4.25333
-4.25333
-12.3874
-12.3874
-13.8158
-13.8158
-13.8158
-3.50999
-3.50999
-3.50999
-13.0314
-13.0314
-12.7019
-12.7019
-12.9077
-12.9077
-13.7967
-13.7967
-13.7967
-12.3515
-12.3515
-13.7297
-13.7297
-13.7297
-13.5497
-13.5497
-13.1753
-13.1753
-13.0298
-13.0298
-14.0527
-14.0527
-14.0527
-12.8601
-12.8601
-12.509
-12.509
-13.9033
-13.9033
-13.9033
-13.0966
-13.0966
-12.4561
-12.4561
1015.99
1015.99
1015.99
-12.3171
-12.3171
-13.4101
-13.4101
-12.3545
-12.3545
-12.9485
-12.9485
-12.7808
-12.7808
-12.9868
-12.9868
-3.92101
-3.92101
-3.92101
-4.05121
-4.05121
-4.05121
-13.0521
-13.0521
1035.33
1035.33
-13.4687
-13.4687
-12.9385
-12.9385
-12.8757
-12.8757
-12.9161
-12.9161
-12.5022
-12.5022
-13.1084
-13.1084
-13.6693
-13.6693
-13.6693
-12.8756
-12.8756
-13.1033
-13.1033
-12.3509
-12.3509
-12.9216
-12.9216
-12.2528
-12.2528
-12.8466
-12.8466
1042.88
1042.88
1052.55
1052.55
1052.55
-12.2731
-12.2731
-12.9739
-12.9739
-12.8445
-12.8445
-3.72942
-3.72942
45.1102
45.1102
-12.8095
-12.8095
-13.5964
-13.5964
-13.5964
-12.9939
-12.9939
-13.1939
-13.1939
-12.6039
-12.6039
-12.9544
-12.9544
-13.1336
-13.1336
-13.1546
-13.1546
-13.1546
-12.3132
-12.3132
-12.1908
-12.1908
-12.2388
-12.2388
-12.5554
-12.5554
-12.9185
-12.9185
-12.9185
-12.8726
-12.8726
-12.8726
-13.0496
-13.0496
-12.8101
-12.8101
-13.0144
-13.0144
-12.4084
-12.4084
-12.1213
-12.1213
-3.80657
-3.80657
-12.1641
-12.1641
-12.9069
-12.9069
-12.366
-12.366
1032.3
1032.3
1025.67
1025.67
1025.67
-13.1335
-13.1335
-12.1508
-12.1508
-12.8311
-12.8311
-13.4043
-13.4043
-13.5074
-13.5074
-13.5074
-13.0181
-13.0181
-12.8743
-12.8743
-13.2967
-13.2967
-12.8334
-12.8334
-12.5963
-12.5963
-12.8008
-12.8008
-12.8831
-12.8831
-12.2257
-12.2257
-12.822
-12.822
-12.822
-12.2217
-12.2217
-12.9822
-12.9822
-12.8199
-12.8199
-12.6703
-12.6703
-12.6703
-12.8
-12.8
-12.8763
-12.8763
-12.8763
-13.3883
-13.3883
-13.4419
-13.4419
-13.4419
-12.8417
-12.8417
-12.9575
-12.9575
-12.9575
-12.9264
-12.9264
-12.7643
-12.7643
-12.1205
-12.1205
-13.2417
-13.2417
-12.4701
-12.4701
-12.4701
-12.0762
-12.0762
-12.0561
-12.0561
-12.7453
-12.7453
-12.5364
-12.5364
-12.5968
-12.5968
-12.5968
-13.0626
-13.0626
-3.66769
-3.66769
-3.66769
-12.9601
-12.9601
-12.2802
-12.2802
-12.2802
-12.0247
-12.0247
-12.855
-12.855
-12.7665
-12.7665
-12.7726
-12.7726
-12.7726
-13.2012
-13.2012
-13.2012
-13.2507
-13.2507
-13.1197
-13.1197
-13.2093
-13.2093
-12.7359
-12.7359
-13.0783
-13.0783
-13.0783
-12.1178
-12.1178
-12.1178
-12.7714
-12.7714
-12.8803
-12.8803
-12.7974
-12.7974
-12.3994
-12.3994
-12.7361
-12.7361
-12.7361
-11.9936
-11.9936
-11.9936
-11.9724
-11.9724
-12.0073
-12.0073
-12.8189
-12.8189
-12.7753
-12.7753
-12.2418
-12.2418
-13.1026
-13.1026
-12.8035
-12.8035
-12.1268
-12.1268
-12.7214
-12.7214
-12.7214
-12.729
-12.729
-12.0504
-12.0504
-12.9872
-12.9872
-12.9872
-12.8081
-12.8081
-12.7961
-12.7961
-12.7961
-12.7728
-12.7728
-12.7497
-12.7497
-12.7876
-12.7876
1033.34
1033.34
1033.34
1036.86
1036.86
-12.7528
-12.7528
-12.7528
-12.7528
1037.98
1037.98
1037.98
1037.98
-12.755
-12.755
1041.85
1041.85
1041.85
-12.25
-12.25
-12.25
-12.2093
-12.2093
-13.2684
-13.2684
-13.2684
-12.3543
-12.3543
-12.4065
-12.4065
-12.4065
-12.8045
-12.8045
-12.8045
-12.1025
-12.1025
-12.1308
-12.1308
-12.1308
-13.0016
-13.0016
-13.0016
-12.9551
-12.9551
-12.9267
-12.9267
-12.9018
-12.9018
-12.9018
-13.346
-13.346
-13.346
-12.8408
-12.8408
-12.8408
-12.8592
-12.8592
-12.9804
-12.9804
-12.9804
-13.0124
-13.0124
-12.7672
-12.7672
-12.7672
-11.9564
-11.9564
-11.9564
-11.9545
-11.9545
-11.9545
-11.9816
-11.9816
-11.9901
-11.9901
-11.9901
-12.0466
-12.0466
-12.0466
-12.0294
-12.0294
-13.0793
-13.0793
-13.0793
-12.7555
-12.7555
-13.02
-13.02
-12.8375
-12.8375
-12.9919
-12.9919
-12.9051
-12.9051
-3.72232
-3.72232
-3.76581
-3.76581
-3.76581
1031.45
1031.45
794.514
794.514
1026.54
1026.54
-3.80618
-3.80618
-3.80618
-3.83162
-3.83162
1066.26
1066.26
-1.11249
-1.11249
-3.89359
-3.89359
-3.80107
-3.80107
1241.44
1241.44
-13.0157
-13.0157
1028.04
1028.04
1014.09
1014.09
1014.09
-3.82595
-3.82595
-3.82595
1011.03
1011.03
1011.03
124.914
124.914
1130.2
1130.2
1025.79
1025.79
1269.6
1269.6
966.532
966.532
966.532
321.564
321.564
98.8358
98.8358
1029.88
1029.88
-0.587527
-0.587527
-0.587527
-0.471703
-0.471703
-0.471703
967.286
967.286
967.286
1046.69
1046.69
1046.69
621.625
621.625
621.625
1068.66
1068.66
1068.66
925.399
925.399
925.399
1033.78
1033.78
1033.78
1010.49
1010.49
1018.55
1018.55
1027.38
1027.38
1095.34
1095.34
1095.34
1111.4
1111.4
1111.4
1106.42
1106.42
1106.42
1001.04
1001.04
1158.58
1158.58
-2.78555
-2.78555
921.964
921.964
921.964
8.64271
8.64271
8.64271
8.63484
8.63484
8.63484
1033.55
1033.55
1034.8
1034.8
885.532
885.532
722.433
722.433
-13.006
-13.006
635.215
635.215
1297.45
1297.45
1324.47
1324.47
1078.45
1078.45
1078.45
985.398
985.398
1053.76
1053.76
897.82
897.82
971.143
971.143
1068.63
1068.63
1036.66
1036.66
1360.71
1360.71
1360.71
1348.54
1348.54
1348.54
1014.99
1014.99
899.64
899.64
1086.63
1086.63
-13.0106
-13.0106
1035.41
1035.41
1108.63
1108.63
9.53557
9.53557
1108.61
1108.61
1008.04
1008.04
1069.18
1069.18
1598.69
1598.69
1077.88
1077.88
1098.53
1098.53
17.1377
17.1377
1113.8
1113.8
1113.8
1100.04
1100.04
881.371
881.371
324.922
324.922
884.499
884.499
-13.156
-13.156
630.82
630.82
1601.9
1601.9
-0.665522
-0.665522
-0.665522
625.194
625.194
-13.2885
-13.2885
777.584
777.584
460.091
460.091
1071.92
1071.92
1071.92
108.511
108.511
1658.79
1658.79
-13.3986
-13.3986
994.391
994.391
873.063
873.063
1354.53
1354.53
1354.53
1464.51
1464.51
-13.1443
-13.1443
1068.28
1068.28
-13.1914
-13.1914
1368.7
1368.7
1092.75
1092.75
1402.91
1402.91
-13.2337
-13.2337
881.032
881.032
312.58
312.58
390.931
390.931
1098.38
1098.38
1096.45
1096.45
876.796
876.796
876.796
909.879
909.879
1299.28
1299.28
1249.25
1249.25
1249.25
-13.3252
-13.3252
)
;
    }
}


// ************************************************************************* //
