/*--------------------------------*- C++ -*----------------------------------*\
  =========                 |
  \\      /  F ield         | OpenFOAM: The Open Source CFD Toolbox
   \\    /   O peration     | Website:  https://openfoam.org
    \\  /    A nd           | Version:  8
     \\/     M anipulation  |
\*---------------------------------------------------------------------------*/
FoamFile
{
    version     2.0;
    format      ascii;
    class       volScalarField;
    location    "0.25";
    object      nut;
}
// * * * * * * * * * * * * * * * * * * * * * * * * * * * * * * * * * * * * * //

dimensions      [0 2 -1 0 0 0 0];

internalField   nonuniform List<scalar> 
1924
(
0.00276619
0.00277861
0.00271745
0.00272786
0.00276175
0.00267211
0.00268023
0.00260359
0.00261396
0.00274855
0.00253524
0.00257392
0.00229922
0.00250348
0.00274781
0.00274915
0.00232284
0.00254595
0.00268527
0.00254893
0.00199927
0.00248902
0.00257433
0.00260796
0.00253411
0.00263993
0.00259174
0.00280631
0.00271584
0.00274911
0.00253416
0.00253109
0.00269904
0.00244647
0.00279934
0.00264023
0.0024439
0.00274105
0.00269967
0.00246072
0.00249442
0.00211891
0.00256516
0.00256432
0.00275165
0.00257782
0.00267613
0.00281121
0.00187457
0.00186347
0.0026951
0.00214622
0.00248686
0.00266621
0.00229692
0.0028039
0.00265226
0.00279263
0.00278623
0.00273356
0.00264386
0.00274497
0.00263386
0.00267142
0.00262833
0.00282138
0.00273993
0.00263658
0.00263462
0.00267861
0.00200395
0.00274552
0.00266296
0.00277791
0.00278594
0.0024052
0.00282182
0.00280433
0.00281013
0.00268152
0.00279457
0.0026512
0.00273032
0.00197263
0.00275021
0.00266245
0.00281387
0.00272764
0.00184284
0.00192473
0.00274196
0.00270026
0.00239154
0.00239542
0.00199251
0.00251794
0.00280833
0.00278474
0.00273499
0.00238585
0.00268142
0.00199904
0.00273486
0.00272068
0.00240109
0.00281624
0.00264224
0.00241146
0.00272889
0.00240312
0.00279355
0.00262254
0.00276715
0.00275516
0.00281436
0.00187098
0.00269035
0.00274679
0.0027178
0.00282047
0.00266652
0.000778879
0.00197616
0.00186594
0.00274024
0.00244302
0.00240047
0.0028058
0.00247879
0.000811273
0.0027904
0.00265166
0.000258276
0.00275906
0.00210442
0.00242152
0.00271498
0.00265848
0.00262833
0.00277348
0.00282084
0.00274448
0.000211225
0.000216097
0.00264914
0.00253985
0.00240107
0.0022585
0.00272494
0.00272633
0.00267027
0.000391168
0.00223066
0.00263525
0.00264314
0.00245219
0.00077532
0.00271358
0.00276441
0.000297475
0.00276341
0.00239079
0.00263089
0.000792811
0.00263564
0.00242285
0.00245311
0.000581997
0.00281843
0.002476
0.00269582
0.00259687
0.00281295
0.00273014
0.0028114
0.00223564
0.00274714
0.00044849
0.00269087
0.00261151
0.00235863
0.00274681
0.00280905
0.00248387
0.00185599
0.00273008
0.00221625
0.00240148
0.00280947
0.00278446
0.00234699
0.00256815
0.00276256
0.00259154
0.00247679
0.000398364
0.00242709
0.00223979
0.00233117
0.00222403
0.000529886
0.00278706
0.00244595
0.0025299
0.00272663
0.00234314
0.00256694
0.00211899
0.00219707
0.000194268
0.00080786
0.00252989
0.0026854
0.00252068
0.00239238
0.00281654
0.00272028
0.00239847
0.0025403
0.00280068
0.00246741
0.00272335
0.0024453
0.00268342
0.00250637
0.00244946
0.00273791
0.00280846
0.00250154
0.00223714
0.000367901
0.00273899
0.00231215
0.000459357
0.00253026
0.000160764
0.00272391
0.00250711
0.00247257
0.000405716
0.00274114
0.00228506
0.00273676
0.00213064
0.000414186
0.00203869
0.00248591
0.00280828
0.00281213
0.00281076
0.00272922
0.000704839
0.00257005
0.00252142
0.00280734
0.00274174
0.00268178
0.00231772
0.00248998
0.00249246
0.00249586
0.00246941
0.00273143
0.00281798
0.00258832
0.00276961
0.00222761
0.00280688
0.00236469
0.000506204
0.00231949
0.00269834
0.00258684
0.00233472
0.00273632
0.00279261
0.00248249
0.00257809
0.00255309
0.00225673
0.000610663
0.000295
0.00274122
0.0025778
0.00265339
0.00279083
0.00273614
0.000710499
0.00249836
0.00229063
0.0024833
0.00269722
0.00265381
0.0027603
0.00183644
0.00265844
0.00274161
0.00217358
0.00280144
0.00275618
0.000410752
0.00254096
0.00275836
0.0027171
0.00249063
0.00238885
0.00236333
0.00276562
0.00232817
0.00277022
0.00207655
0.00272614
0.00263633
0.00260733
0.00279398
0.00238002
0.00251124
0.00249871
0.0024779
0.00254015
0.00274258
0.00233376
0.00255259
0.00270783
0.002503
0.00280053
0.00232257
0.00235253
0.00277891
0.00272122
0.00226348
0.00273451
0.0026351
0.00250614
0.00277924
0.00267925
0.00273308
0.00248136
0.00266056
0.00253549
0.0028037
0.00273511
0.00260345
0.00219495
0.00275601
0.00274259
0.000358906
0.00273555
0.00272052
0.00243768
0.00264822
0.000384211
0.000549954
0.00276575
0.00211763
0.00280327
0.00191812
0.00254539
0.00239089
0.00237757
0.00271481
0.00276059
0.00276864
0.00273284
0.00266336
0.00252181
0.00263691
0.00243462
0.00268908
0.00250357
0.00277311
0.00253736
0.00240152
0.00274024
0.00272482
0.000398122
0.00275828
0.00275383
0.00265169
0.00273501
0.00273717
0.00280154
0.00233173
0.00256764
0.00231639
0.0027773
0.00276985
0.00273212
0.00271463
0.00250214
0.000492566
0.00268624
0.00237831
0.00273101
0.00254337
0.000165926
0.00271267
0.00267862
0.00273953
0.00274269
0.00258784
0.00278101
0.00231761
0.00238347
0.000186888
0.00272904
0.00278426
0.00273079
0.00240497
0.00270285
0.00272686
0.00270119
0.00255945
0.00249079
0.00270581
0.00271341
0.00279253
0.00275975
0.00268316
0.00277925
0.0027619
0.00244247
0.00278783
0.00217799
0.00270291
0.00276847
0.00279335
0.00260564
0.00268753
0.00272949
0.00272838
0.00279541
0.00272957
0.00272233
0.00260958
0.00272902
0.00277096
0.00242422
0.00250468
0.00270932
0.00232749
0.00272695
0.00255975
0.00258007
0.00273006
0.000179242
0.00273676
0.00276613
0.0024047
0.00272764
0.00275065
0.00270303
0.00262034
0.00272503
0.00272552
0.0024817
0.00277682
0.00275218
0.0027244
0.00273435
0.00279536
0.00270932
0.00250845
0.0027257
0.0023401
0.00272713
0.00272644
0.00272375
0.00251082
0.00278917
0.0027215
0.00271797
0.00271019
0.00277973
0.00251191
0.00279648
0.00257017
0.0026266
0.00272934
0.00273807
0.00273869
0.0026364
0.00272414
0.00272604
0.00271683
0.0027226
0.00272626
0.00273459
0.00272506
0.00278218
0.00244749
0.0027259
0.0027218
0.0027336
0.00275921
0.00278448
0.00273071
0.00272416
0.00272644
0.00270255
0.00276133
0.00274987
0.00241192
0.00272209
0.00231739
0.00271094
0.00275222
0.00272573
0.00271854
0.00276772
0.00278007
0.00278697
0.00272367
0.00260586
0.0027232
0.0027228
0.00272366
0.00254703
0.00256921
0.00273449
0.00272163
0.00275015
0.00278641
0.00277004
0.00267252
0.0026245
0.00271512
0.0026959
0.00272473
0.00273298
0.00272181
0.00264959
0.00272169
0.00270209
0.00245722
0.00272207
0.00268845
0.00250736
0.00251389
0.00272398
0.00272237
0.00270087
0.00270864
0.0027706
0.00277488
0.00272122
0.00259257
0.00263724
0.00272498
0.00276305
0.00272201
0.00272046
0.00273761
0.00272055
0.00272195
0.00270544
0.00270389
0.00270437
0.00268116
0.00254565
0.00272322
0.00272013
0.00240386
0.00272006
0.00241694
0.00264722
0.00278756
0.00272697
0.00266562
0.00272241
0.00277695
0.00272115
0.00272187
0.00271999
0.00271142
0.00271926
0.00271457
0.0023517
0.00275749
0.00271779
0.0027221
0.00272812
0.00258596
0.00271965
0.00263791
0.00271207
0.00275132
0.00271707
0.0027764
0.00272801
0.00272113
0.0027195
0.000570149
0.00266696
0.00271058
0.00275953
0.00271896
0.00280897
0.0027217
0.0027198
0.00236183
0.00274936
0.00274004
0.00255146
0.00271967
0.0027039
0.00267511
0.00277255
0.00259826
0.00270934
0.0027202
0.00274286
0.00271634
0.0027834
0.00272064
0.00272434
0.00269169
0.00247215
0.00251392
0.002649
0.00276443
0.002777
0.00268617
0.00271906
0.00270309
0.00270919
0.00272175
0.00272537
0.00270959
0.00272491
0.0027309
0.00271728
0.00280687
0.00271847
0.00271835
0.00243752
0.00271758
0.00261666
0.00271739
0.00276607
0.00271674
0.00271682
0.00271818
0.00271705
0.00270803
0.00274305
0.00271743
0.00273326
0.00271682
0.00247681
0.00271382
0.00271658
0.00273949
0.00271825
0.00272328
0.00271648
0.00271346
0.00276852
0.00271653
0.00272532
0.0026826
0.00272226
0.00268273
0.0027652
0.00271626
0.00252355
0.00271548
0.00272817
0.00271334
0.00271639
0.0027156
0.00276187
0.00259324
0.00277496
0.00274112
0.00276498
0.00265922
0.00273304
0.00270722
0.00272801
0.00274961
0.0027478
0.00272065
0.00271825
0.00271426
0.00272934
0.00271588
0.00254894
0.00275409
0.00272419
0.00273224
0.00274316
0.00268282
0.00271325
0.00271108
0.00274229
0.00272817
0.00271516
0.00271376
0.00271268
0.00274846
0.00271116
0.00271372
0.00245194
0.00264625
0.00271344
0.00271385
0.00271306
0.00275531
0.00271219
0.0027108
0.00271308
0.00271366
0.00256753
0.00271216
0.00272535
0.00271376
0.00271033
0.00274054
0.00255894
0.00268593
0.00272312
0.00275961
0.00272776
0.00273054
0.000358261
0.000200828
0.00247051
0.00255538
0.00275382
0.00271361
0.00272725
0.00263343
0.00271099
0.00271791
0.00271132
0.00271563
0.00271377
0.00272013
0.00270837
0.00266677
0.0027135
0.00274545
0.000391411
0.00265661
0.000509728
0.00271038
0.00272786
0.0027097
0.0027525
0.0027099
0.00270603
0.00267601
0.00253194
0.00261898
0.00272884
0.00241206
0.00253047
0.00258411
0.00272095
0.00259051
0.00271333
0.00272825
0.00273316
0.00270845
0.00272631
0.00270927
0.00270824
0.00272217
0.0027101
0.00272522
0.00271005
0.0026821
0.00271113
0.00247644
0.00274466
0.00270796
0.00270871
0.00272332
0.00271084
0.00270678
0.00271261
0.00273628
0.00239521
0.00259625
0.0026287
0.00273223
0.00271061
0.00273922
0.00268358
0.00272522
0.00270083
0.00274079
0.00271104
0.00270605
0.00272832
0.00274549
0.00257197
0.00271042
0.00270157
0.00259303
0.00255915
0.00270741
0.00238111
0.00270032
0.00273504
0.00250122
0.00272307
0.00271112
0.00270589
0.00255575
0.00274317
0.00268368
0.000433388
0.0027015
0.00272326
0.00271735
0.00270119
0.00270622
0.00270608
0.00269701
0.00273794
0.00273454
0.0027073
0.00271279
0.00274063
0.00270373
0.00271475
0.00271101
0.00272255
0.00272689
0.00268053
0.00270072
0.00270678
0.00270388
0.00270641
0.00269335
0.00271503
0.00271772
0.000162123
0.00264994
0.000484617
0.00270751
0.00270521
0.00199325
0.00269472
0.00270753
0.0027016
0.00271888
0.00269616
0.00272134
0.00271072
0.00271509
0.0026902
0.00272488
0.00270855
0.00269128
0.00269939
0.00263647
0.0025502
0.00271417
0.00273301
0.00270852
0.00247549
0.00269454
0.00270877
0.00265741
0.00270421
0.00271605
0.0027187
0.00270997
0.00269633
0.00268943
0.00274397
0.00269773
0.0023695
0.00267183
0.00270292
0.000459261
0.00270809
0.00236396
0.00269567
0.00271696
0.00260544
0.00270364
0.00270187
0.00270871
0.00261957
0.00271039
0.00271238
0.00269589
0.00265435
0.000555569
0.00272652
0.00273636
0.00273686
0.00273399
0.0027204
0.00268897
0.00272789
0.00271497
0.00253857
0.00269438
0.00245859
0.00270325
0.00269963
0.00273315
0.00269132
0.00270465
0.00273185
0.00270438
0.00232311
0.00273036
0.000194693
0.00251945
0.0027086
0.002698
0.0027024
0.00269265
0.00256598
0.00247583
0.00272617
0.00269395
0.00260438
0.0027041
0.00271388
0.00264448
0.00274057
0.00273263
0.00270537
0.00269064
0.00271846
0.00270004
0.0026738
0.00270644
0.00253405
0.0027121
0.00267545
0.00270541
0.00270834
0.00256556
0.000304623
0.00269242
0.00264542
0.000509261
0.00270607
0.00268849
0.00270643
0.00270578
0.00272166
0.0026667
0.00269786
0.000245987
0.00267618
0.00271046
0.000282278
0.00268437
0.00018442
0.00270669
0.00271361
0.00266275
0.00262498
0.00267607
0.0026433
0.00262353
0.00270647
0.0027279
0.00269194
0.00270148
0.0026459
0.0025481
0.00267522
0.00249283
0.00270075
0.00272666
0.0023044
0.00270191
0.00270259
0.00270884
0.00225376
0.00271978
0.00270283
0.00266327
0.00267379
0.00269838
0.00270705
0.00268626
0.00247337
0.00234053
0.00266208
0.00253545
0.00270625
0.00261097
0.00267192
0.00266305
0.0025162
0.0026593
0.00270887
0.0027091
0.00270475
0.00269623
0.00268022
0.00265259
0.00271079
0.00266301
0.0025728
0.00272242
0.00268196
0.00272643
0.00249897
0.00266975
0.00268738
0.00271476
0.00270416
0.00272222
0.00269458
0.00270419
0.00270353
0.00266205
0.00269003
0.00272912
0.00272182
0.00272942
0.000248697
0.00251142
0.00251168
0.00270434
0.00266031
0.00270517
0.00278312
0.00270239
0.00254681
0.00264955
0.00267863
0.00270752
0.00244164
0.00250595
0.00265798
0.00266244
0.00266814
0.00268418
0.00265638
0.00272074
0.00272087
0.00270584
0.00271206
0.0026968
0.002597
0.00269991
0.00269923
0.00270415
0.00265523
0.00272652
0.00269448
0.00266736
0.00279956
0.00255554
0.00269474
0.00272541
0.00270401
0.00261042
0.00270102
0.00264279
0.00261235
0.00228203
0.00269461
0.0024815
0.0027225
0.00268828
0.00257541
0.0026097
0.00271563
0.00263342
0.00265223
0.00261324
0.00270125
0.00270323
0.000505975
0.00270307
0.00261302
0.00268231
0.000557529
0.00270224
0.00261178
0.00249611
0.00264247
0.00260791
0.00246061
0.002702
0.002713
0.00269977
0.00260969
0.00270182
0.00062598
0.000502647
0.00266473
0.00270208
0.00272098
0.00280129
0.00270211
0.00266718
0.00257979
0.00260696
0.00259515
0.00057756
0.00269534
0.00218524
0.00259036
0.00269784
0.00270142
0.00269332
0.00267377
0.00270027
0.000176917
0.000189356
0.00258293
0.00267406
0.00264906
0.0027201
0.00258051
0.00268661
0.00269849
0.00263079
0.00270378
0.002716
0.00268994
0.00225862
0.00270126
0.00257988
0.000523538
0.00243268
0.00269713
0.00269883
0.00271603
0.00257797
0.00257801
0.00268061
0.00267146
0.00257939
0.00249165
0.00257498
0.00269801
0.000218873
0.00242372
0.0025807
0.00260376
0.000522634
0.00266234
0.00257118
0.000479721
0.000432813
0.00270017
0.00254467
0.00271355
0.00269542
0.00272038
0.00272279
0.00267704
0.00269723
0.00266878
0.00270016
0.00269955
0.000237324
0.000521782
0.00264633
0.000405888
0.00259411
0.00270004
0.00239956
0.00256685
0.00272255
0.00257436
0.00255761
0.00261802
0.00267362
0.0026965
0.0026993
0.00230594
0.00279191
0.00269582
0.00269449
0.00254768
0.00270409
0.00256156
0.00269797
0.00245669
0.000502074
0.00260012
0.00269397
0.00268496
0.00052737
0.00245941
0.00269198
0.00224851
0.000458518
0.00267596
0.00247759
0.002679
0.00246065
0.00256456
0.00269295
0.0027157
0.00269822
0.00245319
0.00269551
0.00246037
0.00266015
0.00254049
0.00237216
0.00267496
0.00245874
0.00271888
0.0026475
0.00269841
0.00216085
0.00259466
0.00267581
0.00256219
0.00268834
0.000174163
0.000165561
0.00269649
0.00264389
0.002456
0.0026671
0.00271331
0.00265083
0.0025322
0.00218968
0.000529897
0.00267049
0.00259635
0.00269713
0.00271059
0.00266154
0.00265936
0.00266174
0.00245283
0.00269126
0.00237442
0.00272013
0.00267698
0.00269372
0.00247516
0.00240478
0.00270384
0.00245237
0.00269735
0.00237616
0.000233413
0.00269796
0.00237623
0.00266327
0.00237452
0.00267548
0.00047717
0.00258011
0.00242752
0.000664766
0.00269628
0.00267641
0.00237127
0.000234228
0.0024569
0.00255759
0.00253189
0.00242206
0.00236682
0.00237257
0.00271409
0.0026834
0.00253247
0.00257242
0.00240871
0.00233657
0.00265784
0.00269833
0.00267745
0.00243137
0.00259351
0.00243057
0.00267433
0.00260648
0.000498309
0.0026634
0.000524231
0.00269064
0.00267512
0.0026919
0.00264175
0.00261266
0.0023615
0.00266248
0.0024665
0.00268947
0.00250597
0.00260674
0.00266119
0.00269542
0.00244801
0.000252362
0.00269261
0.00259311
0.00244358
0.00271436
0.00261195
0.00229868
0.00266133
0.000286645
0.00237545
0.00260486
0.00281464
0.000265552
0.00254458
0.0025539
0.00267131
0.00280925
0.00239038
0.00258011
0.00268763
0.000396883
0.00257352
0.00261169
0.00257918
0.00235557
0.00269525
0.000231437
0.00257087
0.0026866
0.00232815
0.00267299
0.00271204
0.00234247
0.00269428
0.00269499
0.00260433
0.00259355
0.00260966
0.0027027
0.000232145
0.000243096
0.00261673
0.00235173
0.00245974
0.000230117
0.00269004
0.00257849
0.000495333
0.00265996
0.00244244
0.00257218
0.00271599
0.000430798
0.000243405
0.00245308
0.00260247
0.000524015
0.000200366
0.00018942
0.00245134
0.00250514
0.00237017
0.00238188
0.00265569
0.00267378
0.00267593
0.00261132
0.00266007
0.00268576
0.000222687
0.00269236
0.000211188
0.00022345
0.00269718
0.00256999
0.00239499
0.000245421
0.00268184
0.00230967
0.00263967
0.000487486
0.00235979
0.000490172
0.00267149
0.00049495
0.002503
0.00226046
0.000492794
0.00271173
0.000537106
0.00257788
0.00258965
0.000467689
0.000495211
0.00245423
0.000497425
0.00254419
0.000518572
0.000499491
0.00234844
0.00245915
0.00237094
0.00238894
0.000365199
0.000244398
0.000501363
0.00269089
0.00253381
0.00265839
0.00268905
0.00244872
0.00255088
0.00243837
0.00266987
0.00257626
0.002688
0.000487612
0.002444
0.00219988
0.00261066
0.00260671
0.00269179
0.00254575
0.0021729
0.000225728
0.00237372
0.000502955
0.00271547
0.0027043
0.00268378
0.00243763
0.00257697
0.00228329
0.00245532
0.00265668
0.000240113
0.00256355
0.0025996
0.00229308
0.000481592
0.00232424
0.00237121
0.00243351
0.00256742
0.00266814
0.000481751
0.00268731
0.00265361
0.000479445
0.00260971
0.00270938
0.000489432
0.00236917
0.00266953
0.00265754
0.000504102
0.00236102
0.00267994
0.00263767
0.000477719
0.00268511
0.00234251
0.00236642
0.00265486
0.000221234
0.00268638
0.00223705
0.00267408
0.0027002
0.00268128
0.00235638
0.00239805
0.00267133
0.00227398
0.00269465
0.0022343
0.00257574
0.000254459
0.000512164
0.000490884
0.000235382
0.00258646
0.000525219
0.00267917
0.00245589
0.00226917
0.000491639
0.000221239
0.00243668
0.00266617
0.00268186
0.00270681
0.0023735
0.00257581
0.00261216
0.000476101
0.00260852
0.00234613
0.00266331
0.00267623
0.00237075
0.00267675
0.00254803
0.00240737
0.00236674
0.000503602
0.00265287
0.00267114
0.00241292
0.00265134
0.00219891
0.00021702
0.00242895
0.000459602
0.00021662
0.0026071
0.000215727
0.00265032
0.0025956
0.000214149
0.00257425
0.000492416
0.000211887
0.00265737
0.00244032
0.000474074
0.000209022
0.000205693
0.00263539
0.00263416
0.00264577
0.00256329
0.00243226
0.00266575
0.00235229
0.00265158
0.000239854
0.000231867
0.000202117
0.00258355
0.00245605
0.00260536
0.000482966
0.00266388
0.000508351
0.000493619
0.00264735
0.00260271
0.000486753
0.000468283
0.00245562
0.00214204
0.000198544
0.000480625
0.00257254
0.00021655
0.0023512
0.00264236
0.00259713
0.0025768
0.00263206
0.000217689
0.000215457
0.00236985
0.00257059
0.000213844
0.00265316
0.000500482
0.00263492
0.00233833
0.000243423
0.000196967
0.000213316
0.00049365
0.0024469
0.00231458
0.00266704
0.00256371
0.00256807
0.00270472
0.00236792
0.0025807
0.00269585
0.00263693
0.000211748
0.00268868
0.00244937
0.00254538
0.000434099
0.00266184
0.000195271
0.0026902
0.00265174
0.000215511
0.000450662
0.00260694
0.00262461
0.00258296
0.00245248
0.000213994
0.0024543
0.000231893
0.000486915
0.000451304
0.00255358
0.00266025
0.00258924
0.00257647
0.00267064
0.00244815
0.000479137
0.00254258
0.000205374
0.000204821
0.00225946
0.00020893
0.00245584
0.000481046
0.00260694
0.00269437
0.00242762
0.00255693
0.00245527
0.00242353
0.00208801
0.00268303
0.000194376
0.000204664
0.00260375
0.000216643
0.000211174
0.00264996
0.00235941
0.00236304
0.000225273
0.00256635
0.000212788
0.00049481
0.00264617
0.00269494
0.000219375
0.000490033
0.00253883
0.000217536
0.00270658
0.00243647
0.000208939
0.00254656
0.00234678
0.00252765
0.000467273
0.00242366
0.00267097
0.000178912
0.000194692
0.00263569
0.00205154
0.00236862
0.00263326
0.00256307
0.00264274
0.00235139
0.00236529
0.000216138
0.00258546
0.00257964
0.00253147
0.00264578
0.00253815
0.002366
0.000485242
0.000215712
0.00240534
0.00267488
0.00243911
0.00227748
0.00219481
0.000498658
0.000211356
0.0025658
0.00241544
0.000499212
0.00261979
0.000496589
0.000195799
0.00233085
0.00246361
0.00251191
0.00242014
0.000214995
0.000217955
0.00233442
0.00049484
0.000497855
0.000499049
0.00232783
0.00231633
0.00245908
0.0025454
0.0024159
0.000437369
0.000199101
0.00254718
0.00227852
0.00252483
0.000478158
0.000215733
0.00253301
0.00260031
0.00236708
0.00253428
0.00232777
0.00239965
0.00259232
0.000496672
0.000218316
0.00240688
0.000451949
0.002331
0.000202347
0.00234057
0.00020428
0.000495912
0.00020976
0.00251093
0.000208912
0.00251288
0.000495544
0.00238235
0.00233892
0.000200319
0.000487828
0.00231658
0.000491515
0.000490226
0.000196552
0.00240353
0.000203848
0.00238679
0.000197871
0.00215101
0.00248212
0.00227462
0.000216241
0.00021439
0.000477041
0.000475567
0.000496932
0.000489863
0.000206181
0.000193984
0.00230599
0.00236359
0.0024402
0.00232376
0.000210933
0.000185451
0.000459011
0.00214521
0.00232871
0.00226537
0.00231722
0.00232716
0.00242608
0.00230118
0.0001999
0.000469979
0.00225791
0.000203167
0.000461663
0.000195728
0.000449038
0.0021273
0.00220353
0.000177696
0.000360325
0.000158355
0.000152502
0.000386427
0.000180713
0.000195335
0.000489092
0.000208022
0.000489724
0.00019611
0.000196707
0.000486982
0.000193972
0.0001965
0.00049364
0.000470839
0.000208019
0.000215203
0.000203371
0.000467267
0.000211078
0.000473537
0.000180077
0.000154772
0.000155241
0.000453506
0.000184134
0.00019121
0.000479483
0.000213099
0.00210464
0.00281268
0.0022547
0.00231031
0.00228709
0.000476851
0.000190828
0.00261704
0.00265823
0.00253996
0.000155134
0.00213206
0.00266029
0.00241213
0.0021164
0.000450728
0.000431842
0.00282026
0.00259389
0.000230845
0.000161248
0.000236391
0.0027009
0.00191582
0.00264918
0.00253115
0.000248414
0.00252096
0.00221576
0.00265256
0.000146397
0.000145237
0.000240073
0.000213972
0.000271771
0.000209201
0.000231343
0.000221643
0.00262544
0.000498668
0.00255209
0.000211626
0.000187377
0.000199477
0.000515392
0.00232704
0.00271161
0.000227938
0.000178723
0.000183153
0.00260087
0.00263891
0.000396116
0.00243351
0.0028196
0.00221864
0.00191132
0.000441105
0.000231008
0.000617203
0.000428939
0.000641514
0.000458649
0.0004241
0.000440917
0.000143608
0.000138983
0.00257591
0.00234644
0.00208156
0.00281678
0.000246386
0.000422824
0.000398862
0.00213267
0.00219134
0.000462868
0.00245816
0.00225366
0.0022194
0.00262424
0.000203812
0.00202951
0.0022872
0.00223827
0.000523012
0.00278107
0.00226374
0.00246903
0.000176221
0.00245357
0.00274905
0.00236302
0.000350246
0.000209745
0.00265567
0.00253468
0.00269075
0.00190594
0.00206795
0.000168046
0.00254065
0.00277764
0.00200412
0.00277583
0.00258335
0.000413438
0.00260173
0.00275952
0.00239905
0.0026742
0.00248487
0.00195234
0.00205367
0.000136441
0.00265766
0.000362083
0.000175981
0.00271108
)
;

boundaryField
{
    patch0
    {
        type            nutkWallFunction;
        Cmu             0.09;
        kappa           0.41;
        E               9.8;
        value           nonuniform List<scalar> 
4010
(
0.00030987
0.00030987
0.000311142
0.000311142
0.000308796
0.000308796
0.000309906
0.000309906
0.00030622
0.00030622
0.000304127
0.000304127
0.000303763
0.000303763
0.000291803
0.000291803
0.000294302
0.000294302
0.000309566
0.000309566
0.000268365
0.000268365
0.000287521
0.000287521
0.000213651
0.000213651
0.000260768
0.000260768
0.000313914
0.000313914
0.000313867
0.000313867
0.000252935
0.000252935
0.000276352
0.000276352
0.000245649
0.000245649
0.000275844
0.000275844
0.000185581
0.000185581
0.000282046
0.000282046
0.000295256
0.000295256
0.000300199
0.000300199
0.000292678
0.000292678
0.000304856
0.000304856
0.000300034
0.000300034
0.000315702
0.000315702
0.000301997
0.000301997
0.000247795
0.000247795
0.000290916
0.000290916
0.000291805
0.000291805
0.000302859
0.000302859
0.000272029
0.000272029
0.000311097
0.000311097
0.000302379
0.000302379
0.000275076
0.000275076
0.000304001
0.000304001
0.000243707
0.000243707
0.000282906
0.000282906
0.000287531
0.000287531
0.000195923
0.000195923
0.000297715
0.000297715
0.000293903
0.000293903
0.000249524
0.000249524
0.000235252
0.000235252
0.000242678
0.000242678
0.000317854
0.000317854
0.000174988
0.000174988
0.000173988
0.000173988
0.000308176
0.000308176
0.000198253
0.000198253
0.000285163
0.000285163
0.000305246
0.000305246
0.000214253
0.000214253
0.000311445
0.000311445
0.000240488
0.000240488
0.000256202
0.000256202
0.000314238
0.000314238
0.000312144
0.000312144
0.000302421
0.000302421
0.000313534
0.000313534
0.000301294
0.000301294
0.000241574
0.000241574
0.000301295
0.000301295
0.000318644
0.000318644
0.000312817
0.000312817
0.000301994
0.000301994
0.000242211
0.000242211
0.000306194
0.000306194
0.0002316
0.0002316
0.000313427
0.000313427
0.000240846
0.000240846
0.000254611
0.000254611
0.000317462
0.000317462
0.000269919
0.000269919
0.000319257
0.000319257
0.000319502
0.000319502
0.000317621
0.000317621
0.000306354
0.000306354
0.000318585
0.000318585
0.00030578
0.00030578
0.000246327
0.000246327
0.000183231
0.000183231
0.000308306
0.000308306
0.00030459
0.00030459
0.000317309
0.000317309
0.000312388
0.000312388
0.000172267
0.000172267
0.000180199
0.000180199
0.000313049
0.000313049
0.000309853
0.000309853
0.000220997
0.000220997
0.000225816
0.000225816
0.000184851
0.000184851
0.000289689
0.000289689
0.000319017
0.000319017
0.000317657
0.000317657
0.000312366
0.000312366
0.000274678
0.000274678
0.000303743
0.000303743
0.000185429
0.000185429
0.000312462
0.000312462
0.000311423
0.000311423
0.000259156
0.000259156
0.000320829
0.000320829
0.000261942
0.000261942
0.000272452
0.000272452
0.000311651
0.000311651
0.000221713
0.000221713
0.000318388
0.000318388
0.00024002
0.00024002
0.000311417
0.000311417
0.000248308
0.000248308
0.000316176
0.000316176
0.000174703
0.000174703
0.000305021
0.000305021
0.000313532
0.000313532
0.000310773
0.000310773
0.000318658
0.000318658
0.000300413
0.000300413
7.86652e-05
7.86652e-05
0.000183678
0.000183678
0.000174656
0.000174656
0.000312852
0.000312852
0.000268669
0.000268669
0.000260873
0.000260873
0.000319785
0.000319785
0.000227439
0.000227439
8.16422e-05
8.16422e-05
0.000318092
0.000318092
0.000300556
0.000300556
2.85664e-05
2.85664e-05
0.000248652
0.000248652
0.000194406
0.000194406
0.000224993
0.000224993
0.000307678
0.000307678
0.000249592
0.000249592
0.000303478
0.000303478
0.000312462
0.000312462
0.000318318
0.000318318
0.000313327
0.000313327
2.39359e-05
2.39359e-05
2.39359e-05
2.45617e-05
2.45617e-05
2.45617e-05
0.000299868
0.000299868
0.000230846
0.000230846
0.000278019
0.000278019
0.000257731
0.000257731
0.000311252
0.000311252
0.000311476
0.000311476
0.000241373
0.000241373
4.20225e-05
4.20225e-05
4.20225e-05
0.000248884
0.000248884
0.000294724
0.000294724
0.000299252
0.000299252
0.000282447
0.000282447
7.83351e-05
7.83351e-05
0.000307778
0.000307778
0.000315413
0.000315413
3.27197e-05
3.27197e-05
0.000249013
0.000249013
0.000275782
0.000275782
0.000297423
0.000297423
7.99454e-05
7.99454e-05
0.000238487
0.000238487
0.000232042
0.000232042
0.000270837
0.000270837
6.03405e-05
6.03405e-05
0.00032074
0.00032074
0.000227133
0.000227133
0.000298632
0.000298632
0.000293933
0.000293933
0.000320517
0.000320517
0.000312029
0.000312029
0.000318798
0.000318798
0.000205971
0.000205971
0.000247635
0.000247635
5.4161e-05
5.4161e-05
0.000307626
0.000307626
0.000294577
0.000294577
0.000216742
0.000216742
0.000313516
0.000313516
0.000319924
0.000319924
0.000276727
0.000276727
0.000173395
0.000173395
0.000249276
0.000249276
0.000254082
0.000254082
0.000225595
0.000225595
0.000320074
0.000320074
0.000253335
0.000253335
0.000269829
0.000269829
0.000291211
0.000291211
0.000315233
0.000315233
0.000292809
0.000292809
0.000266854
0.000266854
4.27269e-05
4.27269e-05
4.27269e-05
0.000279244
0.000279244
0.000205617
0.000205617
0.000225974
0.000225974
0.000204178
0.000204178
5.56638e-05
5.56638e-05
0.000313922
0.000313922
0.000225523
0.000225523
0.000266932
0.000266932
0.000302541
0.000302541
0.000213674
0.000213674
0.000281269
0.000281269
0.000195596
0.000195596
0.000230834
0.000230834
1.95363e-05
1.95363e-05
1.95363e-05
8.13246e-05
8.13246e-05
0.000231087
0.000231087
0.000308958
0.000308958
0.000289518
0.000289518
0.000258571
0.000258571
0.000320835
0.000320835
0.000310788
0.000310788
0.000273216
0.000273216
0.00027862
0.00027862
0.000319338
0.000319338
0.000280217
0.000280217
0.000245829
0.000245829
0.000226847
0.000226847
0.000308766
0.000308766
0.000259121
0.000259121
0.000279845
0.000279845
0.000312837
0.000312837
0.000320023
0.000320023
0.000287349
0.000287349
0.000205274
0.000205274
4.00935e-05
4.00935e-05
0.000312732
0.000312732
0.000212883
0.000212883
5.57339e-05
5.57339e-05
0.000289441
0.000289441
1.86992e-05
1.86992e-05
1.86992e-05
0.000312403
0.000312403
0.000274255
0.000274255
0.000227847
0.000227847
4.34451e-05
4.34451e-05
4.34451e-05
0.000312938
0.000312938
0.000209175
0.000209175
0.000313504
0.000313504
0.000196392
0.000196392
4.42478e-05
4.42478e-05
0.000188669
0.000188669
0.000257325
0.000257325
0.000319415
0.000319415
0.000320306
0.000320306
0.000320282
0.000320282
0.000246557
0.000246557
7.18319e-05
7.18319e-05
0.000296582
0.000296582
0.000230357
0.000230357
0.000319841
0.000319841
0.000313713
0.000313713
0.00030842
0.00030842
0.000212237
0.000212237
0.000282246
0.000282246
0.000257421
0.000257421
0.00028553
0.00028553
0.000232505
0.000232505
0.000311985
0.000311985
0.000320945
0.000320945
0.000299625
0.000299625
0.000315816
0.000315816
0.000236471
0.000236471
0.000319952
0.000319952
0.000262623
0.000262623
5.31956e-05
5.31956e-05
0.00021291
0.00021291
0.000243658
0.000243658
0.000236113
0.000236113
0.000214291
0.000214291
0.000312434
0.000312434
0.000318389
0.000318389
0.000257634
0.000257634
0.000293225
0.000293225
0.000233555
0.000233555
0.00020658
0.00020658
6.31622e-05
6.31622e-05
3.24821e-05
3.24821e-05
3.24821e-05
0.000312986
0.000312986
0.000298191
0.000298191
0.00024098
0.00024098
0.000265067
0.000265067
0.000312775
0.000312775
7.23632e-05
7.23632e-05
0.000279479
0.000279479
0.000209891
0.000209891
0.000237636
0.000237636
0.000243505
0.000243505
0.000305332
0.000305332
0.000315228
0.000315228
0.000171755
0.000171755
0.000240378
0.000240378
0.000313658
0.000313658
0.000200186
0.000200186
0.000319437
0.000319437
0.000314861
0.000314861
4.39405e-05
4.39405e-05
4.39405e-05
0.000232507
0.000232507
0.00031526
0.00031526
0.000310473
0.000310473
0.000259048
0.000259048
0.000224203
0.000224203
0.000261082
0.000261082
0.000315888
0.000315888
0.000213271
0.000213271
0.00025007
0.00025007
0.000191704
0.000191704
0.000311434
0.000311434
0.000303133
0.000303133
0.000299735
0.000299735
0.000318447
0.000318447
0.000257619
0.000257619
0.000284267
0.000284267
0.000262454
0.000262454
0.000276019
0.000276019
0.000288857
0.000288857
0.000312641
0.000312641
0.000219508
0.000219508
0.000234651
0.000234651
0.000244488
0.000244488
0.000287983
0.000287983
0.000319199
0.000319199
0.000212805
0.000212805
0.000216529
0.000216529
0.000316302
0.000316302
0.000311154
0.000311154
0.000207292
0.000207292
0.000312255
0.000312255
0.00030277
0.00030277
0.000261761
0.000261761
0.000317256
0.000317256
0.000307922
0.000307922
0.000312085
0.000312085
0.000279143
0.000279143
0.000305398
0.000305398
0.000234697
0.000234697
0.000319526
0.000319526
0.00024669
0.00024669
0.000300391
0.000300391
0.000201969
0.000201969
0.000314611
0.000314611
0.00031309
0.00031309
3.90694e-05
3.90694e-05
0.000312363
0.000312363
0.000310824
0.000310824
0.000270827
0.000270827
0.000305563
0.000305563
4.1312e-05
4.1312e-05
5.71827e-05
5.71827e-05
0.000315611
0.000315611
0.000195464
0.000195464
0.00031956
0.00031956
0.000178698
0.000178698
0.000267923
0.000267923
0.000218699
0.000218699
0.000274705
0.000274705
0.000310951
0.000310951
0.000314985
0.000314985
0.000315897
0.000315897
0.000312072
0.000312072
0.000306669
0.000306669
0.000241362
0.000241362
0.000303724
0.000303724
0.000276634
0.000276634
0.000308271
0.000308271
0.000289814
0.000289814
0.000316443
0.000316443
0.000289819
0.000289819
0.000229038
0.000229038
0.000312848
0.000312848
0.000311607
0.000311607
4.77927e-05
4.77927e-05
0.000314744
0.000314744
0.000314357
0.000314357
0.000305628
0.000305628
0.000312307
0.000312307
0.000312533
0.000312533
0.000319428
0.000319428
0.000214079
0.000214079
0.000294204
0.000294204
0.000214515
0.000214515
0.000316836
0.000316836
0.000316313
0.000316313
0.000312001
0.000312001
0.000310903
0.000310903
0.000249937
0.000249937
5.1725e-05
5.1725e-05
0.000307835
0.000307835
0.000218842
0.000218842
0.000311896
0.000311896
0.000293954
0.000293954
1.53356e-05
1.53356e-05
1.53356e-05
0.000310724
0.000310724
0.000307842
0.000307842
0.000313462
0.000313462
0.000313095
0.000313095
0.000234813
0.000234813
0.000317437
0.000317437
0.000212815
0.000212815
0.000269594
0.000269594
2.13588e-05
2.13588e-05
2.13588e-05
0.000311673
0.000311673
0.000317534
0.000317534
0.000311875
0.000311875
0.000224887
0.000224887
0.000309954
0.000309954
0.000311954
0.000311954
0.000309306
0.000309306
0.000270042
0.000270042
0.000257323
0.000257323
0.000309822
0.000309822
0.000310105
0.000310105
0.000318385
0.000318385
0.000314865
0.000314865
0.00030715
0.00030715
0.000316501
0.000316501
0.000315096
0.000315096
0.000280282
0.000280282
0.000317893
0.000317893
0.000200614
0.000200614
0.000309905
0.000309905
0.000315817
0.000315817
0.000318345
0.000318345
0.000235937
0.000235937
0.000308332
0.000308332
0.000311735
0.000311735
0.000311612
0.000311612
0.000318684
0.000318684
0.000311727
0.000311727
0.000311128
0.000311128
0.000301045
0.000301045
0.000311752
0.000311752
0.000316078
0.000316078
0.000279999
0.000279999
0.000286326
0.000286326
0.000310323
0.000310323
0.00021382
0.00021382
0.000311617
0.000311617
0.000292133
0.000292133
0.000233944
0.000233944
0.000311803
0.000311803
2.05724e-05
2.05724e-05
2.05724e-05
0.000312701
0.000312701
0.000316028
0.000316028
0.000225772
0.000225772
0.000311547
0.000311547
0.000313922
0.000313922
0.000309681
0.000309681
0.000301216
0.000301216
0.000312099
0.000312099
0.000311512
0.000311512
0.000278742
0.000278742
0.000316728
0.000316728
0.000314072
0.000314072
0.000311287
0.000311287
0.000312245
0.000312245
0.000318743
0.000318743
0.0003103
0.0003103
0.000267658
0.000267658
0.000311388
0.000311388
0.000216647
0.000216647
0.000311497
0.000311497
0.000311433
0.000311433
0.000311533
0.000311533
0.00028846
0.00028846
0.00025439
0.00025439
0.000311216
0.000311216
0.000310759
0.000310759
0.000255663
0.000255663
0.000317027
0.000317027
0.000287643
0.000287643
0.000318876
0.000318876
0.000233294
0.000233294
0.000286304
0.000286304
0.000311731
0.000311731
0.000312623
0.000312623
0.000312764
0.000312764
0.000303313
0.000303313
0.000311179
0.000311179
0.000311394
0.000311394
0.000310826
0.000310826
0.00031125
0.00031125
0.000311369
0.000311369
0.000312281
0.000312281
0.000311254
0.000311254
0.000317204
0.000317204
0.000278559
0.000278559
0.000311335
0.000311335
0.00031107
0.00031107
0.00031187
0.00031187
0.000314816
0.000314816
0.000317546
0.000317546
0.000311875
0.000311875
0.000311189
0.000311189
0.000311401
0.000311401
0.000244092
0.000244092
0.000315045
0.000315045
0.000313827
0.000313827
0.00022136
0.00022136
0.000311183
0.000311183
0.000259877
0.000259877
0.000309859
0.000309859
0.000314086
0.000314086
0.000311337
0.000311337
0.000310855
0.000310855
0.000315736
0.000315736
0.000317297
0.000317297
0.000317806
0.000317806
0.000311144
0.000311144
0.000300844
0.000300844
0.000311101
0.000311101
0.000311063
0.000311063
0.000311237
0.000311237
0.000293122
0.000293122
0.000295895
0.000295895
0.00031226
0.00031226
0.000310943
0.000310943
0.000313865
0.000313865
0.000317802
0.000317802
0.000315986
0.000315986
0.000306906
0.000306906
0.00030305
0.00030305
0.000310951
0.000310951
0.000308155
0.000308155
0.000311255
0.000311255
0.000312381
0.000312381
0.00031095
0.00031095
0.000302457
0.000302457
0.000311054
0.000311054
0.000309017
0.000309017
0.00028261
0.00028261
0.000310992
0.000310992
0.000308258
0.000308258
0.000286893
0.000286893
0.000283243
0.000283243
0.000311176
0.000311176
0.000311093
0.000311093
0.000243989
0.000243989
0.000309516
0.000309516
0.000316418
0.000316418
0.000316526
0.000316526
0.00031086
0.00031086
0.000234846
0.000234846
0.00023884
0.00023884
0.00031129
0.00031129
0.000315689
0.000315689
0.00031093
0.00031093
0.000310812
0.000310812
0.000312577
0.000312577
0.000310839
0.000310839
0.000310914
0.000310914
0.000309384
0.000309384
0.000309016
0.000309016
0.000309179
0.000309179
0.000242336
0.000242336
0.000231224
0.000231224
0.000311078
0.000311078
0.000310772
0.000310772
0.000272031
0.000272031
0.000310777
0.000310777
0.000225511
0.000225511
0.000302871
0.000302871
0.000317928
0.000317928
0.000311212
0.000311212
0.000262433
0.000262433
0.000311032
0.000311032
0.000316747
0.000316747
0.000310864
0.000310864
0.000310905
0.000310905
0.000310775
0.000310775
0.000310535
0.000310535
0.000310706
0.000310706
0.000310256
0.000310256
0.000270775
0.000270775
0.00031466
0.00031466
0.000310746
0.000310746
0.000310953
0.000310953
0.000311613
0.000311613
0.000297996
0.000297996
0.000310743
0.000310743
0.000302307
0.000302307
0.00030989
0.00030989
0.000314009
0.000314009
0.00031048
0.00031048
0.000316742
0.000316742
0.000246133
0.000246133
0.00031083
0.00031083
0.000310706
0.000310706
5.93732e-05
5.93732e-05
0.000305318
0.000305318
0.000309802
0.000309802
0.000314882
0.000314882
0.000310677
0.000310677
0.000319916
0.000319916
0.000310956
0.000310956
0.000310737
0.000310737
0.000273045
0.000273045
0.0003138
0.0003138
0.000312995
0.000312995
0.000231832
0.000231832
0.000310733
0.000310733
0.000310223
0.000310223
0.000307694
0.000307694
0.000316484
0.000316484
0.000297644
0.000297644
0.000309698
0.000309698
0.000310739
0.000310739
0.000313121
0.000313121
0.000310454
0.000310454
0.000317489
0.000317489
0.000310792
0.000310792
0.000311225
0.000311225
0.000308872
0.000308872
0.000284329
0.000284329
0.000289229
0.000289229
0.000239808
0.000239808
0.000315419
0.000315419
0.000316812
0.000316812
0.00030721
0.00030721
0.000310621
0.000310621
0.000309709
0.000309709
0.000310075
0.000310075
0.000310983
0.000310983
0.000311333
0.000311333
0.000310588
0.000310588
0.000311385
0.000311385
0.000311898
0.000311898
0.000310463
0.000310463
0.000319709
0.000319709
0.000310608
0.000310608
0.000310574
0.000310574
0.000281196
0.000281196
0.000310485
0.000310485
0.000236977
0.000236977
0.000310484
0.000310484
0.000315597
0.000315597
0.000310441
0.000310441
0.000310453
0.000310453
0.000310549
0.000310549
0.000310425
0.000310425
0.000309567
0.000309567
0.000313149
0.000313149
0.000310461
0.000310461
0.000312145
0.000312145
0.000310436
0.000310436
0.000283269
0.000283269
0.000310125
0.000310125
0.000310431
0.000310431
0.000310579
0.000310579
0.000311136
0.000311136
0.000311149
0.000311149
0.000310424
0.000310424
0.000310094
0.000310094
0.000316137
0.000316137
0.000310373
0.000310373
0.000311438
0.000311438
0.000307099
0.000307099
0.000311038
0.000311038
0.000307857
0.000307857
0.00031555
0.00031555
0.000310403
0.000310403
0.000229529
0.000229529
0.000310266
0.000310266
0.000311619
0.000311619
0.00031007
0.00031007
0.000310361
0.000310361
0.000310277
0.000310277
0.000315346
0.000315346
0.000291232
0.000291232
0.000316637
0.000316637
0.000312946
0.000312946
0.000315534
0.000315534
0.000305572
0.000305572
0.000312118
0.000312118
0.000309492
0.000309492
0.000311659
0.000311659
0.000313853
0.000313853
0.000313658
0.000313658
0.000310852
0.000310852
0.000310608
0.000310608
0.000310149
0.000310149
0.000312085
0.000312085
0.000310367
0.000310367
0.000231723
0.000231723
0.000314335
0.000314335
0.000311241
0.000311241
0.000246473
0.000246473
0.000313242
0.000313242
0.000306812
0.000306812
0.000310063
0.000310063
0.000309845
0.000309845
0.000313082
0.000313082
0.000311681
0.000311681
0.000310793
0.000310793
0.000310094
0.000310094
0.000309989
0.000309989
0.000313903
0.000313903
0.000309872
0.000309872
0.000310116
0.000310116
0.000282081
0.000282081
0.000303149
0.000303149
0.000310095
0.000310095
0.000310152
0.000310152
0.00031004
0.00031004
0.000314469
0.000314469
0.000309945
0.000309945
0.000309808
0.000309808
0.000310099
0.000310099
0.000310136
0.000310136
0.000233263
0.000233263
0.000309946
0.000309946
0.000311794
0.000311794
0.000310148
0.000310148
0.000309777
0.000309777
0.000312896
0.000312896
0.00023289
0.00023289
0.000308001
0.000308001
0.000311106
0.000311106
0.000315125
0.000315125
0.000311614
0.000311614
0.000311862
0.000311862
4.33453e-05
4.33453e-05
2.05726e-05
2.05726e-05
2.05726e-05
0.000284625
0.000284625
0.000292899
0.000292899
0.000314341
0.000314341
0.000310135
0.000310135
0.000311552
0.000311552
0.000238564
0.000238564
0.000309823
0.000309823
0.000310574
0.000310574
0.000309864
0.000309864
0.000310343
0.000310343
0.000310135
0.000310135
0.0003108
0.0003108
0.00030959
0.00030959
0.000305286
0.000305286
0.000310125
0.000310125
0.000313607
0.000313607
4.61718e-05
4.61718e-05
0.000304025
0.000304025
5.33983e-05
5.33983e-05
0.000309761
0.000309761
0.000311626
0.000311626
0.00030969
0.00030969
0.000314208
0.000314208
0.00030972
0.00030972
0.000309366
0.000309366
0.000307406
0.000307406
0.000230247
0.000230247
0.000237379
0.000237379
0.000312084
0.000312084
0.00022002
0.00022002
0.00029095
0.00029095
0.000234561
0.000234561
0.000310885
0.000310885
0.000256825
0.000256825
0.000310109
0.000310109
0.000311639
0.000311639
0.000312251
0.000312251
0.000309578
0.000309578
0.000311443
0.000311443
0.00030967
0.00030967
0.000309549
0.000309549
0.00031103
0.00031103
0.000309761
0.000309761
0.000311321
0.000311321
0.000309752
0.000309752
0.000242446
0.000242446
0.000309882
0.000309882
0.000284793
0.000284793
0.000313355
0.000313355
0.000309514
0.000309514
0.000309613
0.000309613
0.000311149
0.000311149
0.000309851
0.000309851
0.000309441
0.000309441
0.000310409
0.000310409
0.000312766
0.000312766
0.000273962
0.000273962
0.000299555
0.000299555
0.000300823
0.000300823
0.000312036
0.000312036
0.000309817
0.000309817
0.000312774
0.000312774
0.000242614
0.000242614
0.000311329
0.000311329
0.00030882
0.00030882
0.000312942
0.000312942
0.000309875
0.000309875
0.000309334
0.000309334
0.000311762
0.000311762
0.000313446
0.000313446
0.000295314
0.000295314
0.000309803
0.000309803
0.000308886
0.000308886
0.000286469
0.000286469
0.000293307
0.000293307
0.00030948
0.00030948
0.000217752
0.000217752
0.000309105
0.000309105
0.000312331
0.000312331
0.000227706
0.000227706
0.000311102
0.000311102
0.000309884
0.000309884
0.000309311
0.000309311
0.000294675
0.000294675
0.000313217
0.000313217
0.000242618
0.000242618
5.16719e-05
5.16719e-05
0.000308872
0.000308872
0.000311127
0.000311127
0.00031052
0.00031052
0.000308855
0.000308855
0.000309363
0.000309363
0.000309629
0.000309629
0.000308453
0.000308453
0.000312821
0.000312821
0.000312287
0.000312287
0.000309491
0.000309491
0.000310056
0.000310056
0.000312949
0.000312949
0.0003091
0.0003091
0.000310256
0.000310256
0.000309874
0.000309874
0.000311053
0.000311053
0.000311495
0.000311495
0.000306957
0.000306957
0.000308788
0.000308788
0.000309429
0.000309429
0.000309124
0.000309124
0.000309391
0.000309391
0.000308573
0.000308573
0.000310286
0.000310286
0.000310578
0.000310578
1.87392e-05
1.87392e-05
1.87392e-05
0.000304498
0.000304498
5.83021e-05
5.83021e-05
0.000309506
0.000309506
0.000309268
0.000309268
0.000185074
0.000185074
0.0003082
0.0003082
0.000309512
0.000309512
0.000308893
0.000308893
0.000310676
0.000310676
0.000308333
0.000308333
0.000311566
0.000311566
0.000309846
0.000309846
0.000310284
0.000310284
0.000308068
0.000308068
0.000311287
0.000311287
0.000309621
0.000309621
0.00030787
0.00030787
0.000308654
0.000308654
0.0003021
0.0003021
0.000294085
0.000294085
0.000310197
0.000310197
0.000312125
0.000312125
0.00030962
0.00030962
0.000282441
0.000282441
0.000308216
0.000308216
0.000309646
0.000309646
0.000304293
0.000304293
0.000309168
0.000309168
0.000310387
0.000310387
0.000310646
0.000310646
0.000309776
0.000309776
0.00030834
0.00030834
0.000307705
0.000307705
0.000313346
0.000313346
0.000308489
0.000308489
0.000216226
0.000216226
0.000306078
0.000306078
0.00030906
0.00030906
4.85892e-05
4.85892e-05
0.00030957
0.00030957
0.000216352
0.000216352
0.000308268
0.000308268
0.000310482
0.000310482
0.000298731
0.000298731
0.000309125
0.000309125
0.000308929
0.000308929
0.000309641
0.000309641
0.000301273
0.000301273
0.000309814
0.000309814
0.000310015
0.000310015
0.000308307
0.000308307
0.000304103
0.000304103
5.79137e-05
5.79137e-05
0.000311464
0.000311464
0.000312495
0.000312495
0.000312551
0.000312551
0.000312255
0.000312255
0.000310833
0.000310833
0.000307653
0.000307653
0.0003116
0.0003116
0.00031027
0.00031027
0.000292864
0.000292864
0.000308136
0.000308136
0.000283321
0.000283321
0.000309077
0.000309077
0.000308703
0.000308703
0.000312155
0.000312155
0.00030782
0.00030782
0.000309222
0.000309222
0.000312016
0.000312016
0.000309193
0.000309193
0.000212888
0.000212888
0.000311867
0.000311867
1.92347e-05
1.92347e-05
1.92347e-05
0.000289765
0.000289765
0.000309632
0.000309632
0.00030852
0.00030852
0.000308992
0.000308992
0.000307963
0.000307963
0.000295494
0.000295494
0.000286391
0.000286391
0.000311422
0.000311422
0.000308117
0.000308117
0.000236269
0.000236269
0.000309102
0.000309102
0.000310161
0.000310161
0.000303115
0.000303115
0.000313
0.000313
0.000312607
0.000312607
0.000309296
0.000309296
0.000307764
0.000307764
0.000310635
0.000310635
0.000308752
0.000308752
0.000306065
0.000306065
0.000309409
0.000309409
0.000290819
0.000290819
0.000309993
0.000309993
0.000306218
0.000306218
0.000309303
0.000309303
0.000309605
0.000309605
0.00029534
0.00029534
3.45783e-05
3.45783e-05
0.00030787
0.00030787
0.000303116
0.000303116
6.1447e-05
6.1447e-05
0.000309371
0.000309371
0.000307551
0.000307551
0.00030941
0.00030941
0.000309327
0.000309327
0.000310965
0.000310965
0.000305376
0.000305376
0.00030853
0.00030853
2.74561e-05
2.74561e-05
2.74561e-05
0.000306281
0.000306281
0.000309824
0.000309824
3.13055e-05
3.13055e-05
3.13055e-05
0.000307197
0.000307197
1.83644e-05
1.83644e-05
1.83644e-05
0.000309429
0.000309429
0.000310146
0.000310146
0.000240858
0.000240858
0.000300871
0.000300871
0.000306261
0.000306261
0.000304499
0.000304499
0.000300731
0.000300731
0.000309415
0.000309415
0.000311607
0.000311607
0.000307919
0.000307919
0.000308905
0.000308905
0.000303085
0.000303085
0.00029341
0.00029341
0.00030617
0.00030617
0.000288094
0.000288094
0.00030883
0.00030883
0.000311475
0.000311475
0.000211405
0.000211405
0.000308951
0.000308951
0.000309017
0.000309017
0.000309659
0.000309659
0.000261066
0.000261066
0.000310772
0.000310772
0.000309042
0.000309042
0.000305047
0.000305047
0.000306023
0.000306023
0.000308589
0.000308589
0.000309478
0.000309478
0.000307333
0.000307333
0.000225436
0.000225436
0.000214388
0.000214388
0.000304831
0.000304831
0.000291203
0.000291203
0.000309394
0.000309394
0.000299453
0.000299453
0.000305834
0.000305834
0.000304913
0.000304913
0.000290184
0.000290184
0.00030457
0.00030457
0.000309661
0.000309661
0.000309688
0.000309688
0.000309239
0.000309239
0.000308371
0.000308371
0.000306675
0.000306675
0.000303915
0.000303915
0.000309859
0.000309859
0.000304896
0.000304896
0.000294895
0.000294895
0.000311045
0.000311045
0.00030826
0.00030826
0.000311468
0.000311468
0.000227572
0.000227572
0.000305615
0.000305615
0.000307433
0.000307433
0.000310266
0.000310266
0.000309178
0.000309178
0.000311016
0.000311016
0.000308074
0.000308074
0.000309183
0.000309183
0.000309114
0.000309114
0.00030479
0.00030479
0.000307733
0.000307733
0.000311747
0.000311747
0.00031099
0.00031099
0.00031178
0.00031178
2.77903e-05
2.77903e-05
0.000289512
0.000289512
0.000289439
0.000289439
0.000309199
0.000309199
0.000304609
0.000304609
0.000309286
0.000309286
0.000251548
0.000251548
0.000244105
0.000244105
0.000231238
0.000231238
0.000303634
0.000303634
0.000306362
0.000306362
0.000309525
0.000309525
0.000281495
0.000281495
0.000288329
0.000288329
0.000304371
0.000304371
0.000306442
0.000306442
0.000241379
0.000241379
0.000307131
0.000307131
0.000304355
0.000304355
0.000310872
0.000310872
0.000311898
0.000311898
0.000309354
0.000309354
0.000309989
0.000309989
0.000308434
0.000308434
0.000297749
0.000297749
0.000308749
0.000308749
0.00030868
0.00030868
0.000309181
0.000309181
0.000304094
0.000304094
0.000311474
0.000311474
0.000308187
0.000308187
0.000305377
0.000305377
0.000319095
0.000319095
0.000277571
0.000277571
0.000308225
0.000308225
0.000311356
0.000311356
0.000309169
0.000309169
0.000299474
0.000299474
0.00030886
0.00030886
0.000302957
0.000302957
0.00029965
0.00029965
0.000209508
0.000209508
0.000308216
0.000308216
0.00028628
0.00028628
0.000311056
0.000311056
0.000307561
0.000307561
0.000295524
0.000295524
0.000299287
0.000299287
0.000310358
0.000310358
0.000301795
0.000301795
0.000303795
0.000303795
0.000299723
0.000299723
0.000308884
0.000308884
0.000309089
0.000309089
6.10186e-05
6.10186e-05
0.00030908
0.00030908
0.000299685
0.000299685
0.000306947
0.000306947
6.66822e-05
6.66822e-05
0.000308986
0.000308986
0.000299548
0.000299548
0.00022794
0.00022794
0.000302932
0.000302932
0.000299245
0.000299245
0.000283808
0.000283808
0.000308961
0.000308961
0.000310087
0.000310087
0.000308736
0.000308736
0.000299328
0.000299328
0.000308952
0.000308952
7.56451e-05
7.56451e-05
5.24692e-05
5.24692e-05
0.000305117
0.000305117
0.00030897
0.00030897
0.000310901
0.000310901
0.000319233
0.000319233
0.000308976
0.000308976
0.000305351
0.000305351
0.000296215
0.000296215
0.000299046
0.000299046
0.000297991
0.000297991
7.11538e-05
7.11538e-05
0.000308289
0.000308289
0.000254119
0.000254119
0.000297527
0.000297527
0.000308541
0.000308541
0.000308907
0.000308907
0.000308084
0.000308084
0.000306062
0.000306062
0.00030879
0.00030879
1.66741e-05
1.66741e-05
1.66741e-05
1.84766e-05
1.84766e-05
1.84766e-05
0.000285069
0.000285069
0.000306152
0.000306152
0.000303482
0.000303482
0.000310817
0.000310817
0.000296263
0.000296263
0.000307396
0.000307396
0.000308607
0.000308607
0.000301737
0.000301737
0.000309155
0.000309155
0.000310377
0.000310377
0.000307592
0.000307592
0.000261637
0.000261637
0.000308889
0.000308889
0.000296179
0.000296179
6.39778e-05
6.39778e-05
0.000280927
0.000280927
0.000308468
0.000308468
0.000308644
0.000308644
0.000310402
0.000310402
0.000295967
0.000295967
0.000296064
0.000296064
0.000306779
0.000306779
0.000305587
0.000305587
0.000295712
0.000295712
0.000286828
0.000286828
0.000295651
0.000295651
0.000308558
0.000308558
2.27208e-05
2.27208e-05
2.27208e-05
0.000279585
0.000279585
0.000296547
0.000296547
0.000298721
0.000298721
6.37448e-05
6.37448e-05
0.000304882
0.000304882
0.000295259
0.000295259
5.05596e-05
5.05596e-05
4.61362e-05
4.61362e-05
0.000308778
0.000308778
0.00029206
0.00029206
0.000310148
0.000310148
0.000308295
0.000308295
0.000310843
0.000310843
0.000311098
0.000311098
0.000306439
0.000306439
0.00030848
0.00030848
0.000241429
0.000241429
0.000308775
0.000308775
0.000308713
0.000308713
2.5317e-05
2.5317e-05
2.5317e-05
6.34081e-05
6.34081e-05
0.000303214
0.000303214
4.66456e-05
4.66456e-05
0.000297684
0.000297684
0.000308763
0.000308763
0.000277088
0.000277088
0.000294818
0.000294818
0.000311073
0.000311073
0.000295728
0.000295728
0.000294094
0.000294094
0.000300229
0.000300229
0.000307548
0.000307548
0.000308398
0.000308398
0.00030869
0.00030869
0.00021154
0.00021154
0.000317858
0.000317858
0.000308329
0.000308329
0.000308195
0.000308195
0.000293087
0.000293087
0.000309191
0.000309191
0.000294456
0.000294456
0.000308554
0.000308554
0.000283272
0.000283272
6.05111e-05
6.05111e-05
0.000298352
0.000298352
0.000308153
0.000308153
0.000307233
0.000307233
6.42104e-05
6.42104e-05
0.000283521
0.000283521
0.000307949
0.000307949
0.000206714
0.000206714
4.86066e-05
4.86066e-05
0.0003063
0.0003063
0.000225806
0.000225806
0.00030662
0.00030662
0.000283621
0.000283621
0.00029489
0.00029489
0.000308038
0.000308038
0.000310373
0.000310373
0.000308581
0.000308581
0.000282945
0.000282945
0.000308306
0.000308306
0.000283567
0.000283567
0.000304665
0.000304665
0.00023106
0.00023106
0.000274172
0.000274172
0.0003062
0.0003062
0.000283378
0.000283378
0.000310694
0.000310694
0.000303368
0.000303368
0.000308603
0.000308603
0.000199344
0.000199344
0.000235207
0.000235207
0.000306289
0.000306289
0.000294348
0.000294348
0.000307458
0.000307458
2.00213e-05
2.00213e-05
2.00213e-05
1.92333e-05
1.92333e-05
1.92333e-05
0.000308406
0.000308406
0.000302972
0.000302972
0.00028308
0.00028308
0.00024125
0.00024125
0.000310129
0.000310129
0.000303751
0.000303751
0.0002915
0.0002915
0.000254592
0.000254592
6.46321e-05
6.46321e-05
0.000305521
0.000305521
0.000297981
0.000297981
0.00030847
0.00030847
0.00030983
0.00030983
0.000304792
0.000304792
0.000304574
0.000304574
0.000304813
0.000304813
0.000282956
0.000282956
0.000307867
0.000307867
0.00027446
0.00027446
0.000310823
0.000310823
0.000306398
0.000306398
0.000308124
0.000308124
0.000285126
0.000285126
0.000277596
0.000277596
0.000309173
0.000309173
0.000282696
0.000282696
0.000308492
0.000308492
0.000274601
0.000274601
2.61799e-05
2.61799e-05
2.61799e-05
0.000308553
0.000308553
0.000274574
0.000274574
0.000304964
0.000304964
0.000274369
0.000274369
0.000306243
0.000306243
5.04017e-05
5.04017e-05
0.000295751
0.000295751
0.000221707
0.000221707
6.81362e-05
6.81362e-05
0.000308384
0.000308384
0.000306338
0.000306338
0.00027401
0.00027401
2.4868e-05
2.4868e-05
2.4868e-05
0.000224163
0.000224163
0.000293895
0.000293895
0.000291482
0.000291482
0.000279863
0.000279863
0.000273534
0.000273534
0.000274316
0.000274316
0.000310205
0.000310205
0.000307078
0.000307078
0.000290592
0.000290592
0.000295475
0.000295475
0.000278479
0.000278479
0.000269919
0.000269919
0.000304436
0.000304436
0.000308601
0.000308601
0.000306465
0.000306465
0.000280809
0.000280809
0.000297744
0.000297744
0.000280407
0.000280407
0.000306126
0.000306126
0.000299086
0.000299086
6.00283e-05
6.00283e-05
0.000304976
0.000304976
6.38579e-05
6.38579e-05
0.000307815
0.000307815
0.000306226
0.000306226
0.000307939
0.000307939
0.00030276
0.00030276
0.00029971
0.00029971
0.000272972
0.000272972
0.000304883
0.000304883
0.000224961
0.000224961
0.000307686
0.000307686
0.000288777
0.000288777
0.000299105
0.000299105
0.000304762
0.000304762
0.000308298
0.000308298
0.000282246
0.000282246
2.78483e-05
2.78483e-05
2.78483e-05
0.000308016
0.000308016
0.000297658
0.000297658
0.000223041
0.000223041
0.000310239
0.000310239
0.00029963
0.00029963
0.000266185
0.000266185
0.000304766
0.000304766
3.1768e-05
3.1768e-05
3.1768e-05
0.000274686
0.000274686
0.000298915
0.000298915
0.000320567
0.000320567
2.97356e-05
2.97356e-05
2.97356e-05
0.000292601
0.000292601
0.000293527
0.000293527
0.000305671
0.000305671
0.000319599
0.000319599
0.000276575
0.000276575
0.000296261
0.000296261
0.000307499
0.000307499
4.6879e-05
4.6879e-05
0.000295583
0.000295583
0.000299603
0.000299603
0.000296159
0.000296159
0.000272352
0.000272352
0.00030828
0.00030828
2.58989e-05
2.58989e-05
2.58989e-05
0.000295325
0.000295325
0.00030732
0.00030732
0.000269855
0.000269855
0.00030599
0.00030599
0.000310003
0.000310003
0.000271347
0.000271347
0.000308181
0.000308181
0.000308254
0.000308254
0.000299002
0.000299002
0.000297288
0.000297288
0.000299521
0.000299521
0.000309062
0.000309062
2.49828e-05
2.49828e-05
2.49828e-05
2.64844e-05
2.64844e-05
2.64844e-05
0.000237249
0.000237249
0.00027227
0.00027227
0.000283612
0.000283612
2.42749e-05
2.42749e-05
2.42749e-05
0.000307751
0.000307751
0.000296086
0.000296086
5.20527e-05
5.20527e-05
0.000304628
0.000304628
0.000281683
0.000281683
0.00029544
0.00029544
0.000310407
0.000310407
5.13242e-05
5.13242e-05
2.61268e-05
2.61268e-05
2.61268e-05
0.00028289
0.00028289
0.000298682
0.000298682
6.36543e-05
6.36543e-05
2.37214e-05
2.37214e-05
2.37214e-05
2.26571e-05
2.26571e-05
2.26571e-05
0.000282685
0.000282685
0.000228177
0.000228177
0.000273986
0.000273986
0.000275223
0.000275223
0.000304224
0.000304224
0.000306098
0.000306098
0.000306313
0.000306313
0.000299566
0.000299566
0.000304657
0.000304657
0.00030731
0.00030731
2.53979e-05
2.53979e-05
2.53979e-05
0.00030799
0.00030799
2.39147e-05
2.39147e-05
2.39147e-05
2.5173e-05
2.5173e-05
2.5173e-05
0.000308492
0.000308492
0.000295222
0.000295222
0.00021908
0.00021908
2.63342e-05
2.63342e-05
2.63342e-05
0.000306923
0.000306923
0.00026793
0.00026793
0.000302553
0.000302553
5.87865e-05
5.87865e-05
0.00027336
0.00027336
5.91188e-05
5.91188e-05
0.000305837
0.000305837
5.96071e-05
5.96071e-05
0.000227999
0.000227999
0.000207829
0.000207829
5.94451e-05
5.94451e-05
0.000309977
0.000309977
5.61339e-05
5.61339e-05
0.000296025
0.000296025
0.000297313
0.000297313
4.94987e-05
4.94987e-05
5.9746e-05
5.9746e-05
0.000283007
0.000283007
6.00203e-05
6.00203e-05
0.000291885
0.000291885
5.43689e-05
5.43689e-05
6.02728e-05
6.02728e-05
0.00027163
0.00027163
0.000225372
0.000225372
0.000274055
0.000274055
0.00027597
0.00027597
3.94869e-05
3.94869e-05
3.94869e-05
2.60984e-05
2.60984e-05
2.60984e-05
6.04953e-05
6.04953e-05
0.000307843
0.000307843
0.000291527
0.000291527
0.00030447
0.00030447
0.000307655
0.000307655
0.000282477
0.000282477
0.000293228
0.000293228
0.000281374
0.000281374
0.000305674
0.000305674
0.000295539
0.000295539
0.000307545
0.000307545
5.88133e-05
5.88133e-05
0.000281956
0.000281956
0.000202718
0.000202718
0.0002995
0.0002995
0.000298824
0.000298824
0.000307931
0.000307931
0.000292848
0.000292848
0.000200001
0.000200001
2.36451e-05
2.36451e-05
2.36451e-05
0.000217288
0.000217288
6.06768e-05
6.06768e-05
0.000310353
0.000310353
0.0003092
0.0003092
0.00030711
0.00030711
0.000281194
0.000281194
0.000295935
0.000295935
0.000265163
0.000265163
0.00028312
0.00028312
0.000304297
0.000304297
2.55338e-05
2.55338e-05
2.55338e-05
0.000294123
0.000294123
0.000298399
0.000298399
0.000266252
0.000266252
5.80881e-05
5.80881e-05
0.000268124
0.000268124
0.000274089
0.000274089
0.000280888
0.000280888
0.000294973
0.000294973
0.000305499
0.000305499
5.80483e-05
5.80483e-05
0.000307482
0.000307482
0.000304018
0.000304018
5.7763e-05
5.7763e-05
0.000299405
0.000299405
0.000309737
0.000309737
5.97156e-05
5.97156e-05
0.000273935
0.000273935
0.000305546
0.000305546
0.00030441
0.00030441
6.0797e-05
6.0797e-05
0.000273015
0.000273015
0.000306732
0.000306732
0.000302354
0.000302354
5.75451e-05
5.75451e-05
0.000307254
0.000307254
0.000271053
0.000271053
0.000273594
0.000273594
0.000304114
0.000304114
2.49729e-05
2.49729e-05
2.49729e-05
0.000307388
0.000307388
0.000258783
0.000258783
0.000306128
0.000306128
0.00030881
0.00030881
0.000306859
0.000306859
0.000272542
0.000272542
0.00021935
0.00021935
0.000305855
0.000305855
0.000209046
0.000209046
0.000308238
0.000308238
0.000259951
0.000259951
0.000295814
0.000295814
2.83875e-05
2.83875e-05
2.83875e-05
6.19239e-05
6.19239e-05
5.92169e-05
5.92169e-05
2.48403e-05
2.48403e-05
2.48403e-05
0.000296999
0.000296999
5.50142e-05
5.50142e-05
0.000306658
0.000306658
0.000283183
0.000283183
0.000208627
0.000208627
5.92025e-05
5.92025e-05
2.30038e-05
2.30038e-05
2.30038e-05
0.000281695
0.000281695
0.000305301
0.000305301
0.000306872
0.000306872
0.000309471
0.000309471
0.0002173
0.0002173
0.000295584
0.000295584
0.000299513
0.000299513
5.73489e-05
5.73489e-05
0.000299285
0.000299285
0.000271522
0.000271522
0.000305014
0.000305014
0.00030636
0.00030636
0.000274048
0.000274048
0.000306405
0.000306405
0.000292945
0.000292945
0.000278146
0.000278146
0.000272733
0.000272733
6.07144e-05
6.07144e-05
0.000303915
0.000303915
0.000305834
0.000305834
0.00027802
0.00027802
0.000303792
0.000303792
0.000202761
0.000202761
2.23814e-05
2.23814e-05
2.23814e-05
0.000280433
0.000280433
4.87412e-05
4.87412e-05
2.2306e-05
2.2306e-05
2.2306e-05
0.000299144
0.000299144
2.21633e-05
2.21633e-05
2.21633e-05
0.00030366
0.00030366
0.000297996
0.000297996
2.19272e-05
2.19272e-05
2.19272e-05
0.000295666
0.000295666
5.94094e-05
5.94094e-05
2.15998e-05
2.15998e-05
2.15998e-05
0.000304418
0.000304418
0.0002812
0.0002812
5.71045e-05
5.71045e-05
2.11948e-05
2.11948e-05
2.11948e-05
2.07338e-05
2.07338e-05
2.07338e-05
0.000302127
0.000302127
0.000302259
0.000302259
0.000303205
0.000303205
0.000294565
0.000294565
0.000280662
0.000280662
0.000305292
0.000305292
0.000272141
0.000272141
0.000240058
0.000240058
2.70552e-05
2.70552e-05
2.70552e-05
2.62826e-05
2.62826e-05
2.62826e-05
2.02484e-05
2.02484e-05
2.02484e-05
0.000296712
0.000296712
0.000283203
0.000283203
0.00029897
0.00029897
5.82185e-05
5.82185e-05
0.0003051
0.0003051
5.34214e-05
5.34214e-05
5.95483e-05
5.95483e-05
0.000303392
0.000303392
0.000298705
0.000298705
5.86899e-05
5.86899e-05
5.63728e-05
5.63728e-05
0.000283416
0.000283416
0.000197961
0.000197961
1.97733e-05
1.97733e-05
1.97733e-05
5.79355e-05
5.79355e-05
0.000295495
0.000295495
2.23369e-05
2.23369e-05
2.23369e-05
0.00027148
0.00027148
0.000302889
0.000302889
0.000298144
0.000298144
0.000295812
0.000295812
0.000301796
0.000301796
2.24919e-05
2.24919e-05
2.24919e-05
2.2191e-05
2.2191e-05
2.2191e-05
0.000273962
0.000273962
0.000295301
0.000295301
2.19729e-05
2.19729e-05
2.19729e-05
0.000303968
0.000303968
6.03326e-05
6.03326e-05
0.000302106
0.000302106
0.000270632
0.000270632
2.72633e-05
2.72633e-05
2.72633e-05
1.95276e-05
1.95276e-05
1.95276e-05
2.18349e-05
2.18349e-05
2.18349e-05
5.95639e-05
5.95639e-05
0.000282549
0.000282549
0.000267198
0.000267198
0.000305419
0.000305419
0.000294616
0.000294616
0.000295052
0.000295052
0.000309269
0.000309269
0.000273476
0.000273476
0.00029643
0.00029643
0.000308372
0.000308372
0.000302331
0.000302331
2.16837e-05
2.16837e-05
2.16837e-05
0.000307646
0.000307646
0.000282323
0.000282323
0.000292682
0.000292682
5.20066e-05
5.20066e-05
0.000304807
0.000304807
1.93514e-05
1.93514e-05
1.93514e-05
0.000307789
0.000307789
0.000239994
0.000239994
2.43872e-05
2.43872e-05
2.43872e-05
4.79014e-05
4.79014e-05
0.000299062
0.000299062
0.000301043
0.000301043
0.000296698
0.000296698
0.00028286
0.00028286
2.19406e-05
2.19406e-05
2.19406e-05
0.00028304
0.00028304
2.60866e-05
2.60866e-05
2.60866e-05
5.86291e-05
5.86291e-05
5.43163e-05
5.43163e-05
0.000293589
0.000293589
0.000304727
0.000304727
0.000297342
0.000297342
0.000296008
0.000296008
0.000305758
0.000305758
0.000282426
0.000282426
5.77551e-05
5.77551e-05
0.000292404
0.000292404
2.10826e-05
2.10826e-05
2.10826e-05
2.06193e-05
2.06193e-05
2.06193e-05
0.000260816
0.000260816
2.1293e-05
2.1293e-05
2.1293e-05
0.000283186
0.000283186
5.77543e-05
5.77543e-05
0.000299229
0.000299229
0.000308205
0.000308205
0.000280204
0.000280204
0.000293914
0.000293914
0.000283133
0.000283133
0.00027988
0.00027988
0.000193472
0.000193472
0.000307064
0.000307064
1.9254e-05
1.9254e-05
1.9254e-05
2.06949e-05
2.06949e-05
2.06949e-05
0.000298897
0.000298897
2.23183e-05
2.23183e-05
2.23183e-05
2.15767e-05
2.15767e-05
2.15767e-05
0.000303677
0.000303677
0.000272935
0.000272935
0.000273296
0.000273296
2.3519e-05
2.3519e-05
2.3519e-05
0.000294976
0.000294976
2.17721e-05
2.17721e-05
2.17721e-05
5.97097e-05
5.97097e-05
0.000303255
0.000303255
0.000308274
0.000308274
2.26944e-05
2.26944e-05
2.26944e-05
5.89527e-05
5.89527e-05
0.000292032
0.000292032
2.24387e-05
2.24387e-05
2.24387e-05
0.000309458
0.000309458
0.000281231
0.000281231
2.37153e-05
2.37153e-05
2.37153e-05
0.000292928
0.000292928
0.000271594
0.000271594
0.000290916
0.000290916
5.59882e-05
5.59882e-05
0.000279814
0.000279814
0.000305836
0.000305836
1.70088e-05
1.70088e-05
1.70088e-05
1.92672e-05
1.92672e-05
1.92672e-05
0.000302184
0.000302184
0.000190404
0.000190404
0.000273842
0.000273842
0.000301966
0.000301966
0.000294485
0.000294485
0.00030289
0.00030289
0.000272121
0.000272121
0.000273517
0.000273517
2.22547e-05
2.22547e-05
2.22547e-05
0.000296911
0.000296911
0.000296353
0.000296353
0.000291287
0.000291287
0.000303236
0.000303236
0.000292052
0.000292052
0.000273438
0.000273438
5.12212e-05
5.12212e-05
2.44248e-05
2.44248e-05
2.44248e-05
0.000277989
0.000277989
0.000306234
0.000306234
0.000281374
0.000281374
0.000264343
0.000264343
0.000201936
0.000201936
6.01922e-05
6.01922e-05
2.15732e-05
2.15732e-05
2.15732e-05
0.000294926
0.000294926
0.000279039
0.000279039
6.0262e-05
6.0262e-05
0.000300556
0.000300556
5.98742e-05
5.98742e-05
1.9436e-05
1.9436e-05
1.9436e-05
0.000269994
0.000269994
0.000284216
0.000284216
0.00028927
0.00028927
0.00027947
0.00027947
2.1971e-05
2.1971e-05
2.1971e-05
2.24258e-05
2.24258e-05
2.24258e-05
0.000270243
0.000270243
5.96162e-05
5.96162e-05
6.00919e-05
6.00919e-05
6.02439e-05
6.02439e-05
0.000269806
0.000269806
0.000268609
0.000268609
0.000283738
0.000283738
0.000292821
0.000292821
0.000279047
0.000279047
4.6639e-05
4.6639e-05
2.27032e-05
2.27032e-05
2.27032e-05
0.000292908
0.000292908
0.000264486
0.000264486
0.000290584
0.000290584
5.76266e-05
5.76266e-05
2.22042e-05
2.22042e-05
2.22042e-05
0.000291444
0.000291444
0.000298544
0.000298544
0.000273693
0.000273693
0.000291637
0.000291637
0.000269584
0.000269584
0.000277329
0.000277329
0.00029772
0.00029772
5.99508e-05
5.99508e-05
2.25093e-05
2.25093e-05
2.25093e-05
0.000278126
0.000278126
5.41098e-05
5.41098e-05
0.000269904
0.000269904
2.03271e-05
2.03271e-05
2.03271e-05
0.000270893
0.000270893
2.05941e-05
2.05941e-05
2.05941e-05
5.98483e-05
5.98483e-05
2.13519e-05
2.13519e-05
2.13519e-05
0.000289232
0.000289232
2.10514e-05
2.10514e-05
2.10514e-05
0.000289363
0.000289363
5.9754e-05
5.9754e-05
0.00027557
0.00027557
0.000270782
0.000270782
2.00474e-05
2.00474e-05
2.00474e-05
5.88427e-05
5.88427e-05
0.000268617
0.000268617
5.9279e-05
5.9279e-05
5.91306e-05
5.91306e-05
1.95229e-05
1.95229e-05
1.95229e-05
0.000277793
0.000277793
2.05448e-05
2.05448e-05
2.05448e-05
0.000276041
0.000276041
1.97093e-05
1.97093e-05
1.97093e-05
0.000250868
0.000250868
0.000286172
0.000286172
0.000264021
0.000264021
2.22469e-05
2.22469e-05
2.22469e-05
2.20224e-05
2.20224e-05
2.20224e-05
5.74815e-05
5.74815e-05
5.72918e-05
5.72918e-05
5.99765e-05
5.99765e-05
5.90786e-05
5.90786e-05
2.08568e-05
2.08568e-05
2.08568e-05
1.91684e-05
1.91684e-05
1.91684e-05
0.000267481
0.000267481
0.000273615
0.000273615
0.000281762
0.000281762
0.000269186
0.000269186
2.15283e-05
2.15283e-05
2.15283e-05
1.79604e-05
1.79604e-05
1.79604e-05
5.51727e-05
5.51727e-05
0.000250248
0.000250248
0.000269955
0.000269955
0.000263224
0.000263224
0.000268524
0.000268524
0.000269553
0.000269553
0.000280285
0.000280285
0.000266862
0.000266862
1.99994e-05
1.99994e-05
1.99994e-05
5.65699e-05
5.65699e-05
0.0002623
0.0002623
2.02626e-05
2.02626e-05
2.02626e-05
5.5542e-05
5.5542e-05
1.94081e-05
1.94081e-05
1.94081e-05
5.39303e-05
5.39303e-05
0.000248336
0.000248336
0.000256539
0.000256539
2.04847e-05
2.04847e-05
2.04847e-05
3.91776e-05
3.91776e-05
1.40383e-05
1.40383e-05
1.40383e-05
1.40383e-05
1.78017e-05
1.78017e-05
1.78017e-05
1.78017e-05
4.5781e-05
4.5781e-05
2.07774e-05
2.07774e-05
2.07774e-05
1.93495e-05
1.93495e-05
1.93495e-05
5.89975e-05
5.89975e-05
2.11115e-05
2.11115e-05
2.11115e-05
5.90727e-05
5.90727e-05
1.9459e-05
1.9459e-05
1.9459e-05
1.95478e-05
1.95478e-05
1.95478e-05
5.87371e-05
5.87371e-05
1.91587e-05
1.91587e-05
1.91587e-05
1.95244e-05
1.95244e-05
1.95244e-05
5.95275e-05
5.95275e-05
5.6692e-05
5.6692e-05
2.11366e-05
2.11366e-05
2.11366e-05
2.21329e-05
2.21329e-05
2.21329e-05
2.04848e-05
2.04848e-05
2.04848e-05
5.62451e-05
5.62451e-05
2.15641e-05
2.15641e-05
2.15641e-05
5.70327e-05
5.70327e-05
1.71811e-05
1.71811e-05
1.71811e-05
1.34927e-05
1.34927e-05
1.34927e-05
1.35579e-05
1.35579e-05
1.35579e-05
5.44797e-05
5.44797e-05
1.77679e-05
1.77679e-05
1.77679e-05
1.87719e-05
1.87719e-05
1.87719e-05
5.77948e-05
5.77948e-05
2.18449e-05
2.18449e-05
2.18449e-05
0.000245918
0.000245918
0.000320039
0.000320039
0.000261954
0.000261954
0.000267787
0.000267787
0.000265353
0.000265353
5.73823e-05
5.73823e-05
1.87037e-05
1.87037e-05
1.87037e-05
0.00023729
0.00023729
0.000241171
0.000241171
0.000230708
0.000230708
1.35255e-05
1.35255e-05
1.35255e-05
0.00024889
0.00024889
0.000305031
0.000305031
0.000278462
0.000278462
0.000247277
0.000247277
5.4072e-05
5.4072e-05
4.60019e-05
4.60019e-05
0.000319021
0.000319021
0.00023519
0.00023519
2.59248e-05
2.59248e-05
2.59248e-05
1.44268e-05
1.44268e-05
1.44268e-05
2.64982e-05
2.64982e-05
2.64982e-05
0.00030914
0.00030914
0.000178491
0.000178491
0.000239871
0.000239871
0.000290014
0.000290014
2.77331e-05
2.77331e-05
2.77331e-05
0.000290509
0.000290509
0.000203681
0.000203681
0.000240108
0.000240108
1.21696e-05
1.21696e-05
1.21696e-05
1.19597e-05
1.19597e-05
1.19597e-05
2.68882e-05
2.68882e-05
2.68882e-05
2.41936e-05
2.41936e-05
2.41936e-05
3.01177e-05
3.01177e-05
3.01177e-05
2.36951e-05
2.36951e-05
2.36951e-05
2.59921e-05
2.59921e-05
2.59921e-05
2.4991e-05
2.4991e-05
2.4991e-05
0.000237931
0.000237931
5.23831e-05
5.23831e-05
0.000231759
0.000231759
2.4077e-05
2.4077e-05
2.4077e-05
2.14878e-05
2.14878e-05
2.14878e-05
2.27177e-05
2.27177e-05
2.27177e-05
5.39871e-05
5.39871e-05
0.000213611
0.000213611
0.000310193
0.000310193
2.55663e-05
2.55663e-05
2.55663e-05
1.69255e-05
1.69255e-05
1.69255e-05
1.75618e-05
1.75618e-05
1.75618e-05
0.000235835
0.000235835
0.000238999
0.000238999
4.24848e-05
4.24848e-05
0.000222842
0.000222842
0.000320195
0.000320195
0.000205673
0.000205673
0.000178106
0.000178106
4.69036e-05
4.69036e-05
2.63769e-05
2.63769e-05
2.63769e-05
6.36413e-05
6.36413e-05
4.56995e-05
4.56995e-05
6.59166e-05
6.59166e-05
4.85783e-05
4.85783e-05
4.52292e-05
4.52292e-05
4.68644e-05
4.68644e-05
1.67535e-05
1.67535e-05
1.67535e-05
1.62689e-05
1.62689e-05
1.62689e-05
0.000233903
0.000233903
0.0002184
0.0002184
0.000193195
0.000193195
0.000320801
0.000320801
2.75366e-05
2.75366e-05
4.52414e-05
4.52414e-05
4.71771e-05
4.71771e-05
0.000196995
0.000196995
0.000202934
0.000202934
4.92948e-05
4.92948e-05
0.000279353
0.000279353
0.000207746
0.000207746
0.000235985
0.000235985
0.000300939
0.000300939
2.3276e-05
2.3276e-05
2.3276e-05
0.00018845
0.00018845
0.00021079
0.00021079
0.000260066
0.000260066
5.4898e-05
5.4898e-05
0.000317275
0.000317275
0.000259336
0.000259336
0.000283765
0.000283765
1.65835e-05
1.65835e-05
1.65835e-05
0.000224148
0.000224148
0.000314472
0.000314472
0.000216525
0.000216525
3.80954e-05
3.80954e-05
2.41456e-05
2.41456e-05
2.41456e-05
0.000303962
0.000303962
0.000290727
0.000290727
0.000309358
0.000309358
0.000177636
0.000177636
0.000192659
0.000192659
1.93663e-05
1.93663e-05
1.93663e-05
0.000291185
0.000291185
0.00031698
0.00031698
0.000186305
0.000186305
0.000316774
0.000316774
0.000296279
0.000296279
4.41776e-05
4.41776e-05
0.000298597
0.000298597
0.000315424
0.000315424
0.000220192
0.000220192
0.000306506
0.000306506
0.000227482
0.000227482
0.000185121
0.000185121
0.000193094
0.000193094
1.59581e-05
1.59581e-05
1.59581e-05
0.000304516
0.000304516
3.91545e-05
3.91545e-05
2.02055e-05
2.02055e-05
2.02055e-05
0.000311202
0.000311202
)
;
    }
}


// ************************************************************************* //
