/*--------------------------------*- C++ -*----------------------------------*\
  =========                 |
  \\      /  F ield         | OpenFOAM: The Open Source CFD Toolbox
   \\    /   O peration     | Website:  https://openfoam.org
    \\  /    A nd           | Version:  8
     \\/     M anipulation  |
\*---------------------------------------------------------------------------*/
FoamFile
{
    version     2.0;
    format      ascii;
    class       volScalarField;
    location    "0.25";
    object      p;
}
// * * * * * * * * * * * * * * * * * * * * * * * * * * * * * * * * * * * * * //

dimensions      [1 -1 -2 0 0 0 0];

internalField   nonuniform List<scalar> 
1924
(
0
1.11596
-1.46875
-1.86851
1.18069
-2.84217
-2.82448
-3.8619
-3.38857
-0.827259
-3.73046
-2.60101
4.47305
-2.33985
2.62653
2.60093
4.70372
-1.02611
8.23654
0.154421
62.4096
3.98211
4.75776
0.845949
4.29379
4.573
4.48479
0.082932
0.97704
66.2427
4.53289
4.32973
-3.8115
4.41364
-0.026142
4.7411
4.59774
1.20246
103.708
4.49681
5.0841
-11.6995
4.86729
4.88173
-0.94727
-3.73234
5.38604
-1.75413
97.3374
-113.851
5.50092
14.182
3.13651
5.6158
-32.8216
-0.636324
50.7129
-1.81408
-1.24255
3.40133
4.92407
2.8003
5.04579
356.481
5.82746
-1.04259
2.96331
4.42919
-3.18995
5.30457
-27.2985
2.75719
264.037
6.88581
1.78845
-35.0608
-0.37914
1.75168
1.01596
5.15263
1.1445
4.224
158.424
26.0238
-3.96552
4.36693
-0.309369
2.76006
-220.782
-29.9493
3.1685
4.08933
-10.4381
-35.728
-36.6479
5.98412
-0.363913
0.914361
3.56391
-30.0046
-1.26832
-10.0841
3.5937
3.90452
-30.2307
1.2659
-1.94271
-33.8677
3.36682
-24.0798
-0.63851
-3.89174
0.879918
142.382
1.40201
-19.573
-1.93137
2.41957
4.31499
0.424344
-6.23775
938.235
-4.0234
-38.2083
2.83324
-26.7612
-38.2223
1.64194
-17.2401
1324.11
-0.306989
-2.38688
-34.6574
73.9238
-0.717963
-32.4676
0.164239
-1.0444
1.27399
0.398557
-0.862591
2.8922
-452.867
74.4959
-3.49295
1281.26
-31.9491
-29.2643
3.1901
4.44342
331.27
1079.58
-40.8948
-3.82251
-3.72605
-24.0839
1274.88
0.0563036
-0.717233
205.733
67.0495
-37.2698
-4.21505
901.779
510.013
-24.3374
-19.3227
1403.15
0.659607
-20.655
3.03055
-4.61673
1.2981
3.74967
-0.988386
-37.6149
151.583
-27.9993
4.76368
-4.16624
-18.3555
2.24476
1.7189
-14.5143
108.531
6.1249
-42.7561
-8.16323
0.321695
4.28052
-30.7608
-4.60973
-0.346664
-4.40295
-4.21356
999.094
-1.59549
0.824453
-19.5648
-20.7954
2.482
1.2605
-28.3634
-4.76402
2.00721
2.90136
-3.42561
-63.5363
-34.2474
-31.1708
737.012
-10.5088
2.07275
-0.936371
-11.1021
1.47006
3.14437
-26.716
-3.37387
1.59756
-21.0216
123.596
-15.5638
2.29934
-3.9865
-1.26419
-0.621232
1.23447
2.16848
-14.3954
-37.4415
3.29518
-43.8681
-28.9268
3.94788
375.534
1.96966
-0.946166
-7.43554
839.868
2.09383
-12.443
1.74596
-37.509
-60.6206
-35.347
-2.03811
-0.951858
1.77779
1.32897
25.5928
877.414
3.40704
-12.3456
0.489362
2.35108
4.44764
1.38078
-20.1779
0.245102
-17.8687
-2.31539
3.66722
1.39715
4.49374
1.99408
9.9824
1.42869
-38.9822
45.4117
6.06046
368.473
-19.1137
9.99358
3.21294
1.25375
-1.41882
4.16628
-4.29879
-24.87
-45.5761
1167.45
3.27536
4.13755
69.1691
3.99541
-0.182197
1031.27
2.29499
-21.5893
1.0371
37.1345
3.86206
2.06265
-53.1446
560.523
2.43627
-22.505
1.52145
2.18192
1236.08
-5.24096
1.79131
2.97178
0.736424
4.04256
6.128
1.60951
9.72344
17.3343
-48.6434
4.63466
4.14964
3.63942
0.189395
6.13068
-12.3785
2.41598
3.69117
-4.86445
-0.142399
4.03365
-0.843596
494.82
4.60843
1.33868
-22.3904
9.00753
-1.25417
-0.232909
0.945641
2.89225
3.78739
0.763978
1.66184
3.89495
3.25732
5.1561
4.1213
0.808525
1.40254
292.551
4.05178
-16.2176
2.3384
2.54199
-46.6035
2.66395
4.7399
4.97351
4.46285
-124.638
546.285
1.98378
-4.34542
1.37243
799.479
2.82179
8.84411
6.09144
3.72212
2.12134
1.87877
3.04063
4.40219
0.819616
3.96301
4.21705
4.11351
5.25992
1.7013
-4.27865
5.6396
1.9564
4.00145
-34.6183
2.17347
2.3876
4.31827
2.55019
2.48936
1.47885
6.0355
1.47454
0.44679
1.59327
1.75969
2.93484
4.16581
3.38372
399.131
3.96896
2.41917
2.73205
4.4527
-38.4165
4.24798
4.21409
0.27532
2.39056
1211.35
1.57494
-2.5037
-37.7281
1454.03
3.10954
1.50258
2.63585
3.0698
4.32723
3.69138
4.0536
2.84264
2.39193
3.89355
2.92233
1.46804
2.00611
4.19155
-1.11876
1.95129
5.0492
1.46682
-12.0191
4.29608
1.85263
0.425705
99.8756
4.11424
3.69366
3.00078
1.50361
3.4894
4.22564
4.25261
3.81998
1.77801
5.6142
3.87925
4.27964
-0.815806
4.00767
1.3613
685.718
2.43508
49.5775
3.53548
1.66242
8.26769
2.79389
2.25454
4.11358
3.10692
0.540263
4.07032
3.56351
1.6884
2.07021
4.32443
2.31607
1.44827
4.21438
5.08503
4.39858
7.69229
2.69937
2.5078
3.80138
3.71415
4.15452
4.17798
4.14881
3.29297
1.63914
3.29298
1.51253
319.857
3.06208
2.33644
2.21341
3.47144
3.82512
3.06875
2.41087
4.18106
4.18087
3.72214
1.82446
3.43492
0.276352
5.73871
3.53266
4.21545
-1.50391
1.87922
1.59482
2.27588
2.85721
3.81334
549.783
1.83653
2.08961
1.80596
4.17263
4.60348
2.75811
1.92846
3.94798
4.15783
1.78191
1.49503
1.6095
2.76167
3.33899
2.57166
2.47737
4.15338
4.54742
3.70831
2.18296
4.33854
1.94876
1.55335
1.7385
4.11981
4.1054
1.80061
5.04897
3.99688
3.53046
4.4942
3.00567
4.17426
4.53421
4.33573
2.29112
3.77317
3.07147
4.77475
4.04903
4.13688
495.011
5.2775
1.57712
1.70023
3.45302
39.3816
476.961
2.22406
0.861467
3.54171
2.9093
2.07256
4.24255
3.70008
4.45749
4.94791
5.54536
677.527
248.255
4.06323
4.41985
-38.2034
2.81671
7.93352
4.03279
1.5985
-1.3466
-2.20118
4.13603
1.6828
3.26068
3.76386
2.62601
1.74421
2.35161
4.81402
7.01076
1.79422
4.35325
4.06869
2.11351
3.42667
2.53406
5.84491
5.18938
1.81924
4.91211
1.65917
356.086
3.86789
4.29818
299.018
5.74595
5.4633
1.76786
2.25985
0.856941
2.1976
4.58319
6.0994
1.83685
3.46572
535.907
4.17975
2.98998
4.01706
1.51756
3.93102
4.99534
3.90225
1.96533
4.71643
0.545435
4.07634
2.12938
4.04646
4.1661
5.97886
554.56
1.74845
1.67811
-1.83866
3.95388
3.45949
1.77788
5.07251
2.07269
3.84366
4.60691
2.02478
3.446
0.99425
4.68545
4.21129
6.07373
3.52165
736.578
3.28072
1.73048
2.86383
2.67421
4.10011
3.65176
2.70312
1.84528
3.97307
1.71158
3.19299
3.47491
4.40807
2.58418
-0.080757
3.7993
4.98956
2.40338
4.5535
1.57649
3.70552
4.55637
4.13281
5.31229
1.80216
1.71636
2.31363
463.232
3.79295
1.99081
4.29205
4.12301
4.0038
1.59803
5.40956
0.595813
1.84423
1.72286
3.40627
1.92517
5.55894
4.85464
1.74252
1.7522
2.01831
2.08025
3.82785
3.41372
2.13721
1094.56
1.74085
5.23301
293.542
3.22695
-1.3695
3.42211
4.47566
1.74901
4.79576
1.64385
4.02678
3.88187
1.67886
4.78593
3.27802
4.40781
5.80169
3.19913
2.71545
3.48691
1.73066
4.19143
4.34639
5.48437
2.62762
1168.49
3.60131
3.77987
2.44849
4.63379
1.74802
413.084
1.71498
1.91645
1.63953
5.10256
1.89795
-39.0664
-28.1013
6.0214
4.04924
1.73252
2.36074
4.69429
755.438
3.91023
1.98968
3.64922
2.0479
3.02413
1.92874
4.74064
5.72714
2.18666
1.70473
6.37642
-1.66553
698.621
4.08225
5.0356
4.23196
1.73302
3.72968
2.54781
3.22454
757.278
684.541
3.75092
116.138
5.94513
1362.72
1.87508
1.80925
2.09902
1.58653
1.71775
3.76645
4.9182
3.39047
3.96376
5.33646
3.1892
1.8378
3.26037
733.4
2.48718
4.27549
1.69177
4.11743
3.44873
5.26868
2.662
4.93251
1.59271
3.19273
-37.0207
1.67788
2.16451
1.80225
3.03593
1.66991
554.296
4.86615
4.60305
1.67464
2.40142
3.83118
1.73385
1.69169
5.52577
2.95378
4.45234
5.08161
3.88971
3.55199
326.559
1.60543
1.72813
682.47
1.80098
2.22974
3.99767
1.9748
1.70711
678.242
6.24205
4.32061
5.14259
1.7905
5.5694
3.5983
4.16772
4.83056
3.50692
1.64482
5.50076
1.92706
1.70979
3.86681
1.8729
2.1439
5.08452
1.75265
1.66148
4.19758
3.17124
3.67937
3.23637
1.64551
1.74222
1.71629
974.959
-1.04682
6.19226
3.03118
3.35581
1197.75
4.67519
2.95667
3.71984
1.72305
4.51515
3.14474
1.97464
5.36491
1.64252
1.72063
2.51813
4.78264
4.07136
5.79523
1.82839
1.78422
1.63023
2.4348
2.46697
5.02132
2.26667
5.72578
3.41038
5.30204
4.97763
1.72667
4.37442
5.22119
3.12216
3.93868
45.6136
1.68748
5.14733
153.33
2.79473
540.145
4.24345
1.68214
2.21143
2.48871
3.5089
2.18269
-0.6425
1.88893
1.84003
3.79643
1.6924
523.11
1.49104
1.60987
1.6201
1.64931
1.65186
4.96874
1.66721
5.18373
2.11997
4.11333
6.00909
3.14876
3.55561
1.57615
5.5842
2.94887
1.56025
3.01828
254.066
1.65767
5.64172
5.93748
2.01622
5.51923
3.20974
3.9794
1.71731
1.87728
1.63926
3.64182
1270.26
1.6802
5.12829
1.71051
3.4543
2.97778
2.8025
3.83793
1.61269
3.3225
4.6366
2.29702
4.4368
1.59147
4.48085
2.72453
1.93212
1.61027
4.05462
1.68987
5.55938
6.16284
2.46007
3.68607
2.21516
5.39243
1.57739
4.86292
3.37558
609.077
4.33802
1.66955
185.248
5.15927
-35.2992
5.33258
1.53136
851.749
1.68568
4.20128
2.52491
5.79836
2.05199
1.5164
3.47382
2.93611
5.73219
1.61174
4.06381
1.76376
3.00163
1.56067
462.982
2.34113
2.79846
1.72079
-36.3316
1.54157
2.72628
5.04852
3.92182
3.12507
1.76663
3.52217
900.992
756.21
4.54078
3.22231
1.96962
1.69773
3.77269
4.39201
1.64001
4.70332
1.58394
1.54434
5.21404
3.18359
5.60075
4.81227
1.48661
4.2502
4.22826
1.50384
0.299373
1.56496
973.213
3.61472
5.53839
1.46554
2.32048
1.58031
1.61647
2.24109
2.57302
4.1099
3.29325
1.5035
1.37097
1.52245
97.0336
1.63419
1.63359
2.08189
3.96697
1.80699
4.13076
361.111
853.301
4.99427
1.62935
1.63559
6.00602
5.93782
3.81843
0.646684
742.762
3.34627
5.23854
1.47058
2.64127
1.68269
1.4244
2.9208
1.64887
2.72104
2.78965
2.00141
3.66233
1.45562
5.41581
3.447
1.10989
1.5831
2.9836
1.43061
1.7245
4.4996
2.57945
5.18059
4.34941
691.476
5.35434
1.64904
1.43348
3.1027
1.65807
5.80617
1.39933
5.74259
3.49743
4.20387
2.50404
1.84195
6.15158
1.33837
4.05867
3.1601
8.68866
2.10593
3.91039
543.489
5.43806
4.65892
1.62983
2.26014
1.36046
2.28019
3.7566
1.39511
2.26254
39.7931
3.26946
2.02755
1.40238
0.909363
1.76105
5.61629
4.40345
3.59595
4.88554
2.14574
2.71292
6.22909
5.0677
2.57683
1.46882
2.77883
5.55517
1.51747
6.36949
6.33376
2.29867
5.36611
3.32331
1.45906
4.25457
2.90515
2.50625
5.37384
1.27886
1.48106
1.53087
-36.3666
1.87156
4.10742
1.94791
1.64112
1.29307
1.56195
1.33454
3.95857
4.55767
2.96631
1.54914
1.58452
5.94285
3.80542
1.23548
6.27777
6.00851
5.25429
3.42768
1.77191
3.08335
3.64629
250.577
441.773
1.79238
1.59625
1.29711
1.34752
1.33928
1.40489
5.43156
1.60137
865.522
2.12409
2.35912
6.23721
1.66333
3.14069
450.626
5.81566
2.04797
1.60538
3.48019
1.37866
4.72171
5.01172
5.75354
2.68416
1.38481
1.89595
973.202
2.48591
1.43409
1.47962
5.19579
1.21907
4.83272
2.1394
4.35647
6.14778
3.25158
2.50356
2.70323
1.5662
4.20561
2.57161
896.278
523.545
1.1465
1493.09
2.76729
4.05544
5.4463
1.52035
1.2727
1.81861
4.51111
1.63578
3.90307
2.89099
1381
1.61894
1.20008
3.7463
1.28544
5.62988
1.17746
-39.1872
902.313
1.0912
3.30669
1.42474
186.076
-36.6076
2.36508
2.95094
3.58381
911.217
1.23676
5.56868
5.38518
6.22924
1.5658
1.44872
3.06824
2.29212
1.36427
1.10029
1.1522
1.04635
4.67217
1.55623
4.41099
1.31793
1.27004
1.66524
5.94981
6.01393
1.16102
3.4149
1.91525
4.25814
750.742
2.06302
4.10689
1.18745
3.95442
1.36024
711.065
1.50292
1111.85
1568.44
1.83984
1.3168
3.7984
6.22128
1179.26
3.12608
5.64282
5.07997
3.63726
4.56811
1.33621
2.49904
1.52081
5.82521
5.265
1.54671
2.69363
1.12038
2.56522
4.89997
5.76378
5.82525
1.39896
1.00606
6.14862
1.23486
1.57413
2.36431
1.03615
1.68989
2.75661
1.07329
3.47012
1.27933
1483.4
1.58727
5.57831
0.954833
0.992376
2.07782
3.23939
20.808
2.29496
2.87892
1530.11
1.21612
1.11842
1.54685
1.31927
2.5522
4.73179
0.902635
1.03445
2.26574
5.18119
2.93931
1.33226
1.44803
5.4545
0.991913
1.61358
6.29086
0.907858
1.16134
1.03763
3.29659
1.92982
100.846
0.958036
1.3028
5.20439
1.43302
1.18051
5.02186
1.85636
2.15268
5.5756
1.39814
5.64019
1.10512
1.89484
1.82653
1267.66
4.84489
0.878293
6.21466
1.70996
1.08168
855.751
1.3547
3.05758
0.856578
1.27222
6.03858
1.69595
0.921622
0.850909
1.58387
447.052
451.564
5.9572
1383.48
0.841178
6.02046
2.49366
0.982561
2.36184
1.19957
0.939433
1.63535
386.897
1.94189
440.58
323.305
1.06542
0.805466
1516.24
1.58305
2.29428
5.39185
2.55856
4.51952
5.64668
4.36355
1.46242
6.15201
1315.55
1188.67
4.21072
1.16718
1686.11
1.12109
2.68524
893.773
4.05842
0.965022
3.90407
1.42249
1098.61
3.74563
3.11685
401.924
0.886848
0.797899
1484.1
1.57213
3.5818
2.08722
5.8337
1.38559
2.15796
0.81205
2.74774
0.712924
1.48731
3.45957
1.72577
4.68081
0.762807
1115.42
1.2334
1.27716
1.86866
5.77212
-19.4356
6.2135
1581.17
3.41196
1.23962
1.2339
1.65285
2.87045
1.15625
5.58245
1.00301
1.41201
1.5811
1.30756
0.800686
5.84112
0.713913
1.47936
0.926211
0.663481
0.755483
1.50793
4.84933
1.87993
2.29239
5.02472
1.26281
1.13016
1.52481
0.76443
1.20351
0.888761
3.23598
0.667124
2.09038
2.35865
5.20571
1.73775
2.93151
0.716544
1.43417
771.871
1.95174
1.49195
2.15874
1.05408
1.66645
0.617856
1386.23
0.931651
1527.94
1.01434
5.7751
1.18706
1716.82
0.691479
0.775218
1.58195
2.48847
1727.85
1.74727
1.03675
1596.41
6.15651
6.21564
5.90686
1.52457
1.16889
1.20046
1319.74
1.18063
1.14481
5.39161
1.28791
6.02691
1.53762
1.88725
0.961263
1.67667
2.55267
5.96388
1.37759
3.05416
1.45233
1.95646
1.25819
2.09112
1400.6
4.57349
0.615505
1112.49
4.41582
1.30894
4.26195
1.46682
0.753157
4.10948
1.21361
0.812782
3.9558
1.5475
1.12772
5.58094
3.79872
3.63669
2.15824
3.7153
1.47803
0.707792
2.67891
1.68524
0.569673
938.007
974.159
779.211
3.46887
2.29
1.0662
1.32616
0.541658
1.75477
1743.92
0.638409
1.89071
1.33992
0.590994
5.77269
5.83953
1328.48
3.29493
0.492557
1.23606
6.21948
1.16662
1.5551
1.35058
1.04318
1.9582
4.73687
4.90765
0.992065
1.25467
5.08472
0.841783
2.86723
1.48644
2.74176
1775.75
0.663805
0.697507
0.846363
5.77561
1.29084
0.884932
1.28161
1.26974
1.08842
1.03129
2.09093
1.00881
1.69116
5.26733
0.970557
0.987371
2.35541
6.03133
1.06397
3.11503
0.968549
1019.98
966.168
1325.18
1.00261
1.75902
1.35857
1.14462
0.736296
1.13041
1805.47
6.16094
1.45852
1.29067
0.84341
0.709583
1.89224
1.02473
1.15576
0.444511
2.15713
1.49779
1.47641
1.40197
5.45426
1.09148
1.12473
1.49303
1.09205
2.4843
0.663645
1.1128
0.570178
1604.92
0.928882
2.92975
5.6443
1.5608
0.459732
6.22374
0.807761
1.08777
1.07555
0.60722
1.69434
0.771153
0.875749
0.799578
1.05354
0.556987
0.986878
1.9588
0.509086
1.12657
1.1642
1183.53
1.36445
0.523686
1.29735
1.25122
2.28776
0.896728
5.96557
5.83683
0.762982
1537.5
1.0187
0.778639
0.895955
0.914654
1.09717
1.06018
0.411034
0.851144
0.670901
1.76101
0.871022
1.49752
0.885887
1747.72
1816.81
1.17029
0.939658
0.837649
6.03231
-10.0031
0.954036
0.801989
0.637795
0.528655
0.965153
0.732471
2.67625
2.74013
1.10412
1.30214
1.56419
2.09032
1.1647
1.03171
2.54844
0.838612
0.939858
0.973546
1.17437
5.96822
1.36857
0.610656
1.89286
1534.46
1394.19
0.624021
1.10889
0.73959
0.398673
0.363819
0.589734
0.756124
1.04132
0.690917
2.15591
0.678864
0.708676
0.979528
0.887772
1.69597
1.36573
2.35278
0.897753
0.730932
0.88557
0.900996
0.828677
0.589654
1.28553
0.561316
0.680508
1.50006
0.481054
0.907099
0.983361
1.30541
2.28627
2.08927
2.15503
0.491871
6.22738
0.460607
0.913941
1.1119
0.53897
0.566637
0.73368
0.278149
0.356073
0.317659
0.922282
0.512497
0.870213
0.918556
0.511355
0.43535
0.574474
1.95868
0.569642
0.921201
0.98535
1.17708
0.416249
0.403009
1.76175
0.442742
0.522698
1.56564
0.396039
0.335416
1.37071
1.39093
0.220437
0.152901
0.211308
0.394398
0.346143
1600.58
1737.92
0.14532
1800.88
0.20825
1810.32
1.76113
1.69558
0.851346
1.89217
1.95794
2.35171
1.49997
1.56513
2.54709
2.48225
0.256736
0.184876
0.319209
0.165774
0.235414
0.210258
0.284305
0.146015
0.92171
0.98561
1.11291
1.17703
1.37035
1.3057
0.24156
0.336527
1.39787
0.361151
0.409613
0.382296
6.16429
6.2295
1145.06
87.8369
1008.21
6.22665
6.03453
3.88278
5.95024
5.96926
6.1651
1214.87
1.08278
1052.05
900.544
6.16198
997.068
4.01619
673.849
1054.74
3.22715
898.545
5.62096
-4.81038
1088.25
6.47385
6.35263
625.66
605.193
-586.194
528.511
353.898
689.211
891.949
985.025
1119.55
895.142
771.328
742.278
1020.86
9.15773
4.14735
1122.25
3.62352
3.10763
1186.8
1179.52
590.998
172.279
1.16808
462.277
1535.8
1571.66
1276.45
833.196
637.682
558.625
554.35
531.87
710.3
1855.87
1702.73
967.438
5.33771
417.142
0.952967
141.331
648.114
2.33448
467.563
-4.54977
867.16
4.5232
547.941
9.12536
5.68103
753.208
17.7622
600.87
11.1449
1121.13
1.34682
6.46665
4.09093
6.50801
836.077
1.39442
856.122
-6.03484
1248.45
5.26633
3.70962
1.47484
-47.7128
58.8667
1898.32
3.39704
1.07282
99.5798
1.41856
3.77646
-86.1773
3.77454
1.23449
301.502
4.01212
211.766
443.751
451.519
-1120.82
3.94897
1668.85
1576.68
1.22225
)
;

boundaryField
{
    patch0
    {
        type            calculated;
        value           nonuniform List<scalar> 
4010
(
2.22045e-16
2.22045e-16
1.11596
1.11596
-1.46875
-1.46875
-1.86851
-1.86851
1.18069
1.18069
-2.84217
-2.84217
-2.82448
-2.82448
-3.8619
-3.8619
-3.38857
-3.38857
-0.827259
-0.827259
-3.73046
-3.73046
-2.60101
-2.60101
4.47305
4.47305
-2.33985
-2.33985
2.62653
2.62653
2.60093
2.60093
4.70372
4.70372
-1.02611
-1.02611
8.23654
8.23654
0.154421
0.154421
62.4096
62.4096
3.98211
3.98211
4.75776
4.75776
0.845949
0.845949
4.29379
4.29379
4.573
4.573
4.48479
4.48479
0.082932
0.082932
0.97704
0.97704
66.2427
66.2427
4.53289
4.53289
4.32973
4.32973
-3.8115
-3.8115
4.41364
4.41364
-0.026142
-0.026142
4.7411
4.7411
4.59774
4.59774
1.20246
1.20246
103.708
103.708
4.49681
4.49681
5.0841
5.0841
-11.6995
-11.6995
4.86729
4.86729
4.88173
4.88173
-0.94727
-0.94727
-3.73234
-3.73234
5.38604
5.38604
-1.75413
-1.75413
97.3374
97.3374
-113.851
-113.851
5.50092
5.50092
14.182
14.182
3.13651
3.13651
5.6158
5.6158
-32.8216
-32.8216
-0.636324
-0.636324
50.7129
50.7129
-1.81408
-1.81408
-1.24255
-1.24255
3.40133
3.40133
4.92407
4.92407
2.8003
2.8003
5.04579
5.04579
356.481
356.481
5.82746
5.82746
-1.04259
-1.04259
2.96331
2.96331
4.42919
4.42919
-3.18995
-3.18995
5.30457
5.30457
-27.2985
-27.2985
2.75719
2.75719
264.037
264.037
6.88581
6.88581
1.78845
1.78845
-35.0608
-35.0608
-0.37914
-0.37914
1.75168
1.75168
1.01596
1.01596
5.15263
5.15263
1.1445
1.1445
4.224
4.224
158.424
158.424
26.0238
26.0238
-3.96552
-3.96552
4.36693
4.36693
-0.309369
-0.309369
2.76006
2.76006
-220.782
-220.782
-29.9493
-29.9493
3.1685
3.1685
4.08933
4.08933
-10.4381
-10.4381
-35.728
-35.728
-36.6479
-36.6479
5.98412
5.98412
-0.363913
-0.363913
0.914361
0.914361
3.56391
3.56391
-30.0046
-30.0046
-1.26832
-1.26832
-10.0841
-10.0841
3.5937
3.5937
3.90452
3.90452
-30.2307
-30.2307
1.2659
1.2659
-1.94271
-1.94271
-33.8677
-33.8677
3.36682
3.36682
-24.0798
-24.0798
-0.63851
-0.63851
-3.89174
-3.89174
0.879918
0.879918
142.382
142.382
1.40201
1.40201
-19.573
-19.573
-1.93137
-1.93137
2.41957
2.41957
4.31499
4.31499
0.424344
0.424344
-6.23775
-6.23775
938.235
938.235
-4.0234
-4.0234
-38.2083
-38.2083
2.83324
2.83324
-26.7612
-26.7612
-38.2223
-38.2223
1.64194
1.64194
-17.2401
-17.2401
1324.11
1324.11
-0.306989
-0.306989
-2.38688
-2.38688
-34.6574
-34.6574
73.9238
73.9238
-0.717963
-0.717963
-32.4676
-32.4676
0.164239
0.164239
-1.0444
-1.0444
1.27399
1.27399
0.398557
0.398557
-0.862591
-0.862591
2.8922
2.8922
-452.867
-452.867
-422.151
74.4959
74.4959
84.2149
-3.49295
-3.49295
1281.26
1281.26
-31.9491
-31.9491
-29.2643
-29.2643
3.1901
3.1901
4.44342
4.44342
331.27
331.27
1079.58
1079.58
1173.32
-40.8948
-40.8948
-3.82251
-3.82251
-3.72605
-3.72605
-24.0839
-24.0839
1274.88
1274.88
0.0563036
0.0563036
-0.717233
-0.717233
205.733
205.733
67.0495
67.0495
-37.2698
-37.2698
-4.21505
-4.21505
901.779
901.779
510.013
510.013
-24.3374
-24.3374
-19.3227
-19.3227
1403.15
1403.15
0.659607
0.659607
-20.655
-20.655
3.03055
3.03055
-4.61673
-4.61673
1.2981
1.2981
3.74967
3.74967
-0.988386
-0.988386
-37.6149
-37.6149
151.583
151.583
-27.9993
-27.9993
4.76368
4.76368
-4.16624
-4.16624
-18.3555
-18.3555
2.24476
2.24476
1.7189
1.7189
-14.5143
-14.5143
108.531
108.531
6.1249
6.1249
-42.7561
-42.7561
-8.16323
-8.16323
0.321695
0.321695
4.28052
4.28052
-30.7608
-30.7608
-4.60973
-4.60973
-0.346664
-0.346664
-4.40295
-4.40295
-4.21356
-4.21356
999.094
999.094
1092.83
-1.59549
-1.59549
0.824453
0.824453
-19.5648
-19.5648
-20.7954
-20.7954
2.482
2.482
1.2605
1.2605
-28.3634
-28.3634
-4.76402
-4.76402
2.00721
2.00721
2.90136
2.90136
-3.42561
-3.42561
-63.5363
-63.5363
-34.2474
-34.2474
-31.1708
-31.1708
-31.1417
737.012
737.012
-10.5088
-10.5088
2.07275
2.07275
-0.936371
-0.936371
-11.1021
-11.1021
1.47006
1.47006
3.14437
3.14437
-26.716
-26.716
-3.37387
-3.37387
1.59756
1.59756
-21.0216
-21.0216
123.596
123.596
-15.5638
-15.5638
2.29934
2.29934
-3.9865
-3.9865
-1.26419
-1.26419
-0.621232
-0.621232
1.23447
1.23447
2.16848
2.16848
-14.3954
-14.3954
-37.4415
-37.4415
3.29518
3.29518
-43.8681
-43.8681
-28.9268
-28.9268
3.94788
3.94788
375.534
375.534
403.873
1.96966
1.96966
-0.946166
-0.946166
-7.43554
-7.43554
839.868
839.868
933.608
2.09383
2.09383
-12.443
-12.443
1.74596
1.74596
-37.509
-37.509
-60.6206
-60.6206
-35.347
-35.347
-2.03811
-2.03811
-0.951858
-0.951858
1.77779
1.77779
1.32897
1.32897
25.5928
25.5928
877.414
877.414
3.40704
3.40704
-12.3456
-12.3456
0.489362
0.489362
2.35108
2.35108
4.44764
4.44764
1.38078
1.38078
-20.1779
-20.1779
0.245102
0.245102
-17.8687
-17.8687
-2.31539
-2.31539
3.66722
3.66722
1.39715
1.39715
4.49374
4.49374
1.99408
1.99408
9.9824
9.9824
1.42869
1.42869
-38.9822
-38.9822
45.4117
45.4117
6.06046
6.06046
368.473
368.473
-19.1137
-19.1137
9.99358
9.99358
3.21294
3.21294
1.25375
1.25375
-1.41882
-1.41882
4.16628
4.16628
-4.29879
-4.29879
-24.87
-24.87
-45.5761
-45.5761
1167.45
1167.45
1234.24
3.27536
3.27536
4.13755
4.13755
69.1691
69.1691
3.99541
3.99541
-0.182197
-0.182197
1031.27
1031.27
2.29499
2.29499
-21.5893
-21.5893
1.0371
1.0371
37.1345
37.1345
3.86206
3.86206
2.06265
2.06265
-53.1446
-53.1446
560.523
560.523
2.43627
2.43627
-22.505
-22.505
1.52145
1.52145
2.18192
2.18192
1236.08
1236.08
1325.86
-5.24096
-5.24096
1.79131
1.79131
2.97178
2.97178
0.736424
0.736424
4.04256
4.04256
6.128
6.128
1.60951
1.60951
9.72344
9.72344
17.3343
17.3343
-48.6434
-48.6434
4.63466
4.63466
4.14964
4.14964
3.63942
3.63942
0.189395
0.189395
6.13068
6.13068
-12.3785
-12.3785
2.41598
2.41598
3.69117
3.69117
-4.86445
-4.86445
-0.142399
-0.142399
4.03365
4.03365
-0.843596
-0.843596
494.82
494.82
4.60843
4.60843
1.33868
1.33868
-22.3904
-22.3904
9.00753
9.00753
-1.25417
-1.25417
-0.232909
-0.232909
0.945641
0.945641
2.89225
2.89225
3.78739
3.78739
0.763978
0.763978
1.66184
1.66184
3.89495
3.89495
3.25732
3.25732
5.1561
5.1561
4.1213
4.1213
0.808525
0.808525
1.40254
1.40254
292.551
292.551
4.05178
4.05178
-16.2176
-16.2176
2.3384
2.3384
2.54199
2.54199
-46.6035
-46.6035
2.66395
2.66395
4.7399
4.7399
4.97351
4.97351
4.46285
4.46285
-124.638
-124.638
546.285
546.285
1.98378
1.98378
-4.34542
-4.34542
1.37243
1.37243
799.479
799.479
2.82179
2.82179
8.84411
8.84411
6.09144
6.09144
3.72212
3.72212
2.12134
2.12134
1.87877
1.87877
3.04063
3.04063
4.40219
4.40219
0.819616
0.819616
3.96301
3.96301
4.21705
4.21705
4.11351
4.11351
5.25992
5.25992
1.7013
1.7013
-4.27865
-4.27865
5.6396
5.6396
1.9564
1.9564
4.00145
4.00145
-34.6183
-34.6183
2.17347
2.17347
2.3876
2.3876
4.31827
4.31827
2.55019
2.55019
2.48936
2.48936
1.47885
1.47885
6.0355
6.0355
1.47454
1.47454
0.44679
0.44679
1.59327
1.59327
1.75969
1.75969
2.93484
2.93484
4.16581
4.16581
3.38372
3.38372
399.131
399.131
3.96896
3.96896
2.41917
2.41917
2.73205
2.73205
4.4527
4.4527
-38.4165
-38.4165
-38.3787
4.24798
4.24798
4.21409
4.21409
0.27532
0.27532
2.39056
2.39056
1211.35
1211.35
1.57494
1.57494
-2.5037
-2.5037
-37.7281
-37.7281
1454.03
1454.03
1502.4
3.10954
3.10954
1.50258
1.50258
2.63585
2.63585
3.0698
3.0698
4.32723
4.32723
3.69138
3.69138
4.0536
4.0536
2.84264
2.84264
2.39193
2.39193
3.89355
3.89355
2.92233
2.92233
1.46804
1.46804
2.00611
2.00611
4.19155
4.19155
-1.11876
-1.11876
1.95129
1.95129
5.0492
5.0492
1.46682
1.46682
-12.0191
-12.0191
4.29608
4.29608
1.85263
1.85263
0.425705
0.425705
99.8756
99.8756
4.11424
4.11424
3.69366
3.69366
3.00078
3.00078
1.50361
1.50361
3.4894
3.4894
4.22564
4.22564
4.25261
4.25261
3.81998
3.81998
1.77801
1.77801
5.6142
5.6142
3.87925
3.87925
4.27964
4.27964
-0.815806
-0.815806
4.00767
4.00767
1.3613
1.3613
685.718
685.718
2.43508
2.43508
49.5775
49.5775
86.4189
3.53548
3.53548
1.66242
1.66242
8.26769
8.26769
2.79389
2.79389
2.25454
2.25454
4.11358
4.11358
3.10692
3.10692
0.540263
0.540263
4.07032
4.07032
3.56351
3.56351
1.6884
1.6884
2.07021
2.07021
4.32443
4.32443
2.31607
2.31607
1.44827
1.44827
4.21438
4.21438
5.08503
5.08503
4.39858
4.39858
7.69229
7.69229
2.69937
2.69937
2.5078
2.5078
3.80138
3.80138
3.71415
3.71415
4.15452
4.15452
4.17798
4.17798
4.14881
4.14881
3.29297
3.29297
1.63914
1.63914
3.29298
3.29298
1.51253
1.51253
319.857
319.857
3.06208
3.06208
2.33644
2.33644
2.21341
2.21341
3.47144
3.47144
3.82512
3.82512
3.06875
3.06875
2.41087
2.41087
4.18106
4.18106
4.18087
4.18087
3.72214
3.72214
1.82446
1.82446
3.43492
3.43492
0.276352
0.276352
5.73871
5.73871
3.53266
3.53266
4.21545
4.21545
-1.50391
-1.50391
1.87922
1.87922
1.59482
1.59482
2.27588
2.27588
2.85721
2.85721
3.81334
3.81334
549.783
549.783
1.83653
1.83653
2.08961
2.08961
1.80596
1.80596
4.17263
4.17263
4.60348
4.60348
2.75811
2.75811
1.92846
1.92846
3.94798
3.94798
4.15783
4.15783
1.78191
1.78191
1.49503
1.49503
1.6095
1.6095
2.76167
2.76167
3.33899
3.33899
2.57166
2.57166
2.47737
2.47737
4.15338
4.15338
4.54742
4.54742
3.70831
3.70831
2.18296
2.18296
4.33854
4.33854
1.94876
1.94876
1.55335
1.55335
1.7385
1.7385
4.11981
4.11981
4.1054
4.1054
1.80061
1.80061
5.04897
5.04897
3.99688
3.99688
3.53046
3.53046
4.4942
4.4942
3.00567
3.00567
4.17426
4.17426
4.53421
4.53421
4.33573
4.33573
2.29112
2.29112
3.77317
3.77317
3.07147
3.07147
4.77475
4.77475
4.04903
4.04903
4.13688
4.13688
495.011
495.011
5.2775
5.2775
1.57712
1.57712
1.70023
1.70023
3.45302
3.45302
39.3816
39.3816
476.961
476.961
2.22406
2.22406
0.861467
0.861467
3.54171
3.54171
2.9093
2.9093
2.07256
2.07256
4.24255
4.24255
3.70008
3.70008
4.45749
4.45749
4.94791
4.94791
5.54536
5.54536
677.527
677.527
248.255
248.255
4.06323
4.06323
4.41985
4.41985
-38.2034
-38.2034
2.81671
2.81671
7.93352
7.93352
4.03279
4.03279
1.5985
1.5985
-1.3466
-1.3466
-2.20118
-2.20118
4.13603
4.13603
1.6828
1.6828
3.26068
3.26068
3.76386
3.76386
2.62601
2.62601
1.74421
1.74421
2.35161
2.35161
4.81402
4.81402
7.01076
7.01076
1.79422
1.79422
4.35325
4.35325
4.06869
4.06869
2.11351
2.11351
3.42667
3.42667
2.53406
2.53406
5.84491
5.84491
5.18938
5.18938
1.81924
1.81924
4.91211
4.91211
1.65917
1.65917
356.086
356.086
3.86789
3.86789
4.29818
4.29818
299.018
299.018
5.74595
5.74595
5.4633
5.4633
1.76786
1.76786
2.25985
2.25985
0.856941
0.856941
2.1976
2.1976
4.58319
4.58319
6.0994
6.0994
1.83685
1.83685
3.46572
3.46572
535.907
535.907
4.17975
4.17975
2.98998
2.98998
4.01706
4.01706
1.51756
1.51756
3.93102
3.93102
4.99534
4.99534
3.90225
3.90225
1.96533
1.96533
4.71643
4.71643
0.545435
0.545435
4.07634
4.07634
2.12938
2.12938
4.04646
4.04646
4.1661
4.1661
5.97886
5.97886
554.56
554.56
1.74845
1.74845
1.67811
1.67811
-1.83866
-1.83866
3.95388
3.95388
3.45949
3.45949
1.77788
1.77788
5.07251
5.07251
2.07269
2.07269
3.84366
3.84366
4.60691
4.60691
2.02478
2.02478
3.446
3.446
0.99425
0.99425
4.68545
4.68545
4.21129
4.21129
6.07373
6.07373
3.52165
3.52165
736.578
736.578
3.28072
3.28072
1.73048
1.73048
2.86383
2.86383
2.67421
2.67421
4.10011
4.10011
3.65176
3.65176
2.70312
2.70312
1.84528
1.84528
3.97307
3.97307
1.71158
1.71158
3.19299
3.19299
3.47491
3.47491
4.40807
4.40807
2.58418
2.58418
-0.080757
-0.080757
3.7993
3.7993
4.98956
4.98956
2.40338
2.40338
4.5535
4.5535
1.57649
1.57649
3.70552
3.70552
4.55637
4.55637
4.13281
4.13281
5.31229
5.31229
1.80216
1.80216
1.71636
1.71636
2.31363
2.31363
463.232
463.232
3.79295
3.79295
1.99081
1.99081
4.29205
4.29205
4.12301
4.12301
4.0038
4.0038
1.59803
1.59803
5.40956
5.40956
0.595813
0.595813
1.84423
1.84423
1.72286
1.72286
3.40627
3.40627
1.92517
1.92517
5.55894
5.55894
4.85464
4.85464
1.74252
1.74252
1.7522
1.7522
2.01831
2.01831
2.08025
2.08025
3.82785
3.82785
3.41372
3.41372
2.13721
2.13721
1094.56
1094.56
1.74085
1.74085
5.23301
5.23301
293.542
293.542
3.22695
3.22695
-1.3695
-1.3695
3.42211
3.42211
4.47566
4.47566
1.74901
1.74901
4.79576
4.79576
1.64385
1.64385
4.02678
4.02678
3.88187
3.88187
1.67886
1.67886
4.78593
4.78593
3.27802
3.27802
4.40781
4.40781
5.80169
5.80169
3.19913
3.19913
2.71545
2.71545
3.48691
3.48691
1.73066
1.73066
4.19143
4.19143
4.34639
4.34639
5.48437
5.48437
2.62762
2.62762
1168.49
1168.49
3.60131
3.60131
3.77987
3.77987
2.44849
2.44849
4.63379
4.63379
1.74802
1.74802
413.084
413.084
1.71498
1.71498
1.91645
1.91645
1.63953
1.63953
5.10256
5.10256
1.89795
1.89795
-39.0664
-39.0664
-28.1013
-28.1013
-28.1299
6.0214
6.0214
4.04924
4.04924
1.73252
1.73252
2.36074
2.36074
4.69429
4.69429
755.438
755.438
3.91023
3.91023
1.98968
1.98968
3.64922
3.64922
2.0479
2.0479
3.02413
3.02413
1.92874
1.92874
4.74064
4.74064
5.72714
5.72714
2.18666
2.18666
1.70473
1.70473
6.37642
6.37642
-1.66553
-1.66553
698.621
698.621
4.08225
4.08225
5.0356
5.0356
4.23196
4.23196
1.73302
1.73302
3.72968
3.72968
2.54781
2.54781
3.22454
3.22454
757.278
757.278
684.541
684.541
3.75092
3.75092
116.138
116.138
5.94513
5.94513
1362.72
1362.72
1.87508
1.87508
1.80925
1.80925
2.09902
2.09902
1.58653
1.58653
1.71775
1.71775
3.76645
3.76645
4.9182
4.9182
3.39047
3.39047
3.96376
3.96376
5.33646
5.33646
3.1892
3.1892
1.8378
1.8378
3.26037
3.26037
733.4
733.4
2.48718
2.48718
4.27549
4.27549
1.69177
1.69177
4.11743
4.11743
3.44873
3.44873
5.26868
5.26868
2.662
2.662
4.93251
4.93251
1.59271
1.59271
3.19273
3.19273
-37.0207
-37.0207
1.67788
1.67788
2.16451
2.16451
1.80225
1.80225
3.03593
3.03593
1.66991
1.66991
554.296
554.296
4.86615
4.86615
4.60305
4.60305
1.67464
1.67464
2.40142
2.40142
3.83118
3.83118
1.73385
1.73385
1.69169
1.69169
5.52577
5.52577
2.95378
2.95378
4.45234
4.45234
5.08161
5.08161
3.88971
3.88971
3.55199
3.55199
326.559
326.559
1.60543
1.60543
1.72813
1.72813
682.47
682.47
1.80098
1.80098
2.22974
2.22974
3.99767
3.99767
1.9748
1.9748
1.70711
1.70711
678.242
678.242
6.24205
6.24205
4.32061
4.32061
5.14259
5.14259
1.7905
1.7905
5.5694
5.5694
3.5983
3.5983
4.16772
4.16772
4.83056
4.83056
3.50692
3.50692
1.64482
1.64482
5.50076
5.50076
1.92706
1.92706
1.70979
1.70979
3.86681
3.86681
1.8729
1.8729
2.1439
2.1439
5.08452
5.08452
1.75265
1.75265
1.66148
1.66148
4.19758
4.19758
3.17124
3.17124
3.67937
3.67937
3.23637
3.23637
1.64551
1.64551
1.74222
1.74222
1.71629
1.71629
974.959
974.959
1000.67
-1.04682
-1.04682
6.19226
6.19226
3.03118
3.03118
3.35581
3.35581
1197.75
1197.75
4.67519
4.67519
2.95667
2.95667
3.71984
3.71984
1.72305
1.72305
4.51515
4.51515
3.14474
3.14474
1.97464
1.97464
5.36491
5.36491
1.64252
1.64252
1.72063
1.72063
2.51813
2.51813
4.78264
4.78264
4.07136
4.07136
5.79523
5.79523
1.82839
1.82839
1.78422
1.78422
1.63023
1.63023
2.4348
2.4348
2.46697
2.46697
5.02132
5.02132
2.26667
2.26667
5.72578
5.72578
3.41038
3.41038
5.30204
5.30204
4.97763
4.97763
1.72667
1.72667
4.37442
4.37442
5.22119
5.22119
3.12216
3.12216
3.93868
3.93868
45.6136
45.6136
1.68748
1.68748
5.14733
5.14733
153.33
153.33
2.79473
2.79473
540.145
540.145
4.24345
4.24345
1.68214
1.68214
2.21143
2.21143
2.48871
2.48871
3.5089
3.5089
2.18269
2.18269
-0.6425
-0.6425
1.88893
1.88893
1.84003
1.84003
3.79643
3.79643
1.6924
1.6924
523.11
523.11
1.49104
1.49104
1.60987
1.60987
1.6201
1.6201
1.64931
1.64931
1.65186
1.65186
4.96874
4.96874
1.66721
1.66721
5.18373
5.18373
2.11997
2.11997
4.11333
4.11333
6.00909
6.00909
3.14876
3.14876
3.55561
3.55561
1.57615
1.57615
5.5842
5.5842
2.94887
2.94887
1.56025
1.56025
3.01828
3.01828
254.066
254.066
1.65767
1.65767
5.64172
5.64172
5.66788
5.93748
5.93748
2.01622
2.01622
5.51923
5.51923
3.20974
3.20974
3.9794
3.9794
1.71731
1.71731
1.87728
1.87728
1.63926
1.63926
3.64182
3.64182
1270.26
1270.26
1.6802
1.6802
5.12829
5.12829
1.71051
1.71051
3.4543
3.4543
2.97778
2.97778
2.8025
2.8025
3.83793
3.83793
1.61269
1.61269
3.3225
3.3225
4.6366
4.6366
2.29702
2.29702
4.4368
4.4368
1.59147
1.59147
4.48085
4.48085
2.72453
2.72453
1.93212
1.93212
1.61027
1.61027
4.05462
4.05462
1.68987
1.68987
5.55938
5.55938
6.16284
6.16284
2.46007
2.46007
3.68607
3.68607
2.21516
2.21516
5.39243
5.39243
1.57739
1.57739
4.86292
4.86292
3.37558
3.37558
609.077
609.077
580.736
4.33802
4.33802
1.66955
1.66955
185.248
185.248
165.707
5.15927
5.15927
-35.2992
-35.2992
-35.323
5.33258
5.33258
1.53136
1.53136
851.749
851.749
1.68568
1.68568
4.20128
4.20128
2.52491
2.52491
5.79836
5.79836
2.05199
2.05199
1.5164
1.5164
3.47382
3.47382
2.93611
2.93611
5.73219
5.73219
1.61174
1.61174
4.06381
4.06381
1.76376
1.76376
3.00163
3.00163
1.56067
1.56067
462.982
462.982
2.34113
2.34113
2.79846
2.79846
1.72079
1.72079
-36.3316
-36.3316
1.54157
1.54157
2.72628
2.72628
5.04852
5.04852
3.92182
3.92182
3.12507
3.12507
1.76663
1.76663
3.52217
3.52217
900.992
900.992
756.21
756.21
4.54078
4.54078
3.22231
3.22231
1.96962
1.96962
1.69773
1.69773
3.77269
3.77269
4.39201
4.39201
1.64001
1.64001
4.70332
4.70332
1.58394
1.58394
1.54434
1.54434
5.21404
5.21404
3.18359
3.18359
5.60075
5.60075
4.81227
4.81227
1.48661
1.48661
4.2502
4.2502
4.22826
4.22826
1.50384
1.50384
0.299373
0.299373
1.56496
1.56496
973.213
973.213
3.61472
3.61472
5.53839
5.53839
1.46554
1.46554
2.32048
2.32048
1.58031
1.58031
1.61647
1.61647
2.24109
2.24109
2.57302
2.57302
4.1099
4.1099
3.29325
3.29325
1.5035
1.5035
1.37097
1.37097
1.52245
1.52245
97.0336
97.0336
1.63419
1.63419
1.63359
1.63359
2.08189
2.08189
3.96697
3.96697
1.80699
1.80699
4.13076
4.13076
361.111
361.111
853.301
853.301
4.99427
4.99427
1.62935
1.62935
1.63559
1.63559
6.00602
6.00602
5.93782
5.93782
3.81843
3.81843
0.646684
0.646684
742.762
742.762
3.34627
3.34627
5.23854
5.23854
1.47058
1.47058
2.64127
2.64127
1.68269
1.68269
1.4244
1.4244
2.9208
2.9208
1.64887
1.64887
2.72104
2.72104
2.78965
2.78965
2.00141
2.00141
3.66233
3.66233
1.45562
1.45562
5.41581
5.41581
3.447
3.447
1.10989
1.10989
1.5831
1.5831
2.9836
2.9836
1.43061
1.43061
1.7245
1.7245
4.4996
4.4996
2.57945
2.57945
5.18059
5.18059
4.34941
4.34941
691.476
691.476
5.35434
5.35434
1.64904
1.64904
1.43348
1.43348
3.1027
3.1027
1.65807
1.65807
5.80617
5.80617
1.39933
1.39933
5.74259
5.74259
3.49743
3.49743
4.20387
4.20387
2.50404
2.50404
1.84195
1.84195
6.15158
6.15158
1.33837
1.33837
4.05867
4.05867
3.1601
3.1601
8.68866
8.68866
2.10593
2.10593
3.91039
3.91039
543.489
543.489
5.43806
5.43806
4.65892
4.65892
1.62983
1.62983
2.26014
2.26014
1.36046
1.36046
2.28019
2.28019
3.7566
3.7566
1.39511
1.39511
2.26254
2.26254
39.7931
39.7931
3.26946
3.26946
2.02755
2.02755
1.40238
1.40238
0.909363
0.909363
1.76105
1.76105
5.61629
5.61629
4.40345
4.40345
3.59595
3.59595
4.88554
4.88554
2.14574
2.14574
2.71292
2.71292
6.22909
6.22909
5.0677
5.0677
2.57683
2.57683
1.46882
1.46882
2.77883
2.77883
5.55517
5.55517
1.51747
1.51747
6.36949
6.36949
6.4223
6.33376
6.33376
6.38657
2.29867
2.29867
5.36611
5.36611
3.32331
3.32331
1.45906
1.45906
4.25457
4.25457
2.90515
2.90515
2.50625
2.50625
5.37384
5.37384
1.27886
1.27886
1.48106
1.48106
1.53087
1.53087
-36.3666
-36.3666
1.87156
1.87156
4.10742
4.10742
1.94791
1.94791
1.64112
1.64112
1.29307
1.29307
1.56195
1.56195
1.33454
1.33454
3.95857
3.95857
4.55767
4.55767
2.96631
2.96631
1.54914
1.54914
1.58452
1.58452
5.94285
5.94285
3.80542
3.80542
1.23548
1.23548
6.27777
6.27777
6.33647
6.00851
6.00851
5.25429
5.25429
3.42768
3.42768
1.77191
1.77191
3.08335
3.08335
3.64629
3.64629
250.577
250.577
441.773
441.773
1.79238
1.79238
1.59625
1.59625
1.29711
1.29711
1.34752
1.34752
1.33928
1.33928
1.40489
1.40489
5.43156
5.43156
1.60137
1.60137
865.522
865.522
2.12409
2.12409
2.35912
2.35912
6.23721
6.23721
6.2998
1.66333
1.66333
3.14069
3.14069
450.626
450.626
5.81566
5.81566
2.04797
2.04797
1.60538
1.60538
3.48019
3.48019
1.37866
1.37866
4.72171
4.72171
5.01172
5.01172
5.75354
5.75354
2.68416
2.68416
1.38481
1.38481
1.89595
1.89595
973.202
973.202
2.48591
2.48591
1.43409
1.43409
1.47962
1.47962
5.19579
5.19579
1.21907
1.21907
4.83272
4.83272
2.1394
2.1394
4.35647
4.35647
6.14778
6.14778
3.25158
3.25158
2.50356
2.50356
2.70323
2.70323
1.5662
1.5662
4.20561
4.20561
2.57161
2.57161
896.278
896.278
523.545
523.545
1.1465
1.1465
1493.09
1493.09
2.76729
2.76729
4.05544
4.05544
5.4463
5.4463
1.52035
1.52035
1.2727
1.2727
1.81861
1.81861
4.51111
4.51111
1.63578
1.63578
3.90307
3.90307
2.89099
2.89099
1381
1381
1.61894
1.61894
1.20008
1.20008
3.7463
3.7463
1.28544
1.28544
5.62988
5.62988
1.17746
1.17746
-39.1872
-39.1872
902.313
902.313
1.0912
1.0912
3.30669
3.30669
1.42474
1.42474
186.076
186.076
218.876
-36.6076
-36.6076
-42.7008
2.36508
2.36508
2.95094
2.95094
3.58381
3.58381
911.217
911.217
1.23676
1.23676
5.56868
5.56868
5.38518
5.38518
6.22924
6.22924
1.5658
1.5658
1.44872
1.44872
3.06824
3.06824
2.29212
2.29212
1.36427
1.36427
1.10029
1.10029
1.1522
1.1522
1.04635
1.04635
4.67217
4.67217
1.55623
1.55623
4.41099
4.41099
1.31793
1.31793
1.27004
1.27004
1.66524
1.66524
5.94981
5.94981
6.01393
6.01393
1.16102
1.16102
3.4149
3.4149
1.91525
1.91525
4.25814
4.25814
750.742
750.742
722.403
2.06302
2.06302
4.10689
4.10689
1.18745
1.18745
3.95442
3.95442
1.36024
1.36024
711.065
711.065
1.50292
1.50292
1111.85
1111.85
1568.44
1568.44
1.83984
1.83984
1.3168
1.3168
3.7984
3.7984
6.22128
6.22128
6.28388
1179.26
1179.26
3.12608
3.12608
5.64282
5.64282
5.07997
5.07997
3.63726
3.63726
4.56811
4.56811
1.33621
1.33621
2.49904
2.49904
1.52081
1.52081
5.82521
5.82521
5.265
5.265
1.54671
1.54671
2.69363
2.69363
1.12038
1.12038
2.56522
2.56522
4.89997
4.89997
5.76378
5.76378
5.82525
5.82525
1.39896
1.39896
1.00606
1.00606
6.14862
6.14862
1.23486
1.23486
1.57413
1.57413
2.36431
2.36431
1.03615
1.03615
1.68989
1.68989
2.75661
2.75661
1.07329
1.07329
3.47012
3.47012
1.27933
1.27933
1483.4
1483.4
1.58727
1.58727
5.57831
5.57831
0.954833
0.954833
0.992376
0.992376
2.07782
2.07782
3.23939
3.23939
20.808
20.808
4.91854
2.29496
2.29496
2.87892
2.87892
1530.11
1530.11
1.21612
1.21612
1.11842
1.11842
1.54685
1.54685
1.31927
1.31927
2.5522
2.5522
2.52018
4.73179
4.73179
0.902635
0.902635
1.03445
1.03445
2.26574
2.26574
2.23371
5.18119
5.18119
2.93931
2.93931
1.33226
1.33226
1.44803
1.44803
5.4545
5.4545
0.991913
0.991913
1.61358
1.61358
6.29086
6.29086
0.907858
0.907858
1.16134
1.16134
1.03763
1.03763
3.29659
3.29659
1.92982
1.92982
100.846
100.846
69.0237
0.958036
0.958036
1.3028
1.3028
5.20439
5.20439
1.43302
1.43302
1.18051
1.18051
5.02186
5.02186
1.85636
1.85636
2.15268
2.15268
5.5756
5.5756
1.39814
1.39814
5.64019
5.64019
1.10512
1.10512
1.89484
1.89484
1.92773
1.82653
1.82653
1.79364
1267.66
1267.66
4.84489
4.84489
0.878293
0.878293
6.21466
6.21466
6.27725
1.70996
1.70996
1.08168
1.08168
855.751
855.751
1.3547
1.3547
3.05758
3.05758
0.856578
0.856578
1.27222
1.27222
6.03858
6.03858
1.69595
1.69595
1.66412
0.921622
0.921622
0.850909
0.850909
1.58387
1.58387
447.052
447.052
447.525
451.564
451.564
451.241
5.9572
5.9572
1383.48
1383.48
0.841178
0.841178
6.02046
6.02046
2.49366
2.49366
0.982561
0.982561
2.36184
2.36184
1.19957
1.19957
0.939433
0.939433
1.63535
1.63535
386.897
386.897
356.521
1.94189
1.94189
440.58
440.58
472.409
323.305
323.305
291.479
1.06542
1.06542
0.805466
0.805466
1516.24
1516.24
1.58305
1.58305
1.55123
2.29428
2.29428
5.39185
5.39185
2.55856
2.55856
4.51952
4.51952
5.64668
5.64668
4.36355
4.36355
1.46242
1.46242
6.15201
6.15201
1315.55
1315.55
1188.67
1188.67
4.21072
4.21072
1.16718
1.16718
1686.11
1686.11
1.12109
1.12109
2.68524
2.68524
893.773
893.773
4.05842
4.05842
0.965022
0.965022
3.90407
3.90407
1.42249
1.42249
1098.61
1098.61
3.74563
3.74563
3.11685
3.11685
401.924
401.924
0.886848
0.886848
0.797899
0.797899
1484.1
1484.1
1567.56
1.57213
1.57213
1.54031
3.5818
3.5818
2.08722
2.08722
5.8337
5.8337
1.38559
1.38559
2.15796
2.15796
0.81205
0.81205
2.74774
2.74774
0.712924
0.712924
1.48731
1.48731
3.45957
3.45957
1.72577
1.72577
4.68081
4.68081
0.762807
0.762807
1115.42
1115.42
1.2334
1.2334
1.27716
1.27716
1.86866
1.86866
5.77212
5.77212
-19.4356
-19.4356
6.2135
6.2135
6.27609
1581.17
1581.17
3.41196
3.41196
1.23962
1.23962
1.2339
1.2339
1.65285
1.65285
2.87045
2.87045
1.15625
1.15625
5.58245
5.58245
1.00301
1.00301
1.41201
1.41201
1.5811
1.5811
1.54927
1.30756
1.30756
0.800686
0.800686
5.84112
5.84112
0.713913
0.713913
1.47936
1.47936
0.926211
0.926211
0.663481
0.663481
0.755483
0.755483
1.50793
1.50793
4.84933
4.84933
1.87993
1.87993
2.29239
2.29239
5.02472
5.02472
1.26281
1.26281
1.13016
1.13016
1.52481
1.52481
0.76443
0.76443
1.20351
1.20351
0.888761
0.888761
3.23598
3.23598
0.667124
0.667124
2.09038
2.09038
2.35865
2.35865
5.20571
5.20571
1.73775
1.73775
2.93151
2.93151
0.716544
0.716544
1.43417
1.43417
771.871
771.871
740.043
1.95174
1.95174
1.49195
1.49195
2.15874
2.15874
1.05408
1.05408
1.66645
1.66645
0.617856
0.617856
1386.23
1386.23
0.931651
0.931651
1527.94
1527.94
1.01434
1.01434
5.7751
5.7751
1.18706
1.18706
1716.82
1716.82
1780.48
0.691479
0.691479
0.775218
0.775218
1.58195
1.58195
1.55012
2.48847
2.48847
1727.85
1727.85
1.74727
1.74727
1.03675
1.03675
1596.41
1596.41
6.15651
6.15651
6.21564
6.21564
6.27824
5.90686
5.90686
1.52457
1.52457
1.16889
1.16889
1.20046
1.20046
1319.74
1319.74
1.18063
1.18063
1.14481
1.14481
5.39161
5.39161
1.28791
1.28791
6.02691
6.02691
1.53762
1.53762
1.88725
1.88725
0.961263
0.961263
1.67667
1.67667
2.55267
2.55267
5.96388
5.96388
1.37759
1.37759
3.05416
3.05416
1.45233
1.45233
1.95646
1.95646
1.25819
1.25819
2.09112
2.09112
1400.6
1400.6
4.57349
4.57349
4.54166
0.615505
0.615505
1112.49
1112.49
4.41582
4.41582
4.384
1.30894
1.30894
4.26195
4.26195
4.23012
1.46682
1.46682
0.753157
0.753157
4.10948
4.10948
4.07765
1.21361
1.21361
0.812782
0.812782
3.9558
3.9558
3.92397
1.5475
1.5475
1.12772
1.12772
5.58094
5.58094
3.79872
3.79872
3.76689
3.63669
3.63669
3.60486
2.15824
2.15824
3.7153
3.7153
1.47803
1.47803
0.707792
0.707792
2.67891
2.67891
1.68524
1.68524
0.569673
0.569673
938.007
938.007
974.159
974.159
1000.68
779.211
779.211
761.479
3.46887
3.46887
3.43704
2.29
2.29
1.0662
1.0662
1.32616
1.32616
0.541658
0.541658
1.75477
1.75477
1743.92
1743.92
0.638409
0.638409
1.89071
1.89071
1.33992
1.33992
0.590994
0.590994
5.77269
5.77269
5.83953
5.83953
1328.48
1328.48
3.29493
3.29493
3.26311
0.492557
0.492557
1.23606
1.23606
6.21948
6.21948
6.28207
1.16662
1.16662
1.5551
1.5551
1.35058
1.35058
1.04318
1.04318
1.9582
1.9582
4.73687
4.73687
4.70505
4.90765
4.90765
4.87583
0.992065
0.992065
1.25467
1.25467
5.08472
5.08472
5.05289
0.841783
0.841783
2.86723
2.86723
1.48644
1.48644
2.74176
2.74176
1775.75
1775.75
1839.14
0.663805
0.663805
0.600148
0.697507
0.697507
0.63385
0.846363
0.846363
5.77561
5.77561
1.29084
1.29084
0.884932
0.884932
1.28161
1.28161
1.26974
1.26974
1.08842
1.08842
1.03129
1.03129
2.09093
2.09093
1.00881
1.00881
1.69116
1.69116
5.26733
5.26733
5.23551
0.970557
0.970557
0.987371
0.987371
2.35541
2.35541
6.03133
6.03133
1.06397
1.06397
3.11503
3.11503
3.0832
0.968549
0.968549
1019.98
1019.98
966.168
966.168
934.34
1325.18
1325.18
1.00261
1.00261
1.75902
1.75902
1.35857
1.35857
1.14462
1.14462
0.736296
0.736296
0.672639
1.13041
1.13041
1805.47
1805.47
1869.12
6.16094
6.16094
1.45852
1.45852
1.29067
1.29067
0.84341
0.84341
0.709583
0.709583
1.89224
1.89224
1.02473
1.02473
1.15576
1.15576
0.444511
0.444511
2.15713
2.15713
1.49779
1.49779
1.52961
1.47641
1.47641
1.44458
1.40197
1.40197
5.45426
5.45426
5.42243
1.09148
1.09148
1.12473
1.12473
1.49303
1.49303
1.09205
1.09205
2.4843
2.4843
0.663645
0.663645
1.1128
1.1128
0.570178
0.570178
1604.92
1604.92
0.928882
0.928882
2.92975
2.92975
2.89792
5.6443
5.6443
5.61247
1.5608
1.5608
0.459732
0.459732
0.396074
6.22374
6.22374
6.28633
0.807761
0.807761
1.08777
1.08777
1.07555
1.07555
0.60722
0.60722
0.543563
1.69434
1.69434
0.771153
0.771153
0.707496
0.875749
0.875749
0.799578
0.799578
1.05354
1.05354
0.556987
0.556987
0.49333
0.986878
0.986878
1.9588
1.9588
0.509086
0.509086
0.445429
1.12657
1.12657
1.1642
1.1642
1183.53
1183.53
1151.7
1.36445
1.36445
0.523686
0.523686
1.29735
1.29735
1.25122
1.25122
2.28776
2.28776
0.896728
0.896728
5.96557
5.96557
5.9974
5.83683
5.83683
5.805
0.762982
0.762982
1537.5
1537.5
1.0187
1.0187
0.778639
0.778639
0.895955
0.895955
0.914654
0.914654
1.09717
1.09717
1.06018
1.06018
0.411034
0.411034
0.347377
0.851144
0.851144
0.670901
0.670901
1.76101
1.76101
0.871022
0.871022
1.49752
1.49752
0.885887
0.885887
1747.72
1747.72
1816.81
1816.81
1880.47
1.17029
1.17029
0.939658
0.939658
0.837649
0.837649
6.03231
6.03231
-10.0031
-10.0031
0.954036
0.954036
0.801989
0.801989
0.738332
0.637795
0.637795
0.528655
0.528655
0.965153
0.965153
0.732471
0.732471
2.67625
2.67625
2.74013
2.74013
2.7083
1.10412
1.10412
1.30214
1.30214
1.56419
1.56419
2.09032
2.09032
1.1647
1.1647
1.13287
1.03171
1.03171
0.999885
2.54844
2.54844
0.838612
0.838612
0.939858
0.939858
0.973546
0.973546
1.17437
1.17437
5.96822
5.96822
1.36857
1.36857
0.610656
0.610656
1.89286
1.89286
1534.46
1534.46
1394.19
1394.19
1362.36
0.624021
0.624021
1.10889
1.10889
0.73959
0.73959
0.398673
0.398673
0.363819
0.363819
0.300162
0.589734
0.589734
0.756124
0.756124
1.04132
1.04132
0.690917
0.690917
2.15591
2.15591
0.678864
0.678864
0.708676
0.708676
0.979528
0.979528
0.887772
0.887772
0.855945
1.69597
1.69597
1.36573
1.36573
2.35278
2.35278
0.897753
0.897753
0.834096
0.730932
0.730932
0.88557
0.88557
0.821913
0.900996
0.900996
0.828677
0.828677
0.76502
0.589654
0.589654
1.28553
1.28553
1.2537
0.561316
0.561316
0.680508
0.680508
1.50006
1.50006
0.481054
0.481054
0.907099
0.907099
0.843442
0.983361
0.983361
1.30541
1.30541
2.28627
2.28627
2.08927
2.08927
2.15503
2.15503
2.1232
0.491871
0.491871
6.22738
6.22738
6.28998
0.460607
0.460607
0.913941
0.913941
0.850284
1.1119
1.1119
0.53897
0.53897
0.566637
0.566637
0.73368
0.73368
0.701851
0.278149
0.278149
0.214492
0.356073
0.356073
0.317659
0.317659
0.922282
0.922282
0.512497
0.512497
0.870213
0.870213
0.806556
0.918556
0.918556
0.854899
0.511355
0.511355
0.43535
0.43535
0.574474
0.574474
1.95868
1.95868
0.569642
0.569642
0.537814
0.921201
0.921201
0.857544
0.98535
0.98535
1.17708
1.17708
0.416249
0.416249
0.403009
0.403009
1.76175
1.76175
0.442742
0.442742
0.522698
0.522698
1.56564
1.56564
0.396039
0.396039
0.364213
0.335416
0.335416
1.37071
1.37071
1.39093
1.39093
1.3591
0.220437
0.220437
0.152901
0.152901
0.0892442
0.211308
0.211308
0.394398
0.394398
0.346143
0.346143
1600.58
1600.58
1568.75
1737.92
1737.92
0.14532
0.14532
0.0816628
0.177148
1800.88
1800.88
1864.54
1769.06
0.20825
0.20825
1810.32
1810.32
1873.97
1.76113
1.76113
1.7293
1.69558
1.69558
0.851346
0.851346
0.787689
1.89217
1.89217
1.95794
1.95794
1.92611
2.35171
2.35171
2.31988
1.49997
1.49997
1.56513
1.56513
1.53331
2.54709
2.54709
2.51526
2.48225
2.48225
0.256736
0.256736
0.184876
0.184876
0.121219
0.319209
0.319209
0.255552
0.165774
0.165774
0.102117
0.235414
0.235414
0.210258
0.210258
0.146601
0.284305
0.284305
0.146015
0.146015
0.0823575
0.92171
0.92171
0.858053
0.98561
0.98561
0.953782
1.11291
1.11291
1.17703
1.17703
1.1452
1.37035
1.37035
1.33852
1.3057
1.3057
0.24156
0.24156
0.177903
0.336527
0.336527
1.39787
1.39787
0.361151
0.361151
0.409613
0.409613
0.382296
0.382296
6.16429
6.16429
6.2295
6.2295
6.2921
1145.06
1145.06
87.8369
87.8369
1008.21
1008.21
6.22665
6.22665
6.28981
6.03453
6.03453
3.88278
3.88278
5.95024
5.95024
5.96926
5.96926
6.1651
6.1651
1214.87
1214.87
1.08278
1.08278
1052.05
1052.05
900.544
900.544
872.204
6.16198
6.16198
6.1933
997.068
997.068
968.728
4.01619
4.01619
673.849
673.849
1054.74
1054.74
3.22715
3.22715
898.545
898.545
870.206
5.62096
5.62096
-4.81038
-4.81038
1088.25
1088.25
6.47385
6.47385
6.50386
6.35263
6.35263
6.33032
625.66
625.66
568.98
605.193
605.193
548.513
-586.194
-586.194
-646.835
528.511
528.511
471.831
353.898
353.898
297.218
689.211
689.211
632.531
891.949
891.949
985.025
985.025
1119.55
1119.55
895.142
895.142
943.618
771.328
771.328
807.764
742.278
742.278
784.127
1020.86
1020.86
9.15773
9.15773
4.14735
4.14735
1122.25
1122.25
1176.95
3.62352
3.62352
3.66276
3.10763
3.10763
3.14687
1186.8
1186.8
1179.52
1179.52
590.998
590.998
172.279
172.279
1.16808
1.16808
462.277
462.277
1535.8
1535.8
1571.66
1571.66
1276.45
1276.45
1324.26
833.196
833.196
637.682
637.682
558.625
558.625
554.35
554.35
531.87
531.87
710.3
710.3
1855.87
1855.87
1881.87
1702.73
1702.73
1677.39
967.438
967.438
5.33771
5.33771
417.142
417.142
0.952967
0.952967
141.331
141.331
648.114
648.114
2.33448
2.33448
467.563
467.563
-4.54977
-4.54977
867.16
867.16
4.5232
4.5232
547.941
547.941
9.12536
9.12536
5.68103
5.68103
753.208
753.208
767.734
17.7622
17.7622
600.87
600.87
11.1449
11.1449
1121.13
1121.13
1.34682
1.34682
6.46665
6.46665
4.09093
4.09093
6.50801
6.50801
6.56418
836.077
836.077
1.39442
1.39442
856.122
856.122
-6.03484
-6.03484
1248.45
1248.45
1263.73
5.26633
5.26633
3.70962
3.70962
1.47484
1.47484
-47.7128
-47.7128
58.8667
58.8667
1898.32
1898.32
1950.64
3.39704
3.39704
1.07282
1.07282
99.5798
99.5798
1.41856
1.41856
3.77646
3.77646
-86.1773
-86.1773
3.77454
3.77454
1.23449
1.23449
301.502
301.502
4.01212
4.01212
211.766
211.766
443.751
443.751
451.519
451.519
-1120.82
-1120.82
-1146.58
3.94897
3.94897
1668.85
1668.85
1576.68
1576.68
1625.05
1.22225
1.22225
)
;
    }
}


// ************************************************************************* //
