/*--------------------------------*- C++ -*----------------------------------*\
  =========                 |
  \\      /  F ield         | OpenFOAM: The Open Source CFD Toolbox
   \\    /   O peration     | Website:  https://openfoam.org
    \\  /    A nd           | Version:  8
     \\/     M anipulation  |
\*---------------------------------------------------------------------------*/
FoamFile
{
    version     2.0;
    format      ascii;
    class       volScalarField;
    location    "0.65";
    object      nut;
}
// * * * * * * * * * * * * * * * * * * * * * * * * * * * * * * * * * * * * * //

dimensions      [0 2 -1 0 0 0 0];

internalField   nonuniform List<scalar> 
1924
(
0.00170921
0.0017989
0.00209247
0.00209671
0.00185946
0.00213112
0.00213492
0.00216006
0.00216153
0.00204451
0.00217135
0.00217171
0.00162055
0.00217774
0.00214657
0.00214332
0.00171706
0.00217747
0.0016252
0.00217822
0.00140597
0.00220042
0.00190799
0.00217521
0.00222241
0.00221318
0.00220462
0.00192947
0.00192158
0.00179206
0.00190479
0.00223158
0.00161687
0.00176946
0.00196613
0.00195328
0.00222516
0.00196973
0.001705
0.00185706
0.00222609
0.001471
0.00222552
0.0018341
0.00189655
0.00185855
0.00166133
0.00196721
0.0011736
0.00125126
0.00150555
0.00156159
0.00218204
0.00138924
0.00187207
0.00201835
0.00161117
0.00192778
0.00191143
0.00213379
0.00183284
0.00214012
0.00170815
0.00164779
0.00141612
0.00198936
0.00213221
0.00200167
0.00192596
0.00149948
0.00143726
0.00213758
0.0016686
0.00183724
0.00186486
0.00183661
0.00201273
0.00189828
0.00196129
0.00170632
0.0020943
0.00218565
0.00187191
0.00141878
0.00163956
0.00203317
0.00194682
0.00215036
0.00117902
0.00142209
0.00213266
0.00216012
0.00188137
0.00201277
0.00151852
0.00148179
0.00203989
0.00212094
0.00213424
0.00174161
0.00210562
0.00149521
0.0021394
0.00214628
0.00202289
0.00197819
0.00211259
0.0020136
0.0021377
0.00202245
0.00206461
0.00204039
0.001958
0.00185744
0.00196404
0.0013357
0.00210907
0.0021424
0.00215651
0.00200404
0.00153666
0.000470024
0.0013052
0.00131389
0.00213256
0.0021086
0.00189035
0.00190816
0.00204537
0.00052331
0.002068
0.00211686
0.00019101
0.00187958
0.00155554
0.00210566
0.00205082
0.00206093
0.0021742
0.00197513
0.00199038
0.00213459
0.000117664
0.000128952
0.00214318
0.00166191
0.00202314
0.00167822
0.00214222
0.00216477
0.00183315
0.000234261
0.00187884
0.00215067
0.00214579
0.00211379
0.000470873
0.00205912
0.00210006
0.000201552
0.00184207
0.00183897
0.00215292
0.000477039
0.00175771
0.0021158
0.00215696
0.000352959
0.00200489
0.00211094
0.00169016
0.00216775
0.00197523
0.00213655
0.00201829
0.00203207
0.00179938
0.000304198
0.00196764
0.00217237
0.00215989
0.00214711
0.00192282
0.00216061
0.00115699
0.00176541
0.00192516
0.00218769
0.00204177
0.00187922
0.00201852
0.00216891
0.00210519
0.00217312
0.00218045
0.000238768
0.0022002
0.00204837
0.00210993
0.00204987
0.000321792
0.00182692
0.00214773
0.00217693
0.00181041
0.00216391
0.00217859
0.00189374
0.00177393
0.000120518
0.000487695
0.00211625
0.00217021
0.00218352
0.00219128
0.00194971
0.00214373
0.00203264
0.00217825
0.00189594
0.00210769
0.00187499
0.00215919
0.00216508
0.00217752
0.00220349
0.00213114
0.00202731
0.00218883
0.00206635
0.000283192
0.00213366
0.00211653
0.000297448
0.00219911
0.000139446
0.00216586
0.00217808
0.00217216
0.000243652
0.00214655
0.00216201
0.00216648
0.00194568
0.000273129
0.00170661
0.00217991
0.00204219
0.00192488
0.0019973
0.0018302
0.000427403
0.00219101
0.00214884
0.00204336
0.00215964
0.00219576
0.00216716
0.00211464
0.00217771
0.00215818
0.0021798
0.00213336
0.00195531
0.0022359
0.00183758
0.00143428
0.00194544
0.00187377
0.00029961
0.00206851
0.00183288
0.00171917
0.00219874
0.00213544
0.00208998
0.00218026
0.00220024
0.00215261
0.00211325
0.000363476
0.000177415
0.00213434
0.00218559
0.00149325
0.00187466
0.0021347
0.000441807
0.00217571
0.00216807
0.00218402
0.00173727
0.00218802
0.00216057
0.00125689
0.00176654
0.00215538
0.0019179
0.00191172
0.00215823
0.000256548
0.0021712
0.00215597
0.00214504
0.00218041
0.00221429
0.00148761
0.00215035
0.00217488
0.00191474
0.0017729
0.00216352
0.00218501
0.00220611
0.00207716
0.00157793
0.00216229
0.00217477
0.00218542
0.00218393
0.00178999
0.00208296
0.00217511
0.00180451
0.0022137
0.00205299
0.00219206
0.0022051
0.00206374
0.00214937
0.00212139
0.0021348
0.00220982
0.00217949
0.00185935
0.00218007
0.00213657
0.00218189
0.00217656
0.00218142
0.0020315
0.00183643
0.00223176
0.00197018
0.00215208
0.00213731
0.000247407
0.0021331
0.00217405
0.00221922
0.00222564
0.000248982
0.00038139
0.00215334
0.00170345
0.00198068
0.00117609
0.0021687
0.0021764
0.00147551
0.00216393
0.0021548
0.00215005
0.00213741
0.00222917
0.00218004
0.00223602
0.0020874
0.00217195
0.00217938
0.00212951
0.00218724
0.00221012
0.00214744
0.00215307
0.000250344
0.00215298
0.00214968
0.00223336
0.00213356
0.00213599
0.00194899
0.00219714
0.00219423
0.00211956
0.00212388
0.00183514
0.00213758
0.00216206
0.0021786
0.000338873
0.00222401
0.00220671
0.00213573
0.00217448
0.000103588
0.00219481
0.00223771
0.00214768
0.00214134
0.00172944
0.00188505
0.00195894
0.0019054
0.000108699
0.00213977
0.00210611
0.00213562
0.00219239
0.00219962
0.00215233
0.00222739
0.00216667
0.00217621
0.00216263
0.00214373
0.00206752
0.00214948
0.00209305
0.00207197
0.0021491
0.00210339
0.00209585
0.00177606
0.00221759
0.00213083
0.00207942
0.00175537
0.00224301
0.0021334
0.00214036
0.00205216
0.00213535
0.00221242
0.00216906
0.00213462
0.00212143
0.00134036
0.00217276
0.00221958
0.00212918
0.00215595
0.00219693
0.00164433
0.00213315
0.000101138
0.00214144
0.00185252
0.00221042
0.00213951
0.00214834
0.00224759
0.00219169
0.00215229
0.00216383
0.00220657
0.00210099
0.00215132
0.00221534
0.00213507
0.0020096
0.0022339
0.0016475
0.00219168
0.00200386
0.0021389
0.00213554
0.00215667
0.00217064
0.0019237
0.00218696
0.00223772
0.00178036
0.00209383
0.00211265
0.00198435
0.0017269
0.00215888
0.00213139
0.00214086
0.00213596
0.00216322
0.00214277
0.00213296
0.00224112
0.00218833
0.0021343
0.00214404
0.00213843
0.00210512
0.00141072
0.00213631
0.00224089
0.00210596
0.00213295
0.0020734
0.00213227
0.00214227
0.00213609
0.00179729
0.00212556
0.00215078
0.00213049
0.00220542
0.00177473
0.00213931
0.00214626
0.00215814
0.00225461
0.00209561
0.00191986
0.00206217
0.00214168
0.00219233
0.00213853
0.00213563
0.00221219
0.00220661
0.00216489
0.00213803
0.00222667
0.00214635
0.00202756
0.00208688
0.0021819
0.00219179
0.00178185
0.00187313
0.00215854
0.00214742
0.00220711
0.00215631
0.00225907
0.00205126
0.00200455
0.00212916
0.00215727
0.00213511
0.00176628
0.00217196
0.0022452
0.0017723
0.00175693
0.00188594
0.00206912
0.00213865
0.00175208
0.00163031
0.00212778
0.00214729
0.00213635
0.00214429
0.00214372
0.00224849
0.00213607
0.00208177
0.00194252
0.00156721
0.00174585
0.00174951
0.00217736
0.00222883
0.00191074
0.00214345
0.00214371
0.0020807
0.00200866
0.00211687
0.00176513
0.00225444
0.00206117
0.00214309
0.00213793
0.0021408
0.00180091
0.00213105
0.0020096
0.00185611
0.0020963
0.00212519
0.00221046
0.002128
0.00216237
0.00213765
0.00145658
0.0018583
0.0021288
0.00216877
0.0020343
0.00180987
0.00214722
0.00225087
0.000344831
0.00156802
0.00172743
0.00208626
0.0021241
0.00204859
0.00212268
0.00220959
0.00146845
0.00213108
0.0021423
0.00161456
0.00226505
0.00215091
0.00218191
0.00195112
0.00208054
0.00216925
0.00214936
0.00214925
0.00204366
0.00210548
0.00222387
0.00212164
0.00217692
0.00203877
0.00147901
0.00165671
0.00206118
0.00202118
0.00214398
0.00217212
0.00215123
0.00175899
0.00196679
0.00212237
0.00216249
0.00208665
0.00213492
0.00213826
0.00205048
0.00220212
0.0022684
0.0014814
0.00213706
0.00168938
0.00214402
0.00205425
0.00214402
0.00214175
0.00226309
0.0021366
0.00212841
0.00214354
0.0021852
0.00213783
0.00214436
0.0021495
0.00223707
0.00213826
0.00204082
0.0021643
0.00199578
0.00213233
0.00222052
0.00192022
0.00213576
0.00210971
0.00211907
0.00187962
0.00177053
0.00203129
0.0021252
0.00168404
0.00214277
0.00213
0.00225614
0.002271
0.00223756
0.00197264
0.00147657
0.00212254
0.00214333
0.00202209
0.00215493
0.0021409
0.0017567
0.00204497
0.00209049
0.00209907
0.00211193
0.00211324
0.00215141
0.00214546
0.0021142
0.00172108
0.00205622
0.00194482
0.00176607
0.0021364
0.0021494
0.00213717
0.00223727
0.00212532
0.00207024
0.00183008
0.00225307
0.00220168
0.00198249
0.0021969
0.00214319
0.00187243
0.00161426
0.00214368
0.00214116
0.0021361
0.00204842
0.00227253
0.00225684
0.00185408
0.00213713
0.00174754
0.00213155
0.00214964
0.00213199
0.00221849
0.00212663
0.00136489
0.00179283
0.00211255
0.0019475
0.00200348
0.00213684
0.000249355
0.000115378
0.00154757
0.00203912
0.0020227
0.00212451
0.00212995
0.00169201
0.00222307
0.00210222
0.00213175
0.00210264
0.00214491
0.0020987
0.00220577
0.00173
0.00211458
0.00196389
0.000320514
0.00216291
0.00034134
0.00227714
0.00202897
0.00227353
0.0020156
0.00216335
0.00211504
0.00215199
0.00156792
0.00161636
0.00215595
0.00167747
0.00160929
0.00173527
0.00210367
0.00167261
0.00210306
0.00213164
0.00198151
0.00218567
0.00210398
0.00213399
0.00226306
0.0019518
0.00214109
0.00212264
0.00213977
0.00176853
0.00212927
0.00194662
0.00205598
0.00228088
0.00213096
0.00200528
0.00213373
0.00218436
0.00186117
0.00214048
0.00194377
0.00217455
0.00165605
0.00214058
0.00214228
0.00209825
0.00175277
0.00213106
0.00222481
0.00209294
0.00212082
0.0022389
0.00196818
0.00204683
0.00144182
0.00214084
0.00224194
0.00161268
0.00206454
0.00213209
0.00168253
0.00188648
0.00213913
0.0015487
0.00211479
0.00211268
0.00227412
0.00166444
0.00201399
0.00177819
0.000327707
0.00225902
0.0020714
0.00208047
0.00186175
0.00214482
0.00216696
0.00219158
0.00214553
0.00212054
0.00192981
0.00208678
0.00200714
0.00226063
0.00208654
0.00210131
0.00209972
0.0021307
0.0019014
0.00227412
0.00213633
0.00220571
0.00213394
0.00182238
0.00206874
0.00197336
9.73579e-05
0.00216338
0.000361937
0.00213807
0.00212512
0.00121383
0.00221841
0.00213721
0.00223912
0.00209073
0.00223893
0.00214539
0.00208646
0.00203525
0.00185138
0.00212413
0.00212344
0.0022018
0.00228203
0.0017428
0.00168437
0.00207073
0.00212192
0.00211341
0.00164205
0.00216695
0.00210708
0.00183192
0.0021227
0.00206548
0.00214947
0.0019635
0.00225624
0.00214444
0.00213618
0.0022756
0.0016265
0.0018727
0.00215735
0.000272559
0.00213323
0.0016372
0.00227091
0.00207936
0.00162092
0.00209131
0.00216295
0.00209512
0.00216847
0.00207009
0.00207041
0.00226162
0.00190474
0.00031183
0.00211623
0.00205665
0.00204859
0.00200856
0.00210218
0.00217092
0.0021347
0.0021255
0.00162188
0.00227929
0.00163151
0.00213026
0.00220056
0.00208904
0.00194276
0.00213333
0.00209241
0.00213228
0.00165429
0.00200072
0.000138996
0.00171564
0.00208292
0.00200439
0.00212507
0.00227513
0.00171168
0.00163978
0.00212985
0.00223996
0.0017754
0.00196277
0.00214154
0.00188251
0.00213935
0.00214362
0.00212647
0.0022668
0.00209126
0.00212744
0.00221058
0.00209712
0.00195001
0.00204368
0.00223302
0.00212221
0.00206713
0.00173913
0.000194325
0.00195451
0.00139471
0.000384122
0.00210251
0.00225181
0.00208336
0.00209246
0.00211262
0.002169
0.00215373
0.000174016
0.00224931
0.00204922
0.000152845
0.00215191
0.000113909
0.00211561
0.00205678
0.00178489
0.00190019
0.00226163
0.00216607
0.00183541
0.00207385
0.0021156
0.00220371
0.00212862
0.0019074
0.00175982
0.00226873
0.00166043
0.00212625
0.00212878
0.00163586
0.00206761
0.00211975
0.00204805
0.00195071
0.00210279
0.00211658
0.00212709
0.00226175
0.00212147
0.00204668
0.00222488
0.00158988
0.00153232
0.00222058
0.00218729
0.00205762
0.00188157
0.00225018
0.00223862
0.00168755
0.00219401
0.0020294
0.00202861
0.00214182
0.00212158
0.00204116
0.00216896
0.00204216
0.00224945
0.00199232
0.00211897
0.00216596
0.00200584
0.00164639
0.00223124
0.00207992
0.00207062
0.00208345
0.00199781
0.00195361
0.0020666
0.00210369
0.00225397
0.00215625
0.00205393
0.0021047
0.00204753
0.000149799
0.00171257
0.00176916
0.00205869
0.00224384
0.00204065
0.00190645
0.001738
0.00168174
0.00213784
0.00194538
0.00202688
0.00171153
0.00178065
0.00223103
0.00216739
0.00176492
0.00218485
0.00210744
0.00211102
0.00215548
0.00202485
0.00205625
0.00212231
0.00189023
0.00211653
0.00211933
0.00203973
0.00222826
0.00208387
0.00211586
0.00220526
0.00207509
0.00217679
0.00211879
0.00208756
0.00201971
0.00218131
0.00209213
0.00209615
0.00220327
0.00153782
0.00212673
0.00172918
0.00211752
0.00211813
0.00187637
0.00191562
0.0020835
0.00199541
0.00221409
0.0022066
0.00208161
0.00202652
0.000401303
0.0020104
0.00220659
0.00213825
0.000343727
0.00203904
0.00219852
0.00130935
0.00209726
0.00215182
0.00176716
0.0020465
0.00206991
0.00202734
0.00217803
0.00199496
0.000338508
0.000344211
0.00216961
0.00201504
0.0021122
0.00207558
0.00200513
0.00208107
0.00217625
0.00217106
0.00212349
0.000337536
0.00211517
0.0014777
0.00206725
0.00208814
0.00199828
0.00211686
0.00210417
0.0019952
0.000153403
0.000153253
0.00217067
0.00212839
0.00218509
0.00200454
0.0021799
0.00211276
0.00207706
0.00209333
0.00202591
0.00199607
0.00194685
0.00197831
0.0020046
0.00217245
0.000331756
0.00173332
0.00199231
0.00199223
0.00209218
0.00215227
0.00215122
0.0021112
0.00193869
0.00187971
0.00185088
0.00212834
0.00200786
0.000172487
0.00177954
0.00202881
0.00217868
0.000346759
0.00213026
0.00214354
0.00034537
0.000223077
0.00197888
0.00186717
0.00208034
0.00197662
0.00210258
0.00204317
0.00211459
0.00198277
0.0018004
0.00201398
0.00204872
0.000186552
0.000352759
0.00215164
0.000270955
0.00198854
0.00198592
0.00176574
0.00216012
0.00204878
0.00212178
0.00206679
0.00205046
0.00215991
0.00197743
0.00197854
0.00150059
0.00190239
0.0019721
0.00196705
0.00202805
0.00204013
0.00209306
0.00198541
0.00213605
0.000401342
0.00217405
0.00208353
0.00210936
0.000357678
0.00212526
0.00209774
0.00143237
0.000333903
0.00194708
0.00165937
0.00210493
0.00209548
0.00206377
0.00195752
0.00209269
0.0019461
0.00210118
0.00196186
0.00208315
0.00210735
0.00172578
0.0017293
0.00193058
0.00207323
0.00207859
0.00209037
0.00202253
0.00198102
0.00174454
0.00196292
0.00217569
0.00194348
9.0952e-05
9.01199e-05
0.00203032
0.00212054
0.00207728
0.00180834
0.00208359
0.00209965
0.00203611
0.00147342
0.000361128
0.00193375
0.00215358
0.00201521
0.00199216
0.00192531
0.00190897
0.00194099
0.00208048
0.00193639
0.00208388
0.00207637
0.00193104
0.00193387
0.00191338
0.00184495
0.00205007
0.00209191
0.00194569
0.00209382
0.000148828
0.0019603
0.00208499
0.00191062
0.0020807
0.00192012
0.000331568
0.00187098
0.0016131
0.000435342
0.00191557
0.00192557
0.00207526
0.000185711
0.00165136
0.0021668
0.00206729
0.00202011
0.00207587
0.00205591
0.00200011
0.00209183
0.00185909
0.0020318
0.00202437
0.00175782
0.00209749
0.0020339
0.00209751
0.00205342
0.00206057
0.00148179
0.00190632
0.00184377
0.000413927
0.00190242
0.000362578
0.00203406
0.00197696
0.00190673
0.00210249
0.00184215
0.00208616
0.00189564
0.00166033
0.0019042
0.00206052
0.00185792
0.00195524
0.00195539
0.00211399
0.000164795
0.00202137
0.00213047
0.00163287
0.0020815
0.00183424
0.00173143
0.0018834
0.000161722
0.00202889
0.00187225
0.00201386
0.000161397
0.00146326
0.00214789
0.00192836
0.00193858
0.00202814
0.00182786
0.00187864
0.000314716
0.00183311
0.00182827
0.00181384
0.00210338
0.00191958
0.000166525
0.00182007
0.00193864
0.00201745
0.00188166
0.00207577
0.00201978
0.00190677
0.00196681
0.00208383
0.00186591
0.00208292
0.00205172
0.000160175
0.000166286
0.00178085
0.00202273
0.00172928
0.00018388
0.00188698
0.00180674
0.000336747
0.00185774
0.00213864
0.00184686
0.00203521
0.000297669
0.000169256
0.00171362
0.00188472
0.000363117
9.29893e-05
0.000104332
0.00194559
0.00169226
0.00170607
0.00189775
0.00208937
0.00198665
0.00206137
0.00181454
0.00196605
0.0018782
0.000144866
0.00192209
0.000164917
0.000169071
0.0020382
0.00185933
0.00159964
0.000172185
0.00203119
0.00202712
0.00209114
0.000523117
0.00202188
0.000529324
0.00186218
0.000423368
0.00169191
0.00150413
0.000536185
0.00205659
0.000352678
0.00179695
0.00211486
0.000308635
0.000541887
0.001711
0.000546294
0.00185256
0.000249633
0.000550021
0.00212686
0.00135693
0.00169308
0.00170223
0.000229862
0.000174467
0.000553124
0.00196618
0.002044
0.00183215
0.00197284
0.00171422
0.00212865
0.00173715
0.00186423
0.00215692
0.00189261
0.000518519
0.00172526
0.0014488
0.00179656
0.00185992
0.0019204
0.0020535
0.00200762
0.000193744
0.00157865
0.000555108
0.0020402
0.0019834
0.00190589
0.00214926
0.00177888
0.00202056
0.00170763
0.00185639
0.000175923
0.00184573
0.00189293
0.00197306
0.000388956
0.00175134
0.00169196
0.00174727
0.00186825
0.0018943
0.000514696
0.00193772
0.00205585
0.000514016
0.00181711
0.00205454
0.000355309
0.00169085
0.00191883
0.00197006
0.000556211
0.00170925
0.00197898
0.00207972
0.000509204
0.00192689
0.00214647
0.00169932
0.00191747
0.000149007
0.00194246
0.00172523
0.00200345
0.00204148
0.0019504
0.0017185
0.0016041
0.00198828
0.00149788
0.00203142
0.00197297
0.00177875
0.000157556
0.000388759
0.000395009
0.000176452
0.002102
0.000346374
0.00196387
0.00171663
0.00149347
0.000428677
0.000201081
0.00128727
0.00194944
0.0019287
0.0019905
0.00158283
0.00183555
0.00184998
0.000501134
0.00190493
0.00192471
0.00201642
0.00195201
0.00169258
0.00198391
0.00211597
0.00194864
0.00174865
0.000557105
0.00197326
0.00197152
0.00174464
0.00201094
0.00145104
0.000260698
0.00175297
0.00030282
0.000263164
0.00199152
0.000266638
0.00203065
0.0018936
0.000270292
0.00186598
0.000402044
0.000272814
0.00205554
0.00173707
0.00049084
0.000274703
0.000276429
0.0020484
0.00217598
0.00206893
0.00187077
0.002149
0.00198702
0.00172382
0.00179235
0.00012273
0.000133461
0.000277684
0.0020879
0.0018026
0.00208552
0.000384613
0.00197639
0.000332076
0.000386757
0.00199157
0.00216518
0.000385675
0.000479262
0.00202945
0.00140669
0.000278402
0.000383476
0.00199458
0.000206644
0.00170936
0.00205016
0.00218119
0.00181793
0.00201301
0.000258534
0.000257502
0.00173255
0.00205848
0.000255416
0.00196335
0.000558788
0.00206772
0.00215321
0.000149233
0.00019497
0.000196227
0.000416048
0.00202865
0.00171732
0.0019782
0.00219114
0.0021403
0.00201895
0.00169479
0.00207122
0.00201754
0.00200514
0.000251102
0.00197986
0.00172238
0.00210407
0.000458936
0.0019004
0.000278823
0.0020111
0.00180618
0.000133712
0.000293039
0.00183135
0.00199989
0.00215906
0.00227496
0.000198894
0.00223083
0.000139383
0.000427083
0.000358391
0.00218316
0.00195452
0.00188302
0.00206156
0.00190849
0.002289
0.000381876
0.0020919
0.000170744
0.000174517
0.00172171
0.000245364
0.00198211
0.000366603
0.00205653
0.00196492
0.0021456
0.00186312
0.00213622
0.00175167
0.00134865
0.00197699
0.000279411
0.000238511
0.00203624
0.000190054
0.000209934
0.00191748
0.00228526
0.00225955
0.000192966
0.00205701
0.000203669
0.000453423
0.00194329
0.00196976
0.000192032
0.000367558
0.00208176
0.000191064
0.00201706
0.00228308
0.00012636
0.00213026
0.00172299
0.0021545
0.000364388
0.00214025
0.00192997
0.000227846
0.000226865
0.00190962
0.00132238
0.00188078
0.00186881
0.00178709
0.00186658
0.00229041
0.00219122
0.000188804
0.00179782
0.00185901
0.00206434
0.00187118
0.0020739
0.00166904
0.000304505
0.000125432
0.00226161
0.00192924
0.00169527
0.00191056
0.00200744
0.000584229
0.000215162
0.00182186
0.00173962
0.000594339
0.00186417
0.000561706
0.000280635
0.00227751
0.00214491
0.00206573
0.00214608
0.000176235
0.000175452
0.00215255
0.000366656
0.000574114
0.000603814
0.00223687
0.0019223
0.00211785
0.00177446
0.00216684
0.000272305
0.000113324
0.00184234
0.00225886
0.00173549
0.000379312
0.000187089
0.00180796
0.0018097
0.00206811
0.0017414
0.00215199
0.00164778
0.00180902
0.000607811
0.000173076
0.00215664
0.00036132
0.00215101
0.000295133
0.00162549
0.000290289
0.00051626
0.000241439
0.00171946
0.000175978
0.0017628
0.00036335
0.00214258
0.00171247
0.000300326
0.000607468
0.0021691
0.000568447
0.000572387
0.000286475
0.00171391
0.000210164
0.00167435
0.000304054
0.00224963
0.00171082
0.00155321
0.000168201
0.000180098
0.000374754
0.000366682
0.00055793
0.000357366
0.00028446
0.000304927
0.00156429
0.0016256
0.00165181
0.00217841
0.00015904
0.000304443
0.00060435
0.00222348
0.00157387
0.00151268
0.00217907
0.00168857
0.00164935
0.00215325
0.0001383
0.000324658
0.00215768
0.000175066
0.000304173
0.000123356
0.000281107
0.00141804
0.00148996
0.000101269
0.000212178
9.4035e-05
8.31164e-05
0.000265432
0.000118329
0.000292832
0.000586175
0.000270751
0.000581487
0.000289739
0.000284428
0.000588952
0.000294513
0.000282562
0.000565592
0.000336335
0.000146275
0.000184462
0.000132122
0.000319884
0.000161304
0.000353602
0.000113898
0.000304576
0.000302581
0.000599698
0.000298724
0.000295967
0.000592662
0.000172788
0.00140645
0.00194092
0.00154703
0.00164976
0.00159975
0.000425326
0.000209056
0.00178777
0.00153616
0.00171137
0.000208761
0.00186015
0.00218034
0.00148625
0.00187242
0.000425452
0.000266284
0.00197808
0.00176423
0.000139278
0.000205337
0.000142807
0.00219834
0.00117832
0.00180842
0.00215042
0.000151248
0.00130507
0.0020317
0.00181327
0.000152323
0.000159206
0.000137654
0.000117975
0.000164142
0.000115697
0.000128075
0.000122651
0.00174111
0.000345798
0.00171204
9.08802e-05
7.38591e-05
8.34068e-05
0.000344035
0.00203369
0.00219858
0.00010167
7.37265e-05
7.86791e-05
0.00175574
0.00179583
0.000254622
0.0014942
0.00198065
0.0012927
0.00116615
0.00026948
0.000111271
0.000373159
0.000244013
0.000390117
0.000262013
0.000246512
0.000250935
8.03389e-05
8.05093e-05
0.00171816
0.0020539
0.00113823
0.00201332
0.000144101
0.000207826
0.000199588
0.0011262
0.00125953
0.000217854
0.00205925
0.00114279
0.00132178
0.00134899
8.67976e-05
0.00123497
0.00120968
0.00115262
0.000231875
0.002127
0.00120684
0.00207731
0.000165219
0.00120664
0.00215512
0.00115573
0.000179483
0.000113132
0.00140274
0.00208352
0.00216993
0.00116607
0.00111479
9.5482e-05
0.00210537
0.00213279
0.00118005
0.00213103
0.00211194
0.000242471
0.00212934
0.00214623
0.00142963
0.0021591
0.00144959
0.0012906
0.00126809
7.21377e-05
0.00213714
0.000213682
9.93303e-05
0.00216316
)
;

boundaryField
{
    patch0
    {
        type            nutkWallFunction;
        Cmu             0.09;
        kappa           0.41;
        E               9.8;
        value           nonuniform List<scalar> 
4010
(
0.000162784
0.000162784
0.000210851
0.000210851
0.000242738
0.000242738
0.000243154
0.000243154
0.000216718
0.000216718
0.000246847
0.000246847
0.00024724
0.00024724
0.000249737
0.000249737
0.000231321
0.000231321
0.000237616
0.000237616
0.000219383
0.000219383
0.000219423
0.000219423
0.000152789
0.000152789
0.000222742
0.000222742
0.000222788
0.000222788
0.000223152
0.000223152
0.000162408
0.000162408
0.000236567
0.000236567
0.000153097
0.000153097
0.000251916
0.000251916
0.000134031
0.000134031
0.00025365
0.00025365
0.000191664
0.000191664
0.000251617
0.000251617
0.000256797
0.000256797
0.000255932
0.000255932
0.000255031
0.000255031
0.000225108
0.000225108
0.000223939
0.000223939
0.000206894
0.000206894
0.000181318
0.000181318
0.00025785
0.00025785
0.000163212
0.000163212
0.000168653
0.000168653
0.000229151
0.000229151
0.000195847
0.000195847
0.00025716
0.00025716
0.000229463
0.000229463
0.000200769
0.000200769
0.000176196
0.000176196
0.000257254
0.000257254
0.000139723
0.000139723
0.000257213
0.000257213
0.000183626
0.000183626
0.000221629
0.000221629
0.000214982
0.000214982
0.000156662
0.000156662
0.000229362
0.000229362
0.000113713
0.000113713
0.000120533
0.000120533
0.00014275
0.00014275
0.00014789
0.00014789
0.000252413
0.000252413
0.000133816
0.000133816
0.000218691
0.000218691
0.000234845
0.000234845
0.000151845
0.000151845
0.000224989
0.000224989
0.000223133
0.000223133
0.000212807
0.000212807
0.000173983
0.000173983
0.000232138
0.000232138
0.000160195
0.000160195
0.000194209
0.000194209
0.000167663
0.000167663
0.000231728
0.000231728
0.000237271
0.000237271
0.000200248
0.000200248
0.000224599
0.000224599
0.000142325
0.000142325
0.000139167
0.000139167
0.000241145
0.000241145
0.00019659
0.00019659
0.00021534
0.00021534
0.000218252
0.000218252
0.000179971
0.000179971
0.000234265
0.000234265
0.000221885
0.000221885
0.000228726
0.000228726
0.000159961
0.000159961
0.000243076
0.000243076
0.000252971
0.000252971
0.000219058
0.000219058
0.000135094
0.000135094
0.000156342
0.000156342
0.000198995
0.000198995
0.000227005
0.000227005
0.000246696
0.000246696
0.000114205
0.000114205
0.000135593
0.000135593
0.000233454
0.000233454
0.000239426
0.000239426
0.00021711
0.00021711
0.000233599
0.000233599
0.00014408
0.00014408
0.000175145
0.000175145
0.000237139
0.000237139
0.000245958
0.000245958
0.000211168
0.000211168
0.000166643
0.000166643
0.000244144
0.000244144
0.000141773
0.000141773
0.000213108
0.000213108
0.000215073
0.000215073
0.00023491
0.00023491
0.000230506
0.000230506
0.000244873
0.000244873
0.000233925
0.000233925
0.00023701
0.00023701
0.000234659
0.000234659
0.00023979
0.00023979
0.000236984
0.000236984
0.000228249
0.000228249
0.000211173
0.000211173
0.000229021
0.000229021
0.000127882
0.000127882
0.000244501
0.000244501
0.0002273
0.0002273
0.000249173
0.000249173
0.000233329
0.000233329
0.000145533
0.000145533
4.94704e-05
4.94704e-05
0.000125246
0.000125246
0.000126025
0.000126025
0.000245353
0.000245353
0.000243277
0.000243277
0.000192338
0.000192338
0.000222913
0.000222913
0.000237536
0.000237536
5.45393e-05
5.45393e-05
0.000240134
0.000240134
0.000245331
0.000245331
2.20825e-05
2.20825e-05
0.000219894
0.000219894
0.000148799
0.000148799
0.000244009
0.000244009
0.00023826
0.00023826
0.000239302
0.000239302
0.000251482
0.000251482
0.000230138
0.000230138
0.000231833
0.000231833
0.000245619
0.000245619
1.37774e-05
1.37774e-05
1.37774e-05
1.56792e-05
1.56792e-05
1.56792e-05
0.000248152
0.000248152
0.000156108
0.000156108
0.000233656
0.000233656
0.000161103
0.000161103
0.000247576
0.000247576
0.00025004
0.00025004
0.000214833
0.000214833
2.6185e-05
2.6185e-05
2.6185e-05
0.000179296
0.000179296
0.000248958
0.000248958
0.00024842
0.00024842
0.00024482
0.00024482
4.95495e-05
4.95495e-05
0.000239172
0.000239172
0.000243571
0.000243571
2.35145e-05
2.35145e-05
0.000202998
0.000202998
0.000199191
0.000199191
0.000248986
0.000248986
5.01448e-05
5.01448e-05
0.00020574
0.00020574
0.000245153
0.000245153
0.000249634
0.000249634
3.80989e-05
3.80989e-05
0.000233403
0.000233403
0.00024467
0.00024467
0.000196172
0.000196172
0.000246405
0.000246405
0.000230178
0.000230178
0.000211413
0.000211413
0.000234824
0.000234824
0.000231447
0.000231447
0.000198514
0.000198514
3.3253e-05
3.3253e-05
0.000197114
0.000197114
0.00023668
0.00023668
0.000249965
0.000249965
0.000244454
0.000244454
0.000224573
0.000224573
0.000250039
0.000250039
0.000112243
0.000112243
0.000207036
0.000207036
0.000196022
0.000196022
0.000253021
0.000253021
0.000237366
0.000237366
0.000216576
0.000216576
0.000229965
0.000229965
0.000225913
0.000225913
0.00024412
0.00024412
0.000223229
0.000223229
0.000252233
0.000252233
2.66474e-05
2.66474e-05
2.66474e-05
0.000254442
0.000254442
0.000233403
0.000233403
0.000244538
0.000244538
0.000236524
0.000236524
3.53168e-05
3.53168e-05
0.000213853
0.000213853
0.00024863
0.00024863
0.000219831
0.000219831
0.000208911
0.000208911
0.000250422
0.000250422
0.000219979
0.000219979
0.000179285
0.000179285
0.00016956
0.00016956
1.43179e-05
1.43179e-05
1.43179e-05
5.1164e-05
5.1164e-05
0.000245267
0.000245267
0.000249562
0.000249562
0.000252559
0.000252559
0.000253415
0.000253415
0.000227436
0.000227436
0.00024329
0.00024329
0.000231481
0.000231481
0.000219944
0.000219944
0.000221563
0.000221563
0.000243828
0.000243828
0.00021939
0.00021939
0.000249884
0.000249884
0.000245596
0.000245596
0.000219891
0.000219891
0.000254803
0.000254803
0.000246934
0.000246934
0.000235825
0.000235825
0.000253214
0.000253214
0.000239978
0.000239978
3.19651e-05
3.19651e-05
0.000212797
0.000212797
0.000245275
0.000245275
3.32931e-05
3.32931e-05
0.000254391
0.000254391
1.66314e-05
1.66314e-05
1.66314e-05
0.000233585
0.000233585
0.000220213
0.000220213
0.000251308
0.000251308
2.71475e-05
2.71475e-05
2.71475e-05
0.00024867
0.00024867
0.000250212
0.000250212
0.00025051
0.00025051
0.000185727
0.000185727
3.0389e-05
3.0389e-05
0.000163352
0.000163352
0.000223441
0.000223441
0.00023741
0.00023741
0.000224773
0.000224773
0.000232566
0.000232566
0.00021409
0.00021409
4.53679e-05
4.53679e-05
0.000253465
0.000253465
0.000248754
0.000248754
0.00023753
0.00023753
0.000221316
0.000221316
0.000254069
0.000254069
0.000250797
0.000250797
0.000245044
0.000245044
0.00023904
0.00023904
0.000249769
0.000249769
0.000252149
0.000252149
0.000211713
0.000211713
0.000228053
0.000228053
0.000258297
0.000258297
0.000215231
0.000215231
0.000136476
0.000136476
0.00022694
0.00022694
0.000218919
0.000218919
3.28392e-05
3.28392e-05
0.000240216
0.000240216
0.000212009
0.000212009
0.000196957
0.000196957
0.000254243
0.000254243
0.000247279
0.000247279
0.000242643
0.000242643
0.000246898
0.000246898
0.00025453
0.00025453
0.000249173
0.000249173
0.000244922
0.000244922
3.92398e-05
3.92398e-05
2.02743e-05
2.02743e-05
2.02743e-05
0.00021291
0.00021291
0.000252914
0.000252914
0.000141759
0.000141759
0.000219378
0.000219378
0.000247338
0.000247338
4.67539e-05
4.67539e-05
0.000251629
0.000251629
0.000250888
0.000250888
0.000252068
0.000252068
0.00020437
0.00020437
0.000253238
0.000253238
0.000221393
0.000221393
0.000121009
0.000121009
0.000206624
0.000206624
0.000222275
0.000222275
0.00018215
0.00018215
0.000223266
0.000223266
0.000221168
0.000221168
2.84571e-05
2.84571e-05
2.84571e-05
0.000251189
0.000251189
0.000249369
0.000249369
0.000243481
0.000243481
0.000252131
0.000252131
0.000255966
0.000255966
0.000141141
0.000141141
0.000248744
0.000248744
0.000251187
0.000251187
0.000223681
0.000223681
0.000168158
0.000168158
0.000211119
0.000211119
0.000252889
0.000252889
0.000255141
0.000255141
0.000241167
0.000241167
0.000148952
0.000148952
0.000250233
0.000250233
0.000251531
0.000251531
0.000245084
0.000245084
0.000252601
0.000252601
0.0002101
0.0002101
0.000241783
0.000241783
0.000250984
0.000250984
0.000204276
0.000204276
0.000255963
0.000255963
0.000238615
0.000238615
0.000253458
0.000253458
0.000254959
0.000254959
0.00023968
0.00023968
0.000243336
0.000243336
0.000245753
0.000245753
0.000247242
0.000247242
0.000255533
0.000255533
0.000252045
0.000252045
0.000217552
0.000217552
0.000252453
0.000252453
0.000247385
0.000247385
0.000226557
0.000226557
0.000251978
0.000251978
0.000230603
0.000230603
0.000236289
0.000236289
0.000202674
0.000202674
0.000257783
0.000257783
0.000189358
0.000189358
0.000220597
0.000220597
0.000244782
0.000244782
2.93169e-05
2.93169e-05
0.000237713
0.000237713
0.00022526
0.00022526
0.000256516
0.000256516
0.000257059
0.000257059
2.76898e-05
2.76898e-05
4.50296e-05
4.50296e-05
0.000232242
0.000232242
0.000161559
0.000161559
0.000230766
0.000230766
0.000113967
0.000113967
0.000250914
0.000250914
0.000250955
0.000250955
0.000174489
0.000174489
0.000250324
0.000250324
0.000220837
0.000220837
0.000248955
0.000248955
0.000247501
0.000247501
0.000257537
0.000257537
0.000220136
0.000220136
0.000258328
0.000258328
0.000231018
0.000231018
0.000251505
0.000251505
0.000247077
0.000247077
0.00023992
0.00023992
0.000252979
0.000252979
0.000255508
0.000255508
0.000248701
0.000248701
0.000215369
0.000215369
2.7808e-05
2.7808e-05
0.000220664
0.000220664
0.000220366
0.000220366
0.000236477
0.000236477
0.000236794
0.000236794
0.000244729
0.000244729
0.000227316
0.000227316
0.000254027
0.000254027
0.000253806
0.000253806
0.000245504
0.000245504
0.000222038
0.000222038
0.00021491
0.00021491
0.000247534
0.000247534
0.00022619
0.00022619
0.000220019
0.000220019
4.06711e-05
4.06711e-05
0.000257037
0.000257037
0.000255142
0.000255142
0.000247323
0.000247323
0.000232945
0.000232945
1.22996e-05
1.22996e-05
1.22996e-05
0.000253562
0.000253562
0.000246342
0.000246342
0.000224862
0.000224862
0.000248085
0.000248085
0.000161868
0.000161868
0.000220343
0.000220343
0.000192713
0.000192713
0.00022238
0.00022238
1.28464e-05
1.28464e-05
1.28464e-05
0.00024774
0.00024774
0.000244407
0.000244407
0.000247304
0.000247304
0.000252718
0.000252718
0.000254275
0.000254275
0.000224366
0.000224366
0.000257392
0.000257392
0.000250701
0.000250701
0.000219796
0.000219796
0.00025049
0.00025049
0.000243538
0.000243538
0.000240205
0.000240205
0.000220345
0.000220345
0.000204112
0.000204112
0.000240569
0.000240569
0.000220686
0.000220686
0.000228008
0.000228008
0.00024331
0.00024331
0.000171334
0.000171334
0.000256229
0.000256229
0.000246905
0.000246905
0.000241414
0.000241414
0.000206287
0.000206287
0.000258977
0.000258977
0.000212684
0.000212684
0.000247823
0.000247823
0.000238547
0.000238547
0.000243181
0.000243181
0.000255062
0.000255062
0.000251149
0.000251149
0.000211758
0.000211758
0.000245922
0.000245922
0.000128334
0.000128334
0.000225932
0.000225932
0.000233381
0.000233381
0.000246608
0.000246608
0.000236258
0.000236258
0.000254105
0.000254105
0.000164473
0.000164473
0.000236767
0.000236767
1.20143e-05
1.20143e-05
1.20143e-05
0.000212065
0.000212065
0.000216779
0.000216779
0.000255554
0.000255554
0.000247736
0.000247736
0.000223022
0.000223022
0.000259575
0.000259575
0.000253594
0.000253594
0.00022127
0.00022127
0.000250199
0.000250199
0.000255192
0.000255192
0.000243869
0.000243869
0.000226581
0.000226581
0.000255248
0.000255248
0.000244954
0.000244954
0.000233914
0.000233914
0.000227592
0.000227592
0.000154956
0.000154956
0.000252938
0.000252938
0.000225789
0.000225789
0.000247668
0.000247668
0.000247013
0.000247013
0.000249843
0.000249843
0.0002511
0.0002511
0.000224684
0.000224684
0.000244061
0.000244061
0.00025849
0.00025849
0.0002089
0.0002089
0.000243121
0.000243121
0.000228927
0.000228927
0.000231171
0.000231171
0.000202959
0.000202959
0.000249781
0.000249781
0.000240155
0.000240155
0.000248066
0.000248066
0.000211519
0.000211519
0.000249611
0.000249611
0.000247701
0.000247701
0.000244911
0.000244911
0.00025105
0.00025105
0.000235138
0.000235138
0.000211703
0.000211703
0.000247288
0.000247288
0.000243544
0.000243544
0.000244186
0.000244186
0.000134472
0.000134472
0.00024733
0.00024733
0.00025881
0.00025881
0.000244118
0.000244118
0.000246604
0.000246604
0.000240866
0.000240866
0.000241995
0.000241995
0.000248046
0.000248046
0.000214301
0.000214301
0.000203792
0.000203792
0.000245803
0.000245803
0.000249067
0.000249067
0.000246793
0.000246793
0.000218846
0.000218846
0.000173769
0.000173769
0.000247938
0.000247938
0.000220039
0.000220039
0.000249324
0.000249324
0.000260324
0.000260324
0.00024305
0.00024305
0.000224138
0.000224138
0.000239657
0.000239657
0.000247941
0.000247941
0.000253685
0.000253685
0.000247679
0.000247679
0.000247419
0.000247419
0.000219574
0.000219574
0.000255216
0.000255216
0.000250453
0.000250453
0.000247779
0.000247779
0.000256851
0.000256851
0.000223588
0.000223588
0.000235879
0.000235879
0.000242337
0.000242337
0.00025257
0.00025257
0.000253668
0.000253668
0.000209011
0.000209011
0.000188505
0.000188505
0.000223851
0.000223851
0.000248835
0.000248835
0.000255076
0.000255076
0.000249506
0.000249506
0.00026078
0.00026078
0.000197487
0.000197487
0.000196734
0.000196734
0.000246852
0.000246852
0.000249862
0.000249862
0.000232723
0.000232723
0.000165544
0.000165544
0.000215734
0.000215734
0.000259153
0.000259153
0.000201847
0.000201847
0.000164242
0.000164242
0.00022043
0.00022043
0.000240428
0.000240428
0.000247621
0.000247621
0.000205762
0.000205762
0.000190564
0.000190564
0.0002467
0.0002467
0.000231427
0.000231427
0.000222997
0.000222997
0.000247332
0.000247332
0.000248384
0.000248384
0.000259622
0.000259622
0.000232753
0.000232753
0.00020016
0.00020016
0.000194817
0.000194817
0.000147986
0.000147986
0.000176797
0.000176797
0.000205562
0.000205562
0.000216301
0.000216301
0.000257411
0.000257411
0.000223033
0.000223033
0.000247674
0.000247674
0.000248219
0.000248219
0.000211769
0.000211769
0.000233831
0.000233831
0.0002453
0.0002453
0.000207179
0.000207179
0.000260429
0.000260429
0.000239579
0.000239579
0.000243232
0.000243232
0.000246693
0.000246693
0.000247777
0.000247777
0.000211107
0.000211107
0.000247069
0.000247069
0.00019435
0.00019435
0.000183442
0.000183442
0.000242083
0.000242083
0.000228074
0.000228074
0.000220464
0.000220464
0.000246747
0.000246747
0.000250127
0.000250127
0.000247736
0.000247736
0.000138675
0.000138675
0.000173126
0.000173126
0.000245524
0.000245524
0.000205265
0.000205265
0.000236633
0.000236633
0.000199524
0.000199524
0.000213434
0.000213434
0.000259844
0.000259844
3.73442e-05
3.73442e-05
0.000148005
0.000148005
0.000161694
0.000161694
0.000241242
0.000241242
0.000246346
0.000246346
0.000238117
0.000238117
0.000246189
0.000246189
0.000255277
0.000255277
0.000173891
0.000173891
0.00022167
0.00022167
0.000248213
0.000248213
0.000190372
0.000190372
0.000261397
0.000261397
0.000248915
0.000248915
0.000252643
0.000252643
0.000227554
0.000227554
0.000223104
0.000223104
0.000205366
0.000205366
0.000213675
0.000213675
0.000248922
0.000248922
0.000196778
0.000196778
0.000244241
0.000244241
0.000250489
0.000250489
0.000246033
0.000246033
0.000252072
0.000252072
0.000212471
0.000212471
0.000141076
0.000141076
0.000191552
0.000191552
0.000239554
0.000239554
0.000235215
0.000235215
0.000248276
0.000248276
0.000215934
0.000215934
0.000249166
0.000249166
0.0002065
0.0002065
0.000196946
0.000196946
0.000246126
0.000246126
0.000248748
0.000248748
0.000201894
0.000201894
0.000247479
0.000247479
0.00023508
0.00023508
0.000238327
0.000238327
0.000237245
0.000237245
0.000261721
0.000261721
0.000175225
0.000175225
0.000243707
0.000243707
0.000168483
0.000168483
0.000248248
0.000248248
0.000238823
0.000238823
0.000245342
0.000245342
0.00024702
0.00024702
0.000261334
0.000261334
0.000246859
0.000246859
0.000246806
0.000246806
0.000248306
0.000248306
0.000217676
0.000217676
0.000246591
0.000246591
0.000246866
0.000246866
0.000248884
0.000248884
0.000258365
0.000258365
0.00024733
0.00024733
0.000237235
0.000237235
0.000250707
0.000250707
0.000199595
0.000199595
0.000247216
0.000247216
0.000255685
0.000255685
0.000224185
0.000224185
0.000239166
0.000239166
0.000216838
0.000216838
0.000227033
0.000227033
0.000175098
0.000175098
0.00020776
0.00020776
0.000236329
0.000236329
0.000246496
0.000246496
0.00019823
0.00019823
0.000213118
0.000213118
0.000246974
0.000246974
0.000260402
0.000260402
0.000262131
0.000262131
0.000258573
0.000258573
0.000229917
0.000229917
0.000140215
0.000140215
0.000246095
0.000246095
0.000248298
0.000248298
0.00023534
0.00023534
0.000248839
0.000248839
0.000248109
0.000248109
0.000164115
0.000164115
0.000198023
0.000198023
0.000241896
0.000241896
0.000243554
0.000243554
0.000245037
0.000245037
0.000245224
0.000245224
0.000214188
0.000214188
0.000248556
0.000248556
0.000245345
0.000245345
0.000161188
0.000161188
0.000238971
0.000238971
0.000194927
0.000194927
0.000195091
0.000195091
0.000244402
0.000244402
0.000246121
0.000246121
0.000243881
0.000243881
0.000254548
0.000254548
0.000221529
0.000221529
0.000203348
0.000203348
0.000214312
0.000214312
0.000260327
0.000260327
0.00024847
0.00024847
0.000231014
0.000231014
0.000236622
0.000236622
0.000248156
0.000248156
0.000180653
0.000180653
0.000151924
0.000151924
0.000248232
0.000248232
0.000248078
0.000248078
0.00024692
0.00024692
0.000238153
0.000238153
0.000262127
0.000262127
0.000260429
0.000260429
0.000172371
0.000172371
0.000247643
0.000247643
0.000163428
0.000163428
0.000234699
0.000234699
0.000246741
0.000246741
0.000247154
0.000247154
0.000255383
0.000255383
0.000231057
0.000231057
0.000130886
0.000130886
0.000210218
0.000210218
0.000245158
0.000245158
0.000227181
0.000227181
0.000200279
0.000200279
0.000247693
0.000247693
2.77095e-05
2.77095e-05
1.35976e-05
1.35976e-05
1.35976e-05
0.000146255
0.000146255
0.000203984
0.000203984
0.000235395
0.000235395
0.000246404
0.000246404
0.000204018
0.000204018
0.000197884
0.000197884
0.00025709
0.00025709
0.000244071
0.000244071
0.000212048
0.000212048
0.000244143
0.000244143
0.000245268
0.000245268
0.000243684
0.000243684
0.000234053
0.000234053
0.000161794
0.000161794
0.000245413
0.000245413
0.000228994
0.000228994
3.52093e-05
3.52093e-05
0.000220991
0.000220991
3.91376e-05
3.91376e-05
0.00026273
0.00026273
0.0002026
0.0002026
0.000262192
0.000262192
0.000234639
0.000234639
0.000246237
0.000246237
0.000245483
0.000245483
0.000248516
0.000248516
0.00018543
0.00018543
0.000189605
0.000189605
0.000249795
0.000249795
0.000197499
0.000197499
0.00015148
0.00015148
0.000162369
0.000162369
0.000244237
0.000244237
0.000196891
0.000196891
0.000244222
0.000244222
0.00024557
0.00024557
0.00023093
0.00023093
0.000252814
0.000252814
0.000205946
0.000205946
0.000246704
0.000246704
0.000261339
0.000261339
0.000195575
0.000195575
0.000247179
0.000247179
0.000246213
0.000246213
0.000243295
0.000243295
0.000192492
0.000192492
0.000246898
0.000246898
0.000185068
0.000185068
0.000238911
0.000238911
0.000263065
0.000263065
0.000246364
0.000246364
0.000200462
0.000200462
0.000247253
0.000247253
0.000217666
0.000217666
0.000217731
0.000217731
0.000247611
0.000247611
0.000226523
0.000226523
0.000251552
0.000251552
0.000195077
0.000195077
0.000247288
0.000247288
0.000248163
0.000248163
0.000239905
0.000239905
0.000202727
0.000202727
0.000204011
0.000204011
0.00025596
0.00025596
0.000242918
0.000242918
0.000246053
0.000246053
0.000258745
0.000258745
0.000229489
0.000229489
0.000237939
0.000237939
0.000169704
0.000169704
0.00024715
0.00024715
0.000251944
0.000251944
0.000151989
0.000151989
0.000210742
0.000210742
0.000228969
0.000228969
0.000198149
0.000198149
0.000220523
0.000220523
0.00024785
0.00024785
0.000183158
0.000183158
0.000245399
0.000245399
0.000245237
0.000245237
0.000262396
0.000262396
0.000196049
0.000196049
0.000234423
0.000234423
0.000205608
0.000205608
3.56853e-05
3.56853e-05
0.000258588
0.000258588
0.00020379
0.00020379
0.000241797
0.000241797
0.000173008
0.000173008
0.000248439
0.000248439
0.000250317
0.000250317
0.00021399
0.00021399
0.000248463
0.000248463
0.000245859
0.000245859
0.000179122
0.000179122
0.000242493
0.000242493
0.0002337
0.0002337
0.000260965
0.000260965
0.000242439
0.000242439
0.000244073
0.000244073
0.000206546
0.000206546
0.000247067
0.000247067
0.000222184
0.000222184
0.0002622
0.0002622
0.000242922
0.000242922
0.000255008
0.000255008
0.000242704
0.000242704
0.000213479
0.000213479
0.000240572
0.000240572
0.000230048
0.000230048
1.15749e-05
1.15749e-05
1.15749e-05
0.000219968
0.000219968
3.90252e-05
3.90252e-05
0.000247694
0.000247694
0.000242329
0.000242329
0.000117296
0.000117296
0.000255166
0.000255166
0.000247623
0.000247623
0.000258535
0.000258535
0.000242882
0.000242882
0.000255295
0.000255295
0.000248134
0.000248134
0.000242512
0.000242512
0.000199489
0.000199489
0.000216683
0.000216683
0.000246371
0.000246371
0.000246356
0.000246356
0.0002149
0.0002149
0.000263098
0.000263098
0.000162865
0.000162865
0.000198263
0.000198263
0.000240772
0.000240772
0.000246001
0.000246001
0.000245367
0.000245367
0.000193501
0.000193501
0.000226858
0.000226858
0.000244699
0.000244699
0.000170472
0.000170472
0.000233866
0.000233866
0.000193505
0.000193505
0.000208656
0.000208656
0.000228989
0.000228989
0.000253192
0.000253192
0.000199689
0.000199689
0.000246976
0.000246976
0.00026247
0.00026247
0.000191787
0.000191787
0.000219048
0.000219048
0.000201986
0.000201986
3.00824e-05
3.00824e-05
0.000247301
0.000247301
0.000193085
0.000193085
0.000261804
0.000261804
0.00024169
0.00024169
0.000191186
0.000191186
0.000242987
0.000242987
0.000250224
0.000250224
0.000243502
0.000243502
0.000220318
0.000220318
0.000240782
0.000240782
0.000240758
0.000240758
0.000260979
0.000260979
0.000222578
0.000222578
3.40794e-05
3.40794e-05
0.000244155
0.000244155
0.000238992
0.000238992
0.000238117
0.000238117
0.000233797
0.000233797
0.000244094
0.000244094
0.000227366
0.000227366
0.000247036
0.000247036
0.00020878
0.00020878
0.000191313
0.000191313
0.000262727
0.000262727
0.000153372
0.000153372
0.000245982
0.000245982
0.000254303
0.000254303
0.000239681
0.000239681
0.000180206
0.000180206
0.000247143
0.000247143
0.000238486
0.000238486
0.000246497
0.000246497
0.00019493
0.00019493
0.000232968
0.000232968
1.16377e-05
1.16377e-05
1.16377e-05
0.000160548
0.000160548
0.000242216
0.000242216
0.000186672
0.000186672
0.000245332
0.000245332
0.000262286
0.000262286
0.000201297
0.000201297
0.000193337
0.000193337
0.000246975
0.000246975
0.000256616
0.000256616
0.000165787
0.000165787
0.000228878
0.000228878
0.000210234
0.000210234
0.000220156
0.000220156
0.000218493
0.000218493
0.00024438
0.00024438
0.000246559
0.000246559
0.000261437
0.000261437
0.000242949
0.000242949
0.000243349
0.000243349
0.00025416
0.00025416
0.000243692
0.000243692
0.000185269
0.000185269
0.00023791
0.00023791
0.000256036
0.000256036
0.000246131
0.000246131
0.000240578
0.000240578
0.000204349
0.000204349
1.9066e-05
1.9066e-05
0.000227998
0.000227998
0.000164731
0.000164731
4.11494e-05
4.11494e-05
0.000244226
0.000244226
0.000258332
0.000258332
0.000242358
0.000242358
0.000194108
0.000194108
0.000245154
0.000245154
0.000211359
0.000211359
0.000249151
0.000249151
2.11283e-05
2.11283e-05
2.11283e-05
0.000252319
0.000252319
0.000238482
0.000238482
1.77243e-05
1.77243e-05
1.77243e-05
0.000202112
0.000202112
1.34363e-05
1.34363e-05
1.34363e-05
0.000204193
0.000204193
0.000239292
0.000239292
0.00016786
0.00016786
0.00022209
0.00022209
0.000254411
0.000254411
0.000250612
0.000250612
0.000170768
0.000170768
0.00024135
0.00024135
0.00024532
0.00024532
0.000253838
0.000253838
0.000246488
0.000246488
0.000176946
0.000176946
0.000206664
0.000206664
0.000261308
0.000261308
0.000195633
0.000195633
0.00024625
0.00024625
0.000245285
0.000245285
0.000193003
0.000193003
0.000240566
0.000240566
0.000245773
0.000245773
0.000238405
0.000238405
0.000227279
0.000227279
0.00024414
0.00024414
0.000245443
0.000245443
0.000226752
0.000226752
0.000260756
0.000260756
0.00024573
0.00024573
0.000238364
0.000238364
0.00025613
0.00025613
0.000150268
0.000150268
0.000181337
0.000181337
0.000254996
0.000254996
0.000253137
0.000253137
0.00023974
0.00023974
0.000220074
0.000220074
0.000259001
0.000259001
0.000251959
0.000251959
0.000198661
0.000198661
0.000217094
0.000217094
0.000236434
0.000236434
0.000236332
0.000236332
0.000210145
0.000210145
0.000245712
0.000245712
0.000189767
0.000189767
0.000211231
0.000211231
0.00023775
0.00023775
0.000252198
0.000252198
0.00019491
0.00019491
0.000245836
0.000245836
0.000222471
0.000222471
0.000233477
0.000233477
0.000154871
0.000154871
0.000256949
0.000256949
0.000192876
0.000192876
0.000240762
0.000240762
0.000242239
0.000242239
0.000232623
0.000232623
0.000227848
0.000227848
0.000240612
0.000240612
0.000244305
0.000244305
0.000253806
0.000253806
0.00024916
0.00024916
0.000238713
0.000238713
0.000242715
0.000242715
0.000238009
0.000238009
1.73297e-05
1.73297e-05
0.000201458
0.000201458
0.000207737
0.000207737
0.000239801
0.000239801
0.000257106
0.000257106
0.00023789
0.00023789
0.000222818
0.000222818
0.000193546
0.000193546
0.000171129
0.000171129
0.00021062
0.00021062
0.000226975
0.000226975
0.000236192
0.000236192
0.000160234
0.000160234
0.000166145
0.000166145
0.000253089
0.000253089
0.000250776
0.000250776
0.000205764
0.000205764
0.00025224
0.00025224
0.000215675
0.000215675
0.000244976
0.000244976
0.000244537
0.000244537
0.000236055
0.000236055
0.000239243
0.000239243
0.000245789
0.000245789
0.000220988
0.000220988
0.000245364
0.000245364
0.000245567
0.000245567
0.000238002
0.000238002
0.000256694
0.000256694
0.000241895
0.000241895
0.000198983
0.000198983
0.000239812
0.000239812
0.000241006
0.000241006
0.000251775
0.000251775
0.000245399
0.000245399
0.000242295
0.000242295
0.000235691
0.000235691
0.00025045
0.00025045
0.000242979
0.000242979
0.000237763
0.000237763
0.000251909
0.000251909
0.000181943
0.000181943
0.000208689
0.000208689
0.000203333
0.000203333
0.000244988
0.000244988
0.000230166
0.000230166
0.000219494
0.000219494
0.000177586
0.000177586
0.000242113
0.000242113
0.000184585
0.000184585
0.000248667
0.000248667
0.00024848
0.00024848
0.00024184
0.00024184
0.000236571
0.000236571
4.28026e-05
4.28026e-05
0.000234352
0.000234352
0.000248537
0.000248537
0.000244327
0.000244327
3.95819e-05
3.95819e-05
0.00023769
0.00023769
0.000246242
0.000246242
0.000126011
0.000126011
0.000195615
0.000195615
0.000216206
0.000216206
0.000207534
0.000207534
0.000238459
0.000238459
0.00024069
0.00024069
0.000236283
0.000236283
0.000244418
0.000244418
0.000232721
0.000232721
3.8893e-05
3.8893e-05
3.96728e-05
3.96728e-05
0.000247072
0.000247072
0.000235434
0.000235434
0.000245098
0.000245098
0.00024104
0.00024104
0.000234443
0.000234443
0.000192963
0.000192963
0.000249548
0.000249548
0.000244462
0.000244462
0.000212602
0.000212602
3.87847e-05
3.87847e-05
0.000243815
0.000243815
0.000174853
0.000174853
0.000222102
0.000222102
0.000242301
0.000242301
0.000233059
0.000233059
0.000245133
0.000245133
0.000194914
0.000194914
0.000232788
0.000232788
1.77803e-05
1.77803e-05
1.77803e-05
1.77468e-05
1.77468e-05
1.77468e-05
0.000251134
0.000251134
0.000198308
0.000198308
0.000236187
0.000236187
0.000233341
0.000233341
0.000249006
0.000249006
0.000233318
0.000233318
0.000241128
0.000241128
0.000195313
0.000195313
0.000236
0.000236
0.000232418
0.000232418
0.000227081
0.000227081
0.000229386
0.000229386
0.000234331
0.000234331
0.000246127
0.000246127
3.80114e-05
3.80114e-05
0.000203833
0.000203833
0.000232433
0.000232433
0.000232618
0.000232618
0.000242974
0.000242974
0.000243367
0.000243367
0.000247346
0.000247346
0.000223446
0.000223446
0.000226213
0.000226213
0.00021981
0.00021981
0.000172131
0.000172131
0.000239291
0.000239291
0.000234081
0.000234081
1.97787e-05
1.97787e-05
1.97787e-05
0.000166055
0.000166055
0.000230747
0.000230747
0.000249142
0.000249142
4.00254e-05
4.00254e-05
0.000229072
0.000229072
0.000241291
0.000241291
3.98609e-05
3.98609e-05
2.50411e-05
2.50411e-05
0.00023192
0.00023192
0.000218462
0.000218462
0.000241733
0.000241733
0.000230788
0.000230788
0.000242515
0.000242515
0.000237525
0.000237525
0.00020474
0.00020474
0.000231892
0.000231892
0.000169004
0.000169004
0.000235137
0.000235137
0.000238612
0.000238612
2.12419e-05
2.12419e-05
2.12419e-05
4.08272e-05
4.08272e-05
0.000231135
0.000231135
2.98898e-05
2.98898e-05
0.000183906
0.000183906
0.00023232
0.00023232
0.000207357
0.000207357
0.000247271
0.000247271
0.000238125
0.000238125
0.000220744
0.000220744
0.000211456
0.000211456
0.000189246
0.000189246
0.000249898
0.000249898
0.000230905
0.000230905
0.000231485
0.000231485
0.000142305
0.000142305
0.000222098
0.000222098
0.000230389
0.000230389
0.000230003
0.000230003
0.000230547
0.000230547
0.000237505
0.000237505
0.000213644
0.000213644
0.000232112
0.000232112
0.000244897
0.000244897
4.28799e-05
4.28799e-05
0.000240888
0.000240888
0.00024175
0.00024175
0.000236533
0.000236533
4.14852e-05
4.14852e-05
0.000236867
0.000236867
0.000242388
0.000242388
0.000136707
0.000136707
3.82904e-05
3.82904e-05
0.000227553
0.000227553
0.000155881
0.000155881
0.000226997
0.000226997
0.000237778
0.000237778
0.000193337
0.000193337
0.000229277
0.000229277
0.00024302
0.00024302
0.000228421
0.000228421
0.000235197
0.000235197
0.000229979
0.000229979
0.000236542
0.000236542
0.000223071
0.000223071
0.00016155
0.00016155
0.000203373
0.000203373
0.000225805
0.000225805
0.000235494
0.000235494
0.00024077
0.00024077
0.000195082
0.000195082
0.000235634
0.000235634
0.000229628
0.000229628
0.000163813
0.000163813
0.000229235
0.000229235
0.000249235
0.000249235
0.000226699
0.000226699
1.08597e-05
1.08597e-05
1.08597e-05
1.0739e-05
1.0739e-05
1.0739e-05
0.000236436
0.000236436
0.000224252
0.000224252
0.000235681
0.000235681
0.000169268
0.000169268
0.000242042
0.000242042
0.000196784
0.000196784
0.000196755
0.000196755
0.000174238
0.000174238
4.19507e-05
4.19507e-05
0.000225647
0.000225647
0.000237973
0.000237973
0.000234599
0.000234599
0.000231984
0.000231984
0.000225224
0.000225224
0.000223501
0.000223501
0.000226885
0.000226885
0.000232624
0.000232624
0.000227431
0.000227431
0.00023988
0.00023988
0.000241123
0.000241123
0.000225848
0.000225848
0.00022702
0.00022702
0.000177377
0.000177377
0.000171597
0.000171597
0.000238517
0.000238517
0.000239905
0.000239905
0.000228138
0.000228138
0.000231094
0.000231094
1.80333e-05
1.80333e-05
1.80333e-05
0.00022917
0.00022917
0.000229779
0.000229779
0.000223712
0.000223712
0.000236481
0.000236481
0.000224954
0.000224954
3.79783e-05
3.79783e-05
0.000218826
0.000218826
0.000151955
0.000151955
4.61198e-05
4.61198e-05
0.000224787
0.000224787
0.00022533
0.00022533
0.000235609
0.000235609
2.11618e-05
2.11618e-05
2.11618e-05
0.000155219
0.000155219
0.000243772
0.000243772
0.000198718
0.000198718
0.000223813
0.000223813
0.000235244
0.000235244
0.000230367
0.000230367
0.00023285
0.00023285
0.000242139
0.000242139
0.000217544
0.000217544
0.000187884
0.000187884
0.000230022
0.000230022
0.000206461
0.000206461
0.000222069
0.000222069
0.000236822
0.000236822
0.000241654
0.000241654
0.000224409
0.000224409
0.000191079
0.000191079
0.000167881
0.000167881
0.000223862
0.000223862
0.00021636
0.00021636
4.40737e-05
4.40737e-05
0.000222881
0.000222881
4.21519e-05
4.21519e-05
0.00023619
0.00023619
0.000230716
0.000230716
0.000223806
0.000223806
0.000222558
0.000222558
0.000216183
0.000216183
0.000236271
0.000236271
0.000222321
0.000222321
0.000155956
0.000155956
0.000224161
0.000224161
0.000201171
0.000201171
0.000217871
0.000217871
0.000228389
0.000228389
0.00022799
0.00022799
0.000243151
0.000243151
1.47069e-05
1.47069e-05
1.47069e-05
0.000234905
0.000234905
0.000225285
0.000225285
0.000153605
0.000153605
0.00024116
0.00024116
0.000215381
0.000215381
0.00020357
0.00020357
0.000221379
0.000221379
1.42613e-05
1.42613e-05
1.42613e-05
0.000226988
0.000226988
0.000219391
0.000219391
0.00023436
0.00023436
1.42267e-05
1.42267e-05
1.42267e-05
0.000172552
0.000172552
0.000229738
0.000229738
0.000225039
0.000225039
0.000226285
0.000226285
0.000229088
0.000229088
0.000214655
0.000214655
0.000220703
0.000220703
3.68505e-05
3.68505e-05
0.000215179
0.000215179
0.000214941
0.000214941
0.000213156
0.000213156
0.00024135
0.00024135
0.000224863
0.000224863
1.49735e-05
1.49735e-05
1.49735e-05
0.000213787
0.000213787
0.000226156
0.000226156
0.000229041
0.000229041
0.000221466
0.000221466
0.000241176
0.000241176
0.000223237
0.000223237
0.000222742
0.000222742
0.000229627
0.000229627
0.000194533
0.000194533
0.000218247
0.000218247
0.00019588
0.00019588
0.000238617
0.000238617
1.40513e-05
1.40513e-05
1.40513e-05
1.49503e-05
1.49503e-05
1.49503e-05
0.000166245
0.000166245
0.000225664
0.000225664
0.000203675
0.000203675
2.09659e-05
2.09659e-05
2.09659e-05
0.000221119
0.000221119
0.000212509
0.000212509
3.9274e-05
3.9274e-05
0.000219101
0.000219101
0.00024545
0.00024545
0.00021664
0.00021664
0.000236653
0.000236653
3.48893e-05
3.48893e-05
1.53882e-05
1.53882e-05
1.53882e-05
0.00020192
0.00020192
0.000220701
0.000220701
4.2222e-05
4.2222e-05
1.10725e-05
1.10725e-05
1.10725e-05
1.23257e-05
1.23257e-05
1.23257e-05
0.000180061
0.000180061
0.000158685
0.000158685
0.000201087
0.000201087
0.00017603
0.00017603
0.000241685
0.000241685
0.000231716
0.000231716
0.000238987
0.000238987
0.000213815
0.000213815
0.000229513
0.000229513
0.000219162
0.000219162
1.67836e-05
1.67836e-05
1.67836e-05
0.000224332
0.000224332
1.47434e-05
1.47434e-05
1.47434e-05
1.53633e-05
1.53633e-05
1.53633e-05
0.000237194
0.000237194
0.000217951
0.000217951
0.000150747
0.000150747
1.58187e-05
1.58187e-05
1.58187e-05
0.000235976
0.000235976
0.000230211
0.000230211
0.000229324
0.000229324
5.85702e-05
5.85702e-05
0.00019303
0.00019303
6.00627e-05
6.00627e-05
0.000218744
0.000218744
4.49739e-05
4.49739e-05
0.000158664
0.000158664
0.000142558
0.000142558
6.00384e-05
6.00384e-05
0.000238074
0.000238074
3.806e-05
3.806e-05
0.000211744
0.000211744
0.0002277
0.0002277
3.37652e-05
3.37652e-05
6.53826e-05
6.53826e-05
0.000201703
0.000201703
6.31718e-05
6.31718e-05
0.0002168
0.0002168
2.77773e-05
2.77773e-05
6.30033e-05
6.30033e-05
0.0002443
0.0002443
0.000129866
0.000129866
0.000199631
0.000199631
0.000200697
0.000200697
2.57264e-05
2.57264e-05
2.57264e-05
1.61547e-05
1.61547e-05
1.61547e-05
6.25568e-05
6.25568e-05
0.000229108
0.000229108
0.000188739
0.000188739
0.000215867
0.000215867
0.000229862
0.000229862
0.000202031
0.000202031
0.000225438
0.000225438
0.00020453
0.00020453
0.000217555
0.000217555
0.000249914
0.000249914
0.000220609
0.000220609
5.75326e-05
5.75326e-05
0.00020325
0.00020325
0.000137782
0.000137782
0.000211736
0.000211736
0.000217567
0.000217567
0.000223757
0.000223757
0.000192413
0.000192413
0.000232298
0.000232298
2.20159e-05
2.20159e-05
2.20159e-05
0.000148942
0.000148942
6.23487e-05
6.23487e-05
0.000237199
0.000237199
0.000231021
0.000231021
0.000220902
0.000220902
0.000246126
0.000246126
0.000209977
0.000209977
0.000221542
0.000221542
0.000201419
0.000201419
0.000215577
0.000215577
1.63711e-05
1.63711e-05
1.63711e-05
0.000216025
0.000216025
0.000221539
0.000221539
0.000182641
0.000182641
4.55129e-05
4.55129e-05
0.000205721
0.000205721
0.000199593
0.000199593
0.000205592
0.000205592
0.000218869
0.000218869
0.000219048
0.000219048
5.70476e-05
5.70476e-05
0.000225947
0.000225947
0.00023846
0.00023846
5.41779e-05
5.41779e-05
0.000211547
0.000211547
0.000237877
0.000237877
4.11894e-05
4.11894e-05
0.000199422
0.000199422
0.000223986
0.000223986
0.000229887
0.000229887
6.23245e-05
6.23245e-05
0.000201452
0.000201452
0.000230532
0.000230532
0.000241015
0.000241015
5.34005e-05
5.34005e-05
0.000223769
0.000223769
0.000245989
0.000245989
0.000200366
0.000200366
0.000219991
0.000219991
1.24106e-05
1.24106e-05
1.24106e-05
0.00022651
0.00022651
0.000202863
0.000202863
0.000232915
0.000232915
0.000237484
0.000237484
0.000225793
0.000225793
0.000202427
0.000202427
0.000151136
0.000151136
0.000231828
0.000231828
0.000141986
0.000141986
0.00023642
0.00023642
0.000182629
0.000182629
0.000208542
0.000208542
1.81573e-05
1.81573e-05
1.81573e-05
4.55261e-05
4.55261e-05
4.62085e-05
4.62085e-05
1.64492e-05
1.64492e-05
1.64492e-05
0.000237859
0.000237859
3.74347e-05
3.74347e-05
0.000227408
0.000227408
0.000201385
0.000201385
0.000141602
0.000141602
4.5483e-05
4.5483e-05
2.27655e-05
2.27655e-05
2.27655e-05
0.000123539
0.000123539
0.000223644
0.000223644
0.000225063
0.000225063
0.000231797
0.000231797
0.00014932
0.00014932
0.000214888
0.000214888
0.000216461
0.000216461
5.25674e-05
5.25674e-05
0.00021737
0.00021737
0.000178312
0.000178312
0.000229798
0.000229798
0.000227728
0.000227728
0.000199399
0.000199399
0.00022697
0.00022697
0.000242507
0.000242507
0.000180355
0.000180355
0.000205397
0.000205397
6.24284e-05
6.24284e-05
0.00022566
0.00022566
0.000229646
0.000229646
0.000204928
0.000204928
0.000233802
0.000233802
0.00013794
0.00013794
3.03331e-05
3.03331e-05
3.03331e-05
0.000206165
0.000206165
3.3115e-05
3.3115e-05
3.09563e-05
3.09563e-05
3.09563e-05
0.000225448
0.000225448
3.14588e-05
3.14588e-05
3.14588e-05
0.00022981
0.00022981
0.000221544
0.000221544
3.21e-05
3.21e-05
3.21e-05
0.000213133
0.000213133
4.6993e-05
4.6993e-05
3.29162e-05
3.29162e-05
3.29162e-05
0.000232467
0.000232467
0.00020407
0.00020407
5.15251e-05
5.15251e-05
3.28171e-05
3.28171e-05
3.28171e-05
3.2767e-05
3.2767e-05
3.2767e-05
0.000237566
0.000237566
0.000251949
0.000251949
0.000232946
0.000232946
0.000219081
0.000219081
0.000245636
0.000245636
0.000230352
0.000230352
0.000202962
0.000202962
0.000167473
0.000167473
1.44074e-05
1.44074e-05
1.44074e-05
1.55785e-05
1.55785e-05
1.55785e-05
3.27525e-05
3.27525e-05
3.27525e-05
0.000242103
0.000242103
0.000206398
0.000206398
0.000229879
0.000229879
4.50524e-05
4.50524e-05
0.000229953
0.000229953
3.60219e-05
3.60219e-05
4.52976e-05
4.52976e-05
0.00023171
0.00023171
0.000239523
0.000239523
4.51775e-05
4.51775e-05
5.03527e-05
5.03527e-05
0.000187408
0.000187408
0.000134099
0.000134099
3.2771e-05
3.2771e-05
3.2771e-05
4.49117e-05
4.49117e-05
0.000223323
0.000223323
2.33396e-05
2.33396e-05
2.33396e-05
0.000201026
0.000201026
0.000239067
0.000239067
0.000250867
0.000250867
0.000212946
0.000212946
0.000233899
0.000233899
2.97232e-05
2.97232e-05
2.97232e-05
2.89783e-05
2.89783e-05
2.89783e-05
0.000201274
0.000201274
0.000227124
0.000227124
2.84281e-05
2.84281e-05
2.84281e-05
0.000229085
0.000229085
6.26705e-05
6.26705e-05
0.000234965
0.000234965
0.00024603
0.00024603
1.7263e-05
1.7263e-05
1.7263e-05
1.90381e-05
1.90381e-05
1.90381e-05
1.92059e-05
1.92059e-05
1.92059e-05
4.83201e-05
4.83201e-05
0.000188309
0.000188309
0.000201929
0.000201929
0.000230663
0.000230663
0.000248096
0.000248096
0.00023579
0.00023579
0.000234868
0.000234868
0.000199401
0.000199401
0.000240392
0.000240392
0.000234828
0.000234828
0.000233432
0.000233432
2.79645e-05
2.79645e-05
2.79645e-05
0.000230691
0.000230691
0.000202437
0.000202437
0.000242868
0.000242868
4.84255e-05
4.84255e-05
0.000221974
0.000221974
3.28141e-05
3.28141e-05
3.28141e-05
0.000234169
0.000234169
0.000168411
0.000168411
1.55812e-05
1.55812e-05
1.55812e-05
3.2132e-05
3.2132e-05
0.000214418
0.000214418
0.000232816
0.000232816
0.000249971
0.000249971
0.000258279
0.000258279
1.9537e-05
1.9537e-05
1.9537e-05
0.000241122
0.000241122
1.61996e-05
1.61996e-05
1.61996e-05
4.5354e-05
4.5354e-05
4.1582e-05
4.1582e-05
0.000251982
0.000251982
0.000228028
0.000228028
0.000220318
0.000220318
0.00023873
0.00023873
0.000222864
0.000222864
0.000261761
0.000261761
4.4706e-05
4.4706e-05
0.000242463
0.000242463
1.56115e-05
1.56115e-05
1.56115e-05
1.616e-05
1.616e-05
1.616e-05
0.000202442
0.000202442
2.73603e-05
2.73603e-05
2.73603e-05
0.000220907
0.000220907
4.2648e-05
4.2648e-05
0.000239803
0.000239803
0.000229017
0.000229017
0.000246054
0.000246054
0.000218173
0.000218173
0.000230652
0.000230652
0.000205965
0.000205965
0.000129037
0.000129037
0.000230403
0.000230403
3.29143e-05
3.29143e-05
3.29143e-05
2.66321e-05
2.66321e-05
2.66321e-05
0.000237656
0.000237656
1.84117e-05
1.84117e-05
1.84117e-05
2.36815e-05
2.36815e-05
2.36815e-05
0.000223943
0.000223943
0.000260569
0.000260569
0.000252119
0.000252119
1.87995e-05
1.87995e-05
1.87995e-05
0.000238536
0.000238536
2.00869e-05
2.00869e-05
2.00869e-05
5.16417e-05
5.16417e-05
0.000226837
0.000226837
0.000229557
0.000229557
1.86798e-05
1.86798e-05
1.86798e-05
4.27689e-05
4.27689e-05
0.000240707
0.000240707
1.85503e-05
1.85503e-05
1.85503e-05
0.000234703
0.000234703
0.000262522
0.000262522
1.47791e-05
1.47791e-05
1.47791e-05
0.000248419
0.000248419
0.000202816
0.000202816
0.00025043
0.00025043
4.23624e-05
4.23624e-05
0.000247026
0.000247026
0.000225256
0.000225256
2.55427e-05
2.55427e-05
2.55427e-05
2.54509e-05
2.54509e-05
2.54509e-05
0.000223112
0.000223112
0.000126745
0.000126745
0.000211608
0.000211608
0.000218589
0.000218589
0.000209564
0.000209564
0.000218293
0.000218293
0.000262539
0.000262539
0.000235176
0.000235176
1.82359e-05
1.82359e-05
1.82359e-05
0.000210749
0.000210749
0.00021763
0.00021763
0.000238958
0.000238958
0.000218809
0.000218809
0.000241599
0.000241599
0.000196547
0.000196547
3.32732e-05
3.32732e-05
1.46813e-05
1.46813e-05
1.46813e-05
0.000261501
0.000261501
0.000225157
0.000225157
0.000199443
0.000199443
0.000177231
0.000177231
0.000232634
0.000232634
6.92522e-05
6.92522e-05
2.12207e-05
2.12207e-05
2.12207e-05
0.000213511
0.000213511
0.000204574
0.000204574
7.05525e-05
7.05525e-05
0.000218104
0.000218104
6.33331e-05
6.33331e-05
3.30949e-05
3.30949e-05
3.30949e-05
0.000262432
0.000262432
0.000250236
0.000250236
0.000240065
0.000240065
0.000248722
0.000248722
1.63991e-05
1.63991e-05
1.63991e-05
1.62831e-05
1.62831e-05
1.62831e-05
0.000246515
0.000246515
4.26466e-05
4.26466e-05
6.76704e-05
6.76704e-05
7.16764e-05
7.16764e-05
0.000260105
0.000260105
0.000178202
0.000178202
0.000247723
0.000247723
0.000208269
0.000208269
0.000248745
0.000248745
3.00391e-05
3.00391e-05
1.33472e-05
1.33472e-05
1.33472e-05
0.000215831
0.000215831
0.00026109
0.00026109
0.000203899
0.000203899
4.43697e-05
4.43697e-05
1.79909e-05
1.79909e-05
1.79909e-05
0.000212009
0.000212009
0.000212084
0.000212084
0.000226738
0.000226738
0.000204563
0.000204563
0.000247427
0.000247427
0.000194197
0.000194197
0.000212027
0.000212027
7.25601e-05
7.25601e-05
1.59366e-05
1.59366e-05
1.59366e-05
0.000247358
0.000247358
4.19634e-05
4.19634e-05
0.000247696
0.000247696
3.47295e-05
3.47295e-05
3.47295e-05
0.000191724
0.000191724
3.40467e-05
3.40467e-05
3.40467e-05
5.81722e-05
5.81722e-05
2.39275e-05
2.39275e-05
2.39275e-05
0.000202179
0.000202179
1.63646e-05
1.63646e-05
1.63646e-05
0.000207007
0.000207007
4.22061e-05
4.22061e-05
0.000247934
0.000247934
0.000201596
0.000201596
3.41208e-05
3.41208e-05
3.41208e-05
7.29834e-05
7.29834e-05
0.000252376
0.000252376
6.49304e-05
6.49304e-05
6.5406e-05
6.5406e-05
3.41835e-05
3.41835e-05
3.41835e-05
0.000201683
0.000201683
2.37218e-05
2.37218e-05
2.37218e-05
0.000197271
0.000197271
3.371e-05
3.371e-05
3.371e-05
0.00026139
0.00026139
0.000201245
0.000201245
0.000183693
0.000183693
1.52256e-05
1.52256e-05
1.52256e-05
1.6977e-05
1.6977e-05
1.6977e-05
4.37653e-05
4.37653e-05
4.26926e-05
4.26926e-05
6.47885e-05
6.47885e-05
4.14061e-05
4.14061e-05
3.28834e-05
3.28834e-05
3.28834e-05
3.48987e-05
3.48987e-05
3.48987e-05
0.000184936
0.000184936
0.00019184
0.00019184
0.000194672
0.000194672
0.000250055
0.000250055
1.38825e-05
1.38825e-05
1.38825e-05
3.50345e-05
3.50345e-05
3.50345e-05
7.30169e-05
7.30169e-05
0.000253976
0.000253976
0.000186063
0.000186063
0.000179208
0.000179208
0.000248857
0.000248857
0.000198901
0.000198901
0.000194414
0.000194414
0.00024765
0.00024765
1.08051e-05
1.08051e-05
1.08051e-05
3.70813e-05
3.70813e-05
0.00024608
0.00024608
1.62352e-05
1.62352e-05
1.62352e-05
3.43338e-05
3.43338e-05
8.51456e-06
8.51456e-06
8.51456e-06
3.11912e-05
3.11912e-05
0.000168582
0.000168582
0.00017669
0.00017669
1.20095e-05
1.20095e-05
1.20095e-05
2.38962e-05
2.38962e-05
3.92762e-06
3.92762e-06
3.92762e-06
3.92762e-06
9.95567e-06
9.95567e-06
9.95567e-06
9.95567e-06
2.89815e-05
2.89815e-05
1.39057e-05
1.39057e-05
1.39057e-05
3.45149e-05
3.45149e-05
3.45149e-05
7.07548e-05
7.07548e-05
2.82643e-05
2.82643e-05
2.82643e-05
7.02908e-05
7.02908e-05
3.4721e-05
3.4721e-05
3.4721e-05
3.39439e-05
3.39439e-05
3.39439e-05
7.09175e-05
7.09175e-05
3.50805e-05
3.50805e-05
3.50805e-05
3.35022e-05
3.35022e-05
3.35022e-05
6.63599e-05
6.63599e-05
3.86479e-05
3.86479e-05
1.20042e-05
1.20042e-05
1.20042e-05
1.76114e-05
1.76114e-05
1.76114e-05
9.87054e-06
9.87054e-06
9.87054e-06
3.64466e-05
3.64466e-05
1.42259e-05
1.42259e-05
1.42259e-05
4.09522e-05
4.09522e-05
7.04246e-06
7.04246e-06
7.04246e-06
3.51736e-05
3.51736e-05
3.51736e-05
3.65491e-05
3.65491e-05
3.65491e-05
7.23554e-05
7.23554e-05
3.61266e-05
3.61266e-05
3.61266e-05
3.56268e-05
3.56268e-05
3.56268e-05
7.1435e-05
7.1435e-05
1.59102e-05
1.59102e-05
1.59102e-05
0.00016728
0.00016728
0.00022653
0.00022653
0.000183094
0.000183094
0.000194562
0.000194562
0.000188984
0.000188984
4.52009e-05
4.52009e-05
2.36186e-05
2.36186e-05
2.36186e-05
0.000166852
0.000166852
0.000145374
0.000145374
0.000160296
0.000160296
2.3606e-05
2.3606e-05
2.3606e-05
0.000173058
0.000173058
0.000252404
0.000252404
0.000172252
0.000172252
0.000174088
0.000174088
4.52376e-05
4.52376e-05
2.94409e-05
2.94409e-05
0.00023052
0.00023052
0.000164808
0.000164808
1.6215e-05
1.6215e-05
1.6215e-05
2.32609e-05
2.32609e-05
2.32609e-05
1.65839e-05
1.65839e-05
1.65839e-05
0.000254314
0.000254314
0.000114157
0.000114157
0.000168609
0.000168609
0.000247145
0.000247145
1.74831e-05
1.74831e-05
1.74831e-05
0.000125424
0.000125424
0.000235242
0.000235242
0.000169005
0.000169005
1.77953e-05
1.77953e-05
1.77953e-05
1.85873e-05
1.85873e-05
1.85873e-05
1.60269e-05
1.60269e-05
1.60269e-05
1.38783e-05
1.38783e-05
1.38783e-05
1.88621e-05
1.88621e-05
1.88621e-05
1.36264e-05
1.36264e-05
1.36264e-05
1.49876e-05
1.49876e-05
1.49876e-05
1.43931e-05
1.43931e-05
1.43931e-05
0.000163388
0.000163388
3.73582e-05
3.73582e-05
0.000160351
0.000160351
1.08426e-05
1.08426e-05
1.08426e-05
8.89843e-06
8.89843e-06
8.89843e-06
1.00029e-05
1.00029e-05
1.00029e-05
3.71766e-05
3.71766e-05
0.000236368
0.000236368
0.000254173
0.000254173
1.20713e-05
1.20713e-05
1.20713e-05
8.87621e-06
8.87621e-06
8.87621e-06
9.48495e-06
9.48495e-06
9.48495e-06
0.000164093
0.000164093
0.000167518
0.000167518
2.82455e-05
2.82455e-05
0.000141883
0.000141883
0.000230786
0.000230786
0.000124169
0.000124169
0.000113095
0.000113095
2.9768e-05
2.9768e-05
1.31387e-05
1.31387e-05
1.31387e-05
4.00856e-05
4.00856e-05
2.71906e-05
2.71906e-05
4.17395e-05
4.17395e-05
2.90251e-05
2.90251e-05
2.74407e-05
2.74407e-05
2.78968e-05
2.78968e-05
9.64621e-06
9.64621e-06
9.64621e-06
9.66292e-06
9.66292e-06
9.66292e-06
0.000160963
0.000160963
0.000238561
0.000238561
0.000110609
0.000110609
0.000234308
0.000234308
1.67197e-05
1.67197e-05
2.34492e-05
2.34492e-05
2.40165e-05
2.40165e-05
0.000109533
0.000109533
0.00012125
0.00012125
2.45036e-05
2.45036e-05
0.00023917
0.00023917
0.000111013
0.000111013
0.000126695
0.000126695
0.000160421
0.000160421
1.03718e-05
1.03718e-05
1.03718e-05
0.000119084
0.000119084
0.000116937
0.000116937
0.000111993
0.000111993
2.59459e-05
2.59459e-05
0.000235106
0.000235106
0.000116639
0.000116639
0.000236417
0.000236417
1.91545e-05
1.91545e-05
1.91545e-05
0.00011688
0.00011688
0.000227846
0.000227846
0.000112204
0.000112204
2.04812e-05
2.04812e-05
1.3345e-05
1.3345e-05
1.3345e-05
0.000134358
0.000134358
0.000236936
0.000236936
0.000251027
0.000251027
0.000113087
0.000113087
0.00010848
0.00010848
1.13692e-05
1.13692e-05
1.13692e-05
0.000238535
0.000238535
0.000247262
0.000247262
0.000114257
0.000114257
0.000221987
0.000221987
0.00022581
0.00022581
2.70217e-05
2.70217e-05
0.000235192
0.000235192
0.000223418
0.000223418
0.000136298
0.000136298
0.00024791
0.00024791
0.000138052
0.000138052
0.00012394
0.00012394
0.000121989
0.000121989
8.70025e-06
8.70025e-06
8.70025e-06
0.000241187
0.000241187
2.40648e-05
2.40648e-05
1.18017e-05
1.18017e-05
1.18017e-05
0.000238653
0.000238653
)
;
    }
}


// ************************************************************************* //
