/*--------------------------------*- C++ -*----------------------------------*\
  =========                 |
  \\      /  F ield         | OpenFOAM: The Open Source CFD Toolbox
   \\    /   O peration     | Website:  https://openfoam.org
    \\  /    A nd           | Version:  8
     \\/     M anipulation  |
\*---------------------------------------------------------------------------*/
FoamFile
{
    version     2.0;
    format      ascii;
    class       volScalarField;
    location    "0.65";
    object      p;
}
// * * * * * * * * * * * * * * * * * * * * * * * * * * * * * * * * * * * * * //

dimensions      [1 -1 -2 0 0 0 0];

internalField   nonuniform List<scalar> 
1924
(
0
-4.70666
-5.1501
-4.95999
-4.79494
-5.19397
-5.05336
-5.34471
-5.4174
-4.94014
-6.47774
-6.98638
14.5911
-8.36584
-10.1926
-10.5039
-1.60409
-8.31932
29.0254
-8.61202
115.354
-10.3041
-0.539604
-8.48566
-10.3916
-11.1659
-10.8683
-4.62425
-5.27521
-4.30785
-2.17303
-10.5698
-4.23336
-1.0804
-4.81217
-1.76889
-10.5166
-5.15387
-4.54879
-3.10954
-10.6848
64.9954
-11.011
-0.636896
-4.76452
-6.24337
2.83036
-4.78164
336.333
201.577
217.356
24.563
-10.263
260.752
-7.99476
-4.84883
30.4203
-4.89428
-4.72484
-14.632
2.87294
-10.7065
29.7678
-4.63806
256.883
-4.72231
-11.9239
-5.21506
-5.79929
159.537
9.90111
-10.9675
-5.14046
-4.33592
-4.49163
-7.43522
-4.69429
-4.58428
-4.68874
75.1761
-6.0019
-10.8289
-4.33206
59.8129
-1.76174
-6.68056
-4.71144
-10.0978
283.305
18.6757
-11.5055
-11.3535
-7.51037
-8.27774
11.6222
253.135
-4.7082
-6.01934
-13.5886
-5.12241
-5.81001
20.584
-12.2596
-11.8812
-8.41146
-4.9535
-6.65446
-8.66504
-16.2561
-7.31258
-4.80626
-6.33033
-4.85298
-4.5198
-4.65245
83.4429
-5.63827
-10.1077
-9.9216
-4.72562
43.7354
748.492
170.544
53.7752
-11.5341
-8.79513
-8.45136
-4.71521
-7.14482
691.204
-4.81885
-6.49599
-8.29486
-4.39868
11.5727
-8.27878
-5.57221
-6.14447
-8.66559
-4.76705
-4.79276
-11.1563
18.3361
-2.07844
-6.02017
537.463
-8.80916
-0.996834
-16.4597
-10.2814
-4.34301
840.472
-7.28025
-7.15986
-5.85259
-9.05795
774.241
-5.43066
-4.90541
-4.17378
-4.43934
-7.43848
-6.86141
734.257
-4.00994
-8.5035
-9.14645
831.888
-4.75126
-7.55734
-4.89167
-6.43969
-5.07565
-14.1122
-4.7888
-9.58397
-4.331
12.1449
-0.533704
-7.79533
-9.73421
-9.71871
-4.58223
-9.44683
433.48
-4.32224
-8.85069
-9.96174
-4.82198
-4.46822
-9.11512
-6.35748
-4.9879
-7.76233
-9.7987
823.097
-10.2946
-9.59916
-9.59764
-9.63326
1.59304
-4.47566
-8.52571
-7.50785
-4.71832
-9.83602
-8.76357
-7.1537
-4.86089
-7.36496
712.272
-7.44771
-9.21434
-9.96551
-10.0072
-4.81148
-17.342
-9.31475
-8.7895
-4.8186
-9.2776
-4.36309
-8.94287
-9.43714
-7.85448
-10.2623
-5.10555
-5.37002
-10.6811
-9.60602
-6.89888
-13.8624
-9.67875
-5.21682
-10.4061
-6.17177
-8.66017
-9.28097
-9.21442
798.427
-9.4922
-9.86261
-8.26355
-8.62263
-1.70472
-3.92789
-8.70544
-4.76713
-4.64506
-5.26275
-3.41691
716.416
-10.7247
-7.91103
-4.90901
-9.36532
-11.6958
-9.95449
-9.46406
-9.52079
-9.54235
-9.79673
-15.6608
-4.74637
-10.6461
-4.62506
117.585
-5.08574
-8.09621
26.6715
-9.46775
-4.19946
-5.42573
-10.142
-14.2855
-6.16178
-8.92525
-10.3857
-7.86077
-9.73174
43.923
826.542
-11.6194
-10.8217
99.1236
-4.49124
-5.26991
710.771
-9.65606
-9.95599
-10.2002
-4.55536
-10.4149
-8.41601
151.889
-3.92459
-9.80572
-7.70508
-4.99608
-8.95782
781.326
-8.69798
-7.73514
-18.3069
-9.18259
-10.3624
109.546
-7.54931
-10.0881
-4.55538
-4.82361
-9.17738
-10.8321
-10.4168
-5.02992
61.45
-9.7276
-9.59533
-10.8643
-9.95032
-4.4887
-9.54203
-8.57306
-4.13451
-10.5743
-5.74066
-10.0319
-10.2495
-4.81714
-5.61472
-9.76696
-12.5579
-10.4631
-9.10979
-4.82255
-10.4235
-14.4618
-10.854
-10.732
-9.61059
-5.6131
-4.3196
-10.5978
-8.81464
-9.45356
-10.6417
-4.82746
-11.6447
-7.98775
-10.4761
-11.6236
1.28039
-3.55594
-7.64006
-3.0325
-5.38547
617.189
-9.88126
-10.145
252.088
-10.5113
-8.65298
-7.45237
-13.9622
-11.2234
-9.56431
-10.7805
-9.5268
-10.7953
-10.9743
-7.40141
-10.0287
-10.3488
-9.26346
-13.2366
57.1165
-9.02744
-9.82778
-10.7895
-11.3285
-10.8013
-5.28329
-10.1102
-10.4993
-9.7462
-7.06677
-4.70011
-13.5244
-12.5719
-10.4097
-3.88092
-10.7386
-10.2575
-12.6833
-10.5766
-1.05636
-12.4029
-10.6869
-5.98906
-10.4105
457.104
-5.10395
-8.88842
-8.23707
922.301
-14.8481
-6.6328
-12.382
-10.2874
-11.841
-10.847
-10.5754
-9.85989
-10.1305
-10.6917
-19.9377
-6.11494
-8.07662
-9.10285
-4.75475
-7.56227
-9.82836
-6.4102
-6.04061
-11.7359
-7.18452
-5.16166
-4.99306
-11.3736
-16.1051
-14.4748
-5.97623
-16.5074
-10.3234
-10.7084
-15.2224
-7.19356
219.786
-10.0523
-11.7388
-9.87116
-13.906
-10.4493
-3.09238
-11.5838
2.23882
-11.4381
-5.01148
-10.2933
-13.8064
-9.45016
-11.3688
-10.6323
-6.7357
-13.863
-10.4
-6.94776
-9.00657
-10.0568
-10.5363
-5.72041
-12.1057
51.6221
-9.99029
-9.22293
-13.3639
-12.5953
-10.767
-9.94357
-4.59202
-12.263
-10.9039
-4.72218
-6.78165
-9.65104
-5.6065
-5.29518
-10.111
-11.2131
-10.0911
-12.8563
-10.5014
-15.9218
-12.2415
-12.499
-12.1795
-16.5534
-9.06464
-17.0405
-5.3472
157.151
-17.2011
-10.5063
-4.81246
-7.29456
-6.44462
-10.6692
-14.9908
-15.826
-4.0251
-7.16847
-9.18372
-9.99252
-12.0236
-6.65815
-21.0952
-8.1651
-15.2681
-12.0742
-7.04432
-5.40461
-6.30757
-14.5786
-10.5958
-13.6979
-13.2732
-13.5615
-10.4485
-10.2429
-10.2271
-9.84907
-8.59025
-6.05261
-6.94745
-10.6271
-10.5274
-4.90953
2.60643
-14.3672
-10.8309
-9.25598
-10.1033
-11.6106
-5.54933
-9.23616
-12.3866
-10.6186
-10.1525
7.18847
-13.2298
-13.8993
-3.92926
60.1499
-5.30353
-6.75729
-17.9287
-4.64577
-4.24719
-11.4097
-6.76717
-17.849
-16.513
-9.69123
-10.7117
-17.4728
-7.10165
1.82314
170.527
-3.56118
-5.11487
-14.1201
-9.3316
-8.43351
-16.037
-10.0876
-8.0638
-5.93218
-4.80256
-4.85749
-13.475
-6.61545
-17.7996
-17.1101
-15.0884
-5.15351
-13.556
0.710382
-6.91718
-7.17531
-9.62367
-15.7069
-10.3908
-10.1658
-14.5853
253.741
26.4279
-7.39793
-3.02288
-6.35936
-4.45469
-16.8487
-10.1632
79.5961
202.781
133.729
-7.08053
-13.0461
-5.13108
-11.9534
-8.98949
259.177
-7.69273
-11.0036
-4.62864
-12.1031
-10.2719
-10.6268
-5.71522
-8.72701
-1.50606
-15.6357
-9.05373
-2.28647
-5.47541
-15.251
-11.0933
-10.6243
-9.05952
262.046
-3.50229
-6.94876
-6.24151
-4.91731
-16.2857
-10.5901
-4.80004
1.48859
-10.527
-10.8215
-6.92144
-9.94434
-19.1935
-5.31855
-8.38585
-11.4366
256.295
-18.8059
-1.58852
-19.0756
-6.83451
-17.7438
-16.7534
-14.0985
-18.5141
-22.9913
-8.64786
-16.7095
-8.77162
-19.0604
-10.1199
-9.18321
-16.1929
-5.12161
-10.6621
2.9489
-15.0204
-8.64365
-5.61066
-18.5353
-8.91444
-9.73043
16.5979
-5.07836
-6.64054
-14.4237
-5.03581
-17.0315
-10.0809
-10.2345
-13.2393
-15.9481
-6.02037
173.865
-5.75711
-8.80572
-6.52437
-10.3634
-9.4723
144.65
0.0215779
-7.3268
-7.42361
-11.1717
-12.0732
-17.1446
-10.7459
-13.2405
165.29
-7.14272
5.51687
-4.03738
-11.1726
-5.14866
-19.831
-8.55538
-7.95768
-2.56757
-5.43298
-15.2202
-16.9179
-6.30814
-7.33358
-20.3873
-6.2346
302.517
-20.4058
-18.7372
-19.3195
-7.04141
-11.7147
-9.55407
74.7293
-18.1802
228.662
-18.9146
-11.1733
-16.8389
-8.20326
-8.40756
147.714
-5.34471
-10.2058
-5.91254
3.71151
-9.58955
145.082
20.1024
446.521
-8.70493
-6.87158
-16.1582
-8.26174
-3.7257
-16.3908
-11.6176
-17.9001
-12.6786
-20.2631
-10.8424
-7.8389
256.466
-14.7493
-6.2018
270.085
-5.7345
-2.32845
-13.4609
2.41336
-11.0757
-6.76541
-17.3406
-24.4964
-10.3499
-5.66834
-4.75559
-10.6951
-4.74009
413.042
489.72
-10.3262
-4.79146
-14.0544
-8.6394
-6.57571
-17.0724
0.189065
-20.0038
-15.2328
7.94763
-21.4592
-9.77777
-20.9912
-4.18265
-19.0793
-6.97975
-7.37955
-12.678
-19.4638
4.18193
-20.456
-5.05297
-5.71913
-10.8013
-8.67552
-9.06897
-4.9574
-9.19035
-21.8517
-7.80044
-3.34269
-2.73576
-7.6473
-7.6167
-18.325
-16.3818
-6.47147
-7.27658
264.535
-21.8457
-7.88906
93.2708
-9.06404
-18.3033
-4.78045
-6.00377
-8.64056
-4.58416
-9.88237
-16.6924
-14.3499
-5.18824
-7.08846
-3.81988
280.627
-9.63671
5.27269
-10.4894
120.976
-17.6019
-9.93705
-5.66646
-10.8914
-8.31225
50.4283
-12.714
-6.99071
-15.6528
-11.5947
-15.8522
7.01346
-9.34702
-6.27765
-11.4115
-22.194
-16.9515
-21.264
-5.62465
-10.547
-6.81588
563.372
-6.42398
341.538
-23.2243
-19.7356
737.137
-7.25559
-23.4797
-16.4518
-9.97775
-6.6931
-10.5854
-14.2018
14.2057
-5.90567
-9.44619
-21.6743
-7.04284
-12.833
344.958
-5.45502
-11.1255
-8.41168
-20.9088
-4.79953
-4.39292
-19.1516
247.47
-18.9443
9.95438
2.00296
-6.71714
-8.51987
12.3209
-10.995
-14.1876
-4.7287
-6.17991
9.09606
317.685
-23.3738
-4.5453
-10.9081
-10.0766
-4.91797
-26.8571
-17.559
-18.1759
-7.71262
-13.4054
-12.0943
-15.2765
-6.53349
122.722
-8.42425
-7.64773
-7.53288
-7.3172
-9.56742
-3.69262
-8.99085
10.8009
-5.11562
-12.3531
609.202
-22.222
-16.941
-7.89885
90.0537
-24.8304
-8.0736
-24.2551
-4.74986
-7.21979
278.927
503.156
-16.1985
49.8207
-21.0463
-13.5874
-5.72454
-5.37658
-9.08421
-16.0045
340.563
-7.04217
9.1226
-6.43746
-11.1725
-10.4408
-25.3829
-14.7035
-9.63556
-18.966
-5.96872
-22.1012
-5.47432
-10.0408
-5.3224
-25.3386
-15.1833
-5.99702
279.885
-6.94796
261.266
703.934
-23.7795
-15.3795
-21.0608
33.6982
-9.20368
-1.72089
-17.8667
-3.26994
-8.36242
-10.9673
85.5074
-1.10209
94.3061
22.9302
-9.67293
2.94161
-6.77913
-11.7775
-9.75076
348.79
-18.8449
-8.32226
-16.4813
-25.6177
182.765
-6.2631
-12.7896
-5.63932
-24.5402
-8.75051
-4.47438
-28.9367
-27.0945
-11.9455
-8.90876
-9.27555
-27.4106
-4.77571
-13.762
-21.744
-13.3039
-15.8763
17.9826
-5.46201
-4.03936
-10.3848
-17.5981
-6.68241
-14.6407
-6.34821
-5.90718
-4.76586
-10.5147
-10.0264
17.6295
-20.323
112.91
-1.32337
-9.6948
-11.8359
-6.46097
-8.89807
-7.60571
-7.54463
60.0517
-14.7485
92.7557
-9.31703
-25.4094
-7.44569
-7.2646
-24.4395
-27.3023
-12.776
-17.3098
-7.86479
-8.37201
-7.75083
399.844
-6.17316
-6.51414
-22.2086
-13.5268
-15.234
-4.50485
-4.14912
3.65055
-2.32857
-7.17239
-11.314
673.963
523.544
-14.6288
-8.21199
-2.98471
-16.415
-4.29353
-8.97075
-9.93565
-12.4436
-9.34424
-25.9076
-7.00342
-29.0597
-28.3507
-20.7981
-14.69
-8.05955
34.1484
-14.5131
-5.68884
-9.25579
-24.5213
-8.15343
-14.0609
-1.14643
-29.848
-5.28212
-6.65648
-3.61541
31.3102
-6.42582
-8.62321
-19.8297
-6.91681
301.411
-9.04083
186.203
-13.5816
-14.8092
-29.7723
-17.991
813.885
-9.2863
-13.558
-17.7929
-4.80804
-26.251
-14.5488
175.292
52.2044
-1.25548
-6.76854
-28.1137
-9.07778
-32.0811
-15.8956
-9.52201
-4.99443
-4.67222
-14.9259
-24.8226
-8.70093
-5.47641
-16.4248
121.374
-2.45082
-14.4466
0.147467
-5.1621
-30.4376
226.074
-4.72699
-32.1794
-10.218
-29.4026
77.5771
-10.9495
302.318
387.84
-9.5639
36.8418
-13.1468
-7.74362
-16.1771
-26.0308
-32.4294
-7.77166
-9.04382
-7.64686
-7.47434
-9.02787
-21.8496
-13.8326
-5.41175
-6.68721
-9.25509
-12.0295
-8.8016
-13.6205
0.202657
-23.3517
-7.38408
-7.22417
490.9
-16.7423
-9.03001
430.016
622.342
-9.84835
-11.6122
-5.74253
-17.1304
-16.019
-4.52042
368.219
-19.9114
-7.13759
-8.8483
-9.42864
-8.46369
-7.90716
52.5179
-13.688
9.92003
-30.7711
-32.5372
670.851
-6.00203
-13.4913
160.497
276.7
-29.5764
-6.97302
-12.3117
-8.00852
5.23272
-5.60144
209.712
-9.87512
-9.78469
-26.9427
68.6388
-4.4961
-10.3615
-11.1867
-11.0653
-8.86266
5.55673
-35.7163
-2.85675
862.169
-9.31199
-35.1625
-32.6364
-6.26171
-27.9878
-34.554
20.8013
-4.10917
-8.88753
586.577
-29.9838
-15.6392
14.1149
-12.4564
-8.59177
-24.8282
3.43501
-16.3461
-15.1268
-23.4553
428.339
-6.88063
-8.96439
-19.6515
-8.24668
120.021
-8.86768
-9.43844
9.00222
-8.76879
-8.54892
-7.66025
277.848
195.496
-35.9474
-18.4796
-16.0305
18.997
-8.64805
97.4501
-15.7245
239.921
-6.50849
-7.57442
-10.7431
-36.0053
-7.80787
-8.81243
-8.79218
-8.7225
6.40498
-14.5178
5.64358
-8.16237
-9.36444
-20.7077
456.25
616.187
-8.6994
-10.0616
-33.172
-24.5203
-1.71629
-35.1294
-22.1035
-9.01652
-11.0132
-10.4225
-3.6668
-7.42384
166.529
717.778
-31.5897
-9.77726
-19.5739
889.921
229.826
-7.62402
89.4515
0.344398
-18.8349
4.4577
-7.89466
-38.3555
-7.34156
246.167
-13.0366
-7.20301
-32.0252
-8.72131
-37.076
8.29121
168.562
249.993
-11.5182
-8.44691
835.095
-9.30867
-6.76195
-39.5613
-8.68358
-27.1275
-27.9154
-8.54198
-12.4573
-9.72766
547.754
-18.0564
61.8524
-8.53779
-8.66486
-40.8863
-5.52459
-4.75792
-40.1418
-18.4824
607.644
-8.41056
-8.63978
-7.12848
-10.4482
-4.93409
8.55415
-8.53057
-4.99572
-5.11859
275.761
-13.1367
-7.73561
-4.59341
-15.4868
-8.41422
-24.1733
214.31
-8.43559
-8.77857
-8.39626
-6.54408
-40.2764
-4.60871
-8.27521
-7.81399
-9.11919
-13.5752
-8.47402
-9.63054
-39.7683
-40.5335
112.087
-7.60253
144.868
-8.55632
-5.52015
-5.65107
364.226
8.5216
-7.79514
929.421
-35.825
-8.40246
3.57347
-11.8404
-6.02469
-8.47774
-8.0326
263.203
-5.91374
-7.75843
-8.53502
-6.88188
306.424
208.108
450.304
431.993
-7.8541
586.458
-40.6149
-8.59864
-43.3298
-9.12876
-8.602
-34.1692
101.652
-47.0414
-4.30688
-4.40749
-8.59283
-8.5114
551.254
-6.1747
-44.1711
-21.928
-37.5896
6.42267
92.0536
3.91138
-17.9219
860.406
363.695
237.302
-80.4951
-8.25435
738.972
-8.51405
-29.1437
27.7657
9.81028
-7.37053
5.02471
-7.52517
310.28
-15.7486
-4.76836
165.113
-7.41816
-7.69044
783.736
-6.42286
-18.0206
-46.1576
212.678
-14.7751
-45.2025
-8.06733
-24.2154
-8.34419
-26.2261
-10.1397
-45.3789
11.5346
-8.24149
178.471
-10.1792
-7.75633
-47.5732
190.849
-9.65131
900.733
614.887
-11.2983
-8.11232
-7.94069
-44.7703
-13.455
-9.01834
24.5693
-7.01396
-21.9664
-6.67488
-7.68545
-8.52142
555.681
-8.42824
-7.3941
-6.95971
-8.42444
-8.52137
-39.2515
24.337
-54.2125
-48.1802
-58.0867
-13.4816
-8.32683
-7.16655
-8.05678
-7.87332
-8.5419
-5.12921
-8.31259
-50.134
-47.0931
-38.241
-54.4168
-9.07964
-8.16498
-36.8628
-3.6428
-52.8972
-7.32237
-49.2634
-8.43097
-53.6237
-8.41407
419.798
-8.5204
549.486
-8.47784
429.028
-10.8679
804.463
-6.93771
-7.19679
-6.84685
-39.1611
741.115
-61.9916
-6.91498
613.288
926.9
938.458
252.286
-50.6775
-7.94428
-8.01751
357.52
-7.82554
-7.8906
-39.0833
-23.3039
663.778
-58.9517
-58.1248
-6.6828
-62.2668
-32.3553
578.914
-7.5688
-3.55061
-49.3083
-55.0475
-7.72218
-53.7957
428.693
7.22511
-8.47253
179.009
33.2175
-42.0704
-57.1015
-56.7252
-8.50059
-10.3688
-17.7611
-6.63772
42.0038
-66.4907
-7.85798
69.9361
-19.0076
-18.0475
-54.1974
-10.2761
-62.4336
-8.51884
-23.2186
-65.9633
-8.48177
32.0268
264.34
172.047
-18.5462
-54.0197
-7.94661
-51.292
-8.38871
-63.5397
742.354
-8.12835
-57.4412
-56.9367
-8.20444
992.513
304.937
366.092
-11.007
-8.50843
-36.8237
981.247
-7.79735
-68.4632
-62.1959
-7.95389
-54.7466
33.5773
65.1141
-7.15214
-49.514
-234.57
-8.48189
-12.633
-67.1422
-22.5881
804.739
-8.83996
-7.29253
-6.26934
303.986
-7.65743
-8.44656
-56.422
-51.123
-8.2106
-7.92629
-59.4598
-8.32483
-63.0085
238.128
-8.2369
-7.98526
-51.5425
2350.38
-7.9976
-5.73014
-8.37852
89.3228
58.2561
365.759
-8.01544
-59.0236
-61.7764
-51.6144
-6.75898
-51.8789
806.617
1123.72
-7.38453
-58.6707
-8.38097
-8.47334
-52.6902
-8.06291
-52.7838
-8.58856
-67.2694
-7.26481
-7.30911
-7.49924
202.51
-14.6796
-7.8291
-62.7322
-8.05928
-32.6246
-8.50545
-35.9311
-8.49942
615.667
-8.29728
-8.64169
549.729
-60.9547
-8.47716
1116.63
-8.32537
-54.4477
-50.0949
-7.28885
-51.0974
-6.33178
-6.47093
-8.42584
-8.1266
-8.2145
-7.95359
-51.9522
-8.28069
-8.14139
-49.4433
241.619
-55.6812
-8.52492
-54.2387
-7.69693
-62.4205
-8.23235
2409.53
1373.96
-8.37763
554.536
-10.5332
-8.28043
-8.08114
-8.1182
-46.0026
-42.1769
-8.58241
-8.14174
-8.44504
-46.7175
-8.1807
-49.6032
-8.05557
743.888
808.088
-41.7319
-8.1698
-8.11585
983.349
-9.6399
-46.854
-6.32958
-8.42053
-8.51176
-52.571
-8.33874
-35.0076
-39.953
-40.2028
-41.7245
-46.3114
-79.9824
-7.78073
-7.90631
-21.4992
-8.08343
-43.4847
-26.8806
-22.8514
928.472
-41.7323
-8.40208
-48.8288
554.269
427.958
-8.48704
-22.8109
-8.21822
-8.63881
-8.65806
-8.46986
-8.24477
-23.4207
-8.27921
-93.5015
-8.26085
-8.30578
-19.3017
-8.03243
-37.0598
-7.54831
-49.6092
-51.9796
-8.19784
-43.4222
-9.60308
-8.32171
-8.38779
-7.64375
-8.45715
-8.23178
-36.4372
-8.54866
-33.3977
7.68489
-26.5473
-72.2079
-159.763
-144.446
-8.51849
1446.28
-8.52658
-20.166
17.3919
-8.44693
-8.36477
-8.17308
-8.73294
-8.66807
-8.68717
-25.9542
-8.40878
-34.7582
-1.4643
-8.42919
-8.53775
-8.37597
-60.5333
-8.3394
53.0405
73.3367
5.00688
-8.54658
-8.54989
-36.3532
-8.56235
-8.4366
-33.5725
-8.538
-8.59842
-26.3407
-7.48766
-8.7526
-8.81337
-8.75693
-8.55578
-8.6061
617.609
744.013
-8.80473
808.099
-8.74709
807.74
1.3466
-9.89911
-13.5107
-23.3933
-67.6726
-29.6454
-16.0574
-15.3249
6.14427
-1.14654
-8.72445
-8.79337
-8.70419
-8.80933
-8.74356
-8.77398
-8.70446
-8.80869
165.909
161.498
67.0946
52.6384
-1.27544
4.94691
-8.75404
-8.60535
-4.62495
-8.60115
-8.5742
-8.58869
1530.11
1929.31
203.718
76.6348
88.1102
2328.96
1580.41
-10.2442
234.14
1549.56
2068.71
632.067
-4.70311
151.99
14.2084
2411.09
164.215
-10.3425
567.77
112.003
-10.1522
345.551
256.089
-9.75728
157.64
455.188
391.773
498.497
538.788
436.756
555.631
499.174
526.388
12.5426
91.85
281.324
515.797
540.53
532.525
281.559
-9.46689
-10.2474
487.815
308.64
278.667
334.682
276.797
460.58
82.2491
-4.77075
228.948
796.718
748.382
490.5
578.832
601.224
569.364
569.021
614.526
584.6
906.732
804.808
56.7201
-9.45448
327.581
-4.87195
569.073
481.83
277.817
388.903
214.817
464.53
-9.47412
374.339
191.302
256.467
484.053
234.929
327.144
276.599
430.114
-6.56667
245.119
-9.57919
493.341
254.01
-7.81638
324.04
317.226
416.711
228.409
-9.40197
-8.5228
441.922
317.685
956.804
-9.49551
-6.31894
286.674
-7.03176
-9.50025
429.943
-9.96332
-7.26736
110.715
-10.1321
113.005
165.136
230.539
445.192
-10.0552
898.754
935.699
-8.30482
)
;

boundaryField
{
    patch0
    {
        type            calculated;
        value           nonuniform List<scalar> 
4010
(
1.42109e-14
1.42109e-14
-4.70666
-4.70666
-5.1501
-5.1501
-4.95999
-4.95999
-4.79494
-4.79494
-5.19397
-5.19397
-5.05336
-5.05336
-5.34471
-5.34471
-5.4174
-5.4174
-4.94014
-4.94014
-6.47774
-6.47774
-6.98638
-6.98638
14.5911
14.5911
-8.36584
-8.36584
-10.1926
-10.1926
-10.5039
-10.5039
-1.60409
-1.60409
-8.31932
-8.31932
29.0254
29.0254
-8.61202
-8.61202
115.354
115.354
-10.3041
-10.3041
-0.539604
-0.539604
-8.48566
-8.48566
-10.3916
-10.3916
-11.1659
-11.1659
-10.8683
-10.8683
-4.62425
-4.62425
-5.27521
-5.27521
-4.30785
-4.30785
-2.17303
-2.17303
-10.5698
-10.5698
-4.23336
-4.23336
-1.0804
-1.0804
-4.81217
-4.81217
-1.76889
-1.76889
-10.5166
-10.5166
-5.15387
-5.15387
-4.54879
-4.54879
-3.10954
-3.10954
-10.6848
-10.6848
64.9954
64.9954
-11.011
-11.011
-0.636896
-0.636896
-4.76452
-4.76452
-6.24337
-6.24337
2.83036
2.83036
-4.78164
-4.78164
336.333
336.333
201.577
201.577
217.356
217.356
24.563
24.563
-10.263
-10.263
260.752
260.752
-7.99476
-7.99476
-4.84883
-4.84883
30.4203
30.4203
-4.89428
-4.89428
-4.72484
-4.72484
-14.632
-14.632
2.87294
2.87294
-10.7065
-10.7065
29.7678
29.7678
-4.63806
-4.63806
256.883
256.883
-4.72231
-4.72231
-11.9239
-11.9239
-5.21506
-5.21506
-5.79929
-5.79929
159.537
159.537
9.90111
9.90111
-10.9675
-10.9675
-5.14046
-5.14046
-4.33592
-4.33592
-4.49163
-4.49163
-7.43522
-7.43522
-4.69429
-4.69429
-4.58428
-4.58428
-4.68874
-4.68874
75.1761
75.1761
-6.0019
-6.0019
-10.8289
-10.8289
-4.33206
-4.33206
59.8129
59.8129
-1.76174
-1.76174
-6.68056
-6.68056
-4.71144
-4.71144
-10.0978
-10.0978
283.305
283.305
18.6757
18.6757
-11.5055
-11.5055
-11.3535
-11.3535
-7.51037
-7.51037
-8.27774
-8.27774
11.6222
11.6222
253.135
253.135
-4.7082
-4.7082
-6.01934
-6.01934
-13.5886
-13.5886
-5.12241
-5.12241
-5.81001
-5.81001
20.584
20.584
-12.2596
-12.2596
-11.8812
-11.8812
-8.41146
-8.41146
-4.9535
-4.9535
-6.65446
-6.65446
-8.66504
-8.66504
-16.2561
-16.2561
-7.31258
-7.31258
-4.80626
-4.80626
-6.33033
-6.33033
-4.85298
-4.85298
-4.5198
-4.5198
-4.65245
-4.65245
83.4429
83.4429
-5.63827
-5.63827
-10.1077
-10.1077
-9.9216
-9.9216
-4.72562
-4.72562
43.7354
43.7354
748.492
748.492
170.544
170.544
53.7752
53.7752
-11.5341
-11.5341
-8.79513
-8.79513
-8.45136
-8.45136
-4.71521
-4.71521
-7.14482
-7.14482
691.204
691.204
-4.81885
-4.81885
-6.49599
-6.49599
-8.29486
-8.29486
-4.39868
-4.39868
11.5727
11.5727
-8.27878
-8.27878
-5.57221
-5.57221
-6.14447
-6.14447
-8.66559
-8.66559
-4.76705
-4.76705
-4.79276
-4.79276
-11.1563
-11.1563
18.3361
18.3361
34.4501
-2.07844
-2.07844
-1.74581
-6.02017
-6.02017
537.463
537.463
-8.80916
-8.80916
-0.996834
-0.996834
-16.4597
-16.4597
-10.2814
-10.2814
-4.34301
-4.34301
840.472
840.472
934.212
-7.28025
-7.28025
-7.15986
-7.15986
-5.85259
-5.85259
-9.05795
-9.05795
774.241
774.241
-5.43066
-5.43066
-4.90541
-4.90541
-4.17378
-4.17378
-4.43934
-4.43934
-7.43848
-7.43848
-6.86141
-6.86141
734.257
734.257
-4.00994
-4.00994
-8.5035
-8.5035
-9.14645
-9.14645
831.888
831.888
-4.75126
-4.75126
-7.55734
-7.55734
-4.89167
-4.89167
-6.43969
-6.43969
-5.07565
-5.07565
-14.1122
-14.1122
-4.7888
-4.7888
-9.58397
-9.58397
-4.331
-4.331
12.1449
12.1449
-0.533704
-0.533704
-7.79533
-7.79533
-9.73421
-9.73421
-9.71871
-9.71871
-4.58223
-4.58223
-9.44683
-9.44683
433.48
433.48
-4.32224
-4.32224
-8.85069
-8.85069
-9.96174
-9.96174
-4.82198
-4.82198
-4.46822
-4.46822
-9.11512
-9.11512
-6.35748
-6.35748
-4.9879
-4.9879
-7.76233
-7.76233
-9.7987
-9.7987
823.097
823.097
916.837
-10.2946
-10.2946
-9.59916
-9.59916
-9.59764
-9.59764
-9.63326
-9.63326
1.59304
1.59304
-4.47566
-4.47566
-8.52571
-8.52571
-7.50785
-7.50785
-4.71832
-4.71832
-9.83602
-9.83602
-8.76357
-8.76357
-7.1537
-7.1537
-4.86089
-4.86089
-7.36496
-7.36496
-6.0928
712.272
712.272
-7.44771
-7.44771
-9.21434
-9.21434
-9.96551
-9.96551
-10.0072
-10.0072
-4.81148
-4.81148
-17.342
-17.342
-9.31475
-9.31475
-8.7895
-8.7895
-4.8186
-4.8186
-9.2776
-9.2776
-4.36309
-4.36309
-8.94287
-8.94287
-9.43714
-9.43714
-7.85448
-7.85448
-10.2623
-10.2623
-5.10555
-5.10555
-5.37002
-5.37002
-10.6811
-10.6811
-9.60602
-9.60602
-6.89888
-6.89888
-13.8624
-13.8624
-9.67875
-9.67875
-5.21682
-5.21682
-10.4061
-10.4061
-6.17177
-6.17177
-5.44177
-8.66017
-8.66017
-9.28097
-9.28097
-9.21442
-9.21442
798.427
798.427
892.167
-9.4922
-9.4922
-9.86261
-9.86261
-8.26355
-8.26355
-8.62263
-8.62263
-1.70472
-1.70472
-3.92789
-3.92789
-8.70544
-8.70544
-4.76713
-4.76713
-4.64506
-4.64506
-5.26275
-5.26275
-3.41691
-3.41691
716.416
716.416
-10.7247
-10.7247
-7.91103
-7.91103
-4.90901
-4.90901
-9.36532
-9.36532
-11.6958
-11.6958
-9.95449
-9.95449
-9.46406
-9.46406
-9.52079
-9.52079
-9.54235
-9.54235
-9.79673
-9.79673
-15.6608
-15.6608
-4.74637
-4.74637
-10.6461
-10.6461
-4.62506
-4.62506
117.585
117.585
-5.08574
-5.08574
-8.09621
-8.09621
26.6715
26.6715
-9.46775
-9.46775
-4.19946
-4.19946
-5.42573
-5.42573
-10.142
-10.142
-14.2855
-14.2855
-6.16178
-6.16178
-8.92525
-8.92525
-10.3857
-10.3857
-7.86077
-7.86077
-9.73174
-9.73174
43.923
43.923
826.542
826.542
893.331
-11.6194
-11.6194
-10.8217
-10.8217
99.1236
99.1236
-4.49124
-4.49124
-5.26991
-5.26991
710.771
710.771
-9.65606
-9.65606
-9.95599
-9.95599
-10.2002
-10.2002
-4.55536
-4.55536
-10.4149
-10.4149
-8.41601
-8.41601
151.889
151.889
-3.92459
-3.92459
-9.80572
-9.80572
-7.70508
-7.70508
-4.99608
-4.99608
-8.95782
-8.95782
781.326
781.326
871.106
-8.69798
-8.69798
-7.73514
-7.73514
-18.3069
-18.3069
-9.18259
-9.18259
-10.3624
-10.3624
109.546
109.546
-7.54931
-7.54931
-10.0881
-10.0881
-4.55538
-4.55538
-4.82361
-4.82361
-9.17738
-9.17738
-10.8321
-10.8321
-10.4168
-10.4168
-5.02992
-5.02992
61.45
61.45
-9.7276
-9.7276
-9.59533
-9.59533
-10.8643
-10.8643
-9.95032
-9.95032
-4.4887
-4.4887
-9.54203
-9.54203
-8.57306
-8.57306
-4.13451
-4.13451
-10.5743
-10.5743
-5.74066
-5.74066
-10.0319
-10.0319
-10.2495
-10.2495
-4.81714
-4.81714
-5.61472
-5.61472
-9.76696
-9.76696
-12.5579
-12.5579
-10.4631
-10.4631
-9.10979
-9.10979
-4.82255
-4.82255
-10.4235
-10.4235
-14.4618
-14.4618
-10.854
-10.854
-10.732
-10.732
-9.61059
-9.61059
-5.6131
-5.6131
-4.3196
-4.3196
-10.5978
-10.5978
-8.81464
-8.81464
-9.45356
-9.45356
-10.6417
-10.6417
-4.82746
-4.82746
-11.6447
-11.6447
-7.98775
-7.98775
-10.4761
-10.4761
-11.6236
-11.6236
1.28039
1.28039
-3.55594
-3.55594
-7.64006
-7.64006
-3.0325
-3.0325
-5.38547
-5.38547
617.189
617.189
-9.88126
-9.88126
-10.145
-10.145
252.088
252.088
-10.5113
-10.5113
-8.65298
-8.65298
-7.45237
-7.45237
-13.9622
-13.9622
-11.2234
-11.2234
-9.56431
-9.56431
-10.7805
-10.7805
-9.5268
-9.5268
-10.7953
-10.7953
-10.9743
-10.9743
-7.40141
-7.40141
-10.0287
-10.0287
-10.3488
-10.3488
-9.26346
-9.26346
-13.2366
-13.2366
57.1165
57.1165
-9.02744
-9.02744
-9.82778
-9.82778
-10.7895
-10.7895
-11.3285
-11.3285
-10.8013
-10.8013
-5.28329
-5.28329
-10.1102
-10.1102
-10.4993
-10.4993
-9.7462
-9.7462
-7.06677
-7.06677
-4.70011
-4.70011
-13.5244
-13.5244
-12.5719
-12.5719
-10.4097
-10.4097
-3.88092
-3.88092
-10.7386
-10.7386
-10.2575
-10.2575
-12.6833
-12.6833
-10.5766
-10.5766
-1.05636
-1.05636
3.30703
-12.4029
-12.4029
-10.6869
-10.6869
-5.98906
-5.98906
-10.4105
-10.4105
457.104
457.104
-5.10395
-5.10395
-8.88842
-8.88842
-8.23707
-8.23707
922.301
922.301
970.671
-14.8481
-14.8481
-6.6328
-6.6328
-12.382
-12.382
-10.2874
-10.2874
-11.841
-11.841
-10.847
-10.847
-10.5754
-10.5754
-9.85989
-9.85989
-10.1305
-10.1305
-10.6917
-10.6917
-19.9377
-19.9377
-6.11494
-6.11494
-8.07662
-8.07662
-9.10285
-9.10285
-4.75475
-4.75475
-7.56227
-7.56227
-9.82836
-9.82836
-6.4102
-6.4102
-6.04061
-6.04061
-11.7359
-11.7359
-7.18452
-7.18452
-5.16166
-5.16166
-4.99306
-4.99306
-11.3736
-11.3736
-16.1051
-16.1051
-14.4748
-14.4748
-5.97623
-5.97623
-16.5074
-16.5074
-10.3234
-10.3234
-10.7084
-10.7084
-15.2224
-15.2224
-7.19356
-7.19356
219.786
219.786
-10.0523
-10.0523
-11.7388
-11.7388
-9.87116
-9.87116
-13.906
-13.906
-10.4493
-10.4493
-3.09238
-3.09238
-11.5838
-11.5838
2.23882
2.23882
8.86085
-11.4381
-11.4381
-5.01148
-5.01148
-10.2933
-10.2933
-13.8064
-13.8064
-9.45016
-9.45016
-11.3688
-11.3688
-10.6323
-10.6323
-6.7357
-6.7357
-13.863
-13.863
-10.4
-10.4
-6.94776
-6.94776
-9.00657
-9.00657
-10.0568
-10.0568
-10.5363
-10.5363
-5.72041
-5.72041
-12.1057
-12.1057
51.6221
51.6221
-9.99029
-9.99029
-9.22293
-9.22293
-13.3639
-13.3639
-12.5953
-12.5953
-10.767
-10.767
-9.94357
-9.94357
-4.59202
-4.59202
-12.263
-12.263
-10.9039
-10.9039
-4.72218
-4.72218
-6.78165
-6.78165
-9.65104
-9.65104
-5.6065
-5.6065
-5.29518
-5.29518
-10.111
-10.111
-11.2131
-11.2131
-10.0911
-10.0911
-12.8563
-12.8563
-10.5014
-10.5014
-15.9218
-15.9218
-12.2415
-12.2415
-12.499
-12.499
-12.1795
-12.1795
-16.5534
-16.5534
-9.06464
-9.06464
-17.0405
-17.0405
-5.3472
-5.3472
157.151
157.151
-17.2011
-17.2011
-10.5063
-10.5063
-4.81246
-4.81246
-7.29456
-7.29456
-6.44462
-6.44462
-10.6692
-10.6692
-14.9908
-14.9908
-15.826
-15.826
-4.0251
-4.0251
-7.16847
-7.16847
-9.18372
-9.18372
-9.99252
-9.99252
-12.0236
-12.0236
-6.65815
-6.65815
-21.0952
-21.0952
-8.1651
-8.1651
-15.2681
-15.2681
-12.0742
-12.0742
-7.04432
-7.04432
-5.40461
-5.40461
-6.30757
-6.30757
-14.5786
-14.5786
-10.5958
-10.5958
-13.6979
-13.6979
-13.2732
-13.2732
-13.5615
-13.5615
-10.4485
-10.4485
-10.2429
-10.2429
-10.2271
-10.2271
-9.84907
-9.84907
-8.59025
-8.59025
-6.05261
-6.05261
-6.94745
-6.94745
-10.6271
-10.6271
-10.5274
-10.5274
-4.90953
-4.90953
2.60643
2.60643
-14.3672
-14.3672
-10.8309
-10.8309
-9.25598
-9.25598
-10.1033
-10.1033
-11.6106
-11.6106
-5.54933
-5.54933
-9.23616
-9.23616
-12.3866
-12.3866
-10.6186
-10.6186
-10.1525
-10.1525
7.18847
7.18847
-13.2298
-13.2298
-13.8993
-13.8993
-3.92926
-3.92926
60.1499
60.1499
-5.30353
-5.30353
-6.75729
-6.75729
-17.9287
-17.9287
-4.64577
-4.64577
-4.24719
-4.24719
-11.4097
-11.4097
-6.76717
-6.76717
-17.849
-17.849
-16.513
-16.513
-9.69123
-9.69123
-10.7117
-10.7117
-17.4728
-17.4728
-7.10165
-7.10165
1.82314
1.82314
170.527
170.527
-3.56118
-3.56118
-5.11487
-5.11487
-14.1201
-14.1201
-9.3316
-9.3316
-8.43351
-8.43351
-16.037
-16.037
-10.0876
-10.0876
-8.0638
-8.0638
-5.93218
-5.93218
-4.80256
-4.80256
-4.85749
-4.85749
-13.475
-13.475
-6.61545
-6.61545
-17.7996
-17.7996
-17.1101
-17.1101
-15.0884
-15.0884
-5.15351
-5.15351
-13.556
-13.556
0.710382
0.710382
-6.91718
-6.91718
-7.17531
-7.17531
-9.62367
-9.62367
-15.7069
-15.7069
-10.3908
-10.3908
-10.1658
-10.1658
-14.5853
-14.5853
253.741
253.741
26.4279
26.4279
-7.39793
-7.39793
-3.02288
-3.02288
-6.35936
-6.35936
-4.45469
-4.45469
-16.8487
-16.8487
-10.1632
-10.1632
79.5961
79.5961
202.781
202.781
133.729
133.729
-7.08053
-7.08053
-13.0461
-13.0461
-5.13108
-5.13108
-11.9534
-11.9534
-8.98949
-8.98949
259.177
259.177
-7.69273
-7.69273
-11.0036
-11.0036
-4.62864
-4.62864
-12.1031
-12.1031
-10.2719
-10.2719
-10.6268
-10.6268
-5.71522
-5.71522
-8.72701
-8.72701
-1.50606
-1.50606
-15.6357
-15.6357
-9.05373
-9.05373
-2.28647
-2.28647
-5.47541
-5.47541
-15.251
-15.251
-11.0933
-11.0933
-10.6243
-10.6243
-9.05952
-9.05952
262.046
262.046
-3.50229
-3.50229
-6.94876
-6.94876
-6.24151
-6.24151
-4.91731
-4.91731
-16.2857
-16.2857
-10.5901
-10.5901
-4.80004
-4.80004
1.48859
1.48859
-10.527
-10.527
-10.8215
-10.8215
-6.92144
-6.92144
-9.94434
-9.94434
-19.1935
-19.1935
-5.31855
-5.31855
-8.38585
-8.38585
-11.4366
-11.4366
256.295
256.295
-18.8059
-18.8059
-1.58852
-1.58852
-19.0756
-19.0756
-6.83451
-6.83451
-17.7438
-17.7438
-16.7534
-16.7534
-14.0985
-14.0985
-18.5141
-18.5141
-22.9913
-22.9913
-8.64786
-8.64786
-16.7095
-16.7095
-8.77162
-8.77162
-19.0604
-19.0604
-10.1199
-10.1199
-9.18321
-9.18321
-16.1929
-16.1929
-5.12161
-5.12161
-10.6621
-10.6621
2.9489
2.9489
-15.0204
-15.0204
-8.64365
-8.64365
-5.61066
-5.61066
-18.5353
-18.5353
-8.91444
-8.91444
-9.73043
-9.73043
16.5979
16.5979
-5.07836
-5.07836
-6.64054
-6.64054
-14.4237
-14.4237
-5.03581
-5.03581
-17.0315
-17.0315
-10.0809
-10.0809
-10.2345
-10.2345
-13.2393
-13.2393
-15.9481
-15.9481
-6.02037
-6.02037
173.865
173.865
-5.75711
-5.75711
-8.80572
-8.80572
-6.52437
-6.52437
-10.3634
-10.3634
-9.4723
-9.4723
144.65
144.65
0.0215779
0.0215779
-7.3268
-7.3268
-7.42361
-7.42361
-11.1717
-11.1717
-12.0732
-12.0732
-17.1446
-17.1446
-10.7459
-10.7459
-13.2405
-13.2405
165.29
165.29
-7.14272
-7.14272
5.51687
5.51687
-4.03738
-4.03738
-11.1726
-11.1726
-5.14866
-5.14866
-19.831
-19.831
-8.55538
-8.55538
-7.95768
-7.95768
-2.56757
-2.56757
-5.43298
-5.43298
-15.2202
-15.2202
-16.9179
-16.9179
-6.30814
-6.30814
-7.33358
-7.33358
-20.3873
-20.3873
-6.2346
-6.2346
302.517
302.517
-20.4058
-20.4058
-18.7372
-18.7372
-19.3195
-19.3195
-7.04141
-7.04141
-11.7147
-11.7147
-9.55407
-9.55407
74.7293
74.7293
-18.1802
-18.1802
228.662
228.662
-18.9146
-18.9146
-11.1733
-11.1733
-16.8389
-16.8389
-8.20326
-8.20326
-8.40756
-8.40756
147.714
147.714
-5.34471
-5.34471
-10.2058
-10.2058
-5.91254
-5.91254
3.71151
3.71151
-9.58955
-9.58955
145.082
145.082
20.1024
20.1024
7.01789
446.521
446.521
-8.70493
-8.70493
-6.87158
-6.87158
-16.1582
-16.1582
-8.26174
-8.26174
-3.7257
-3.7257
-16.3908
-16.3908
-11.6176
-11.6176
-17.9001
-17.9001
-12.6786
-12.6786
-20.2631
-20.2631
-10.8424
-10.8424
-7.8389
-7.8389
256.466
256.466
-14.7493
-14.7493
-6.2018
-6.2018
270.085
270.085
-5.7345
-5.7345
-2.32845
-2.32845
-13.4609
-13.4609
2.41336
2.41336
-11.0757
-11.0757
-6.76541
-6.76541
-17.3406
-17.3406
-24.4964
-24.4964
-10.3499
-10.3499
-5.66834
-5.66834
-4.75559
-4.75559
-10.6951
-10.6951
-4.74009
-4.74009
413.042
413.042
489.72
489.72
-10.3262
-10.3262
-4.79146
-4.79146
-14.0544
-14.0544
-8.6394
-8.6394
-6.57571
-6.57571
-17.0724
-17.0724
0.189065
0.189065
-20.0038
-20.0038
-15.2328
-15.2328
7.94763
7.94763
-21.4592
-21.4592
-9.77777
-9.77777
-20.9912
-20.9912
-4.18265
-4.18265
-19.0793
-19.0793
-6.97975
-6.97975
-7.37955
-7.37955
-12.678
-12.678
-19.4638
-19.4638
4.18193
4.18193
-20.456
-20.456
-5.05297
-5.05297
-5.71913
-5.71913
-10.8013
-10.8013
-8.67552
-8.67552
-9.06897
-9.06897
-4.9574
-4.9574
-9.19035
-9.19035
-21.8517
-21.8517
-7.80044
-7.80044
-3.34269
-3.34269
-2.73576
-2.73576
-7.6473
-7.6473
-7.6167
-7.6167
-18.325
-18.325
-16.3818
-16.3818
-6.47147
-6.47147
-7.27658
-7.27658
264.535
264.535
-21.8457
-21.8457
-7.88906
-7.88906
93.2708
93.2708
-9.06404
-9.06404
-18.3033
-18.3033
-4.78045
-4.78045
-6.00377
-6.00377
-8.64056
-8.64056
-4.58416
-4.58416
-9.88237
-9.88237
-16.6924
-16.6924
-14.3499
-14.3499
-5.18824
-5.18824
-7.08846
-7.08846
-3.81988
-3.81988
280.627
280.627
-9.63671
-9.63671
5.27269
5.27269
-10.4894
-10.4894
120.976
120.976
-17.6019
-17.6019
-9.93705
-9.93705
-5.66646
-5.66646
-10.8914
-10.8914
-8.31225
-8.31225
50.4283
50.4283
-12.714
-12.714
-6.99071
-6.99071
-15.6528
-15.6528
-11.5947
-11.5947
-15.8522
-15.8522
7.01346
7.01346
-9.34702
-9.34702
-6.27765
-6.27765
-11.4115
-11.4115
-22.194
-22.194
-16.9515
-16.9515
-21.264
-21.264
-5.62465
-5.62465
-10.547
-10.547
-6.81588
-6.81588
563.372
563.372
589.532
-6.42398
-6.42398
341.538
341.538
-23.2243
-23.2243
-19.7356
-19.7356
737.137
737.137
-7.25559
-7.25559
-23.4797
-23.4797
-16.4518
-16.4518
-9.97775
-9.97775
-6.6931
-6.6931
-10.5854
-10.5854
-14.2018
-14.2018
14.2057
14.2057
-5.90567
-5.90567
-9.44619
-9.44619
-21.6743
-21.6743
-7.04284
-7.04284
-12.833
-12.833
344.958
344.958
-5.45502
-5.45502
-11.1255
-11.1255
-8.41168
-8.41168
-20.9088
-20.9088
-4.79953
-4.79953
-4.39292
-4.39292
-19.1516
-19.1516
247.47
247.47
-18.9443
-18.9443
9.95438
9.95438
2.00296
2.00296
-6.71714
-6.71714
-8.51987
-8.51987
12.3209
12.3209
-10.995
-10.995
-14.1876
-14.1876
-4.7287
-4.7287
-6.17991
-6.17991
9.09606
9.09606
317.685
317.685
-23.3738
-23.3738
-4.5453
-4.5453
-10.9081
-10.9081
-10.0766
-10.0766
-4.91797
-4.91797
-26.8571
-26.8571
-17.559
-17.559
-18.1759
-18.1759
-7.71262
-7.71262
-13.4054
-13.4054
-12.0943
-12.0943
-15.2765
-15.2765
-6.53349
-6.53349
122.722
122.722
-8.42425
-8.42425
-7.64773
-7.64773
-7.53288
-7.53288
-7.3172
-7.3172
-9.56742
-9.56742
-3.69262
-3.69262
-8.99085
-8.99085
10.8009
10.8009
-5.11562
-5.11562
-12.3531
-12.3531
609.202
609.202
-22.222
-22.222
-16.941
-16.941
-7.89885
-7.89885
90.0537
90.0537
-24.8304
-24.8304
-8.0736
-8.0736
-24.2551
-24.2551
-4.74986
-4.74986
-7.21979
-7.21979
278.927
278.927
278.955
503.156
503.156
-16.1985
-16.1985
49.8207
49.8207
-21.0463
-21.0463
-13.5874
-13.5874
-5.72454
-5.72454
-5.37658
-5.37658
-9.08421
-9.08421
-16.0045
-16.0045
340.563
340.563
-7.04217
-7.04217
9.1226
9.1226
-6.43746
-6.43746
-11.1725
-11.1725
-10.4408
-10.4408
-25.3829
-25.3829
-14.7035
-14.7035
-9.63556
-9.63556
-18.966
-18.966
-5.96872
-5.96872
-22.1012
-22.1012
-5.47432
-5.47432
-10.0408
-10.0408
-5.3224
-5.3224
-25.3386
-25.3386
-15.1833
-15.1833
-5.99702
-5.99702
279.885
279.885
-6.94796
-6.94796
261.266
261.266
703.934
703.934
-23.7795
-23.7795
-15.3795
-15.3795
-21.0608
-21.0608
33.6982
33.6982
-9.20368
-9.20368
-1.72089
-1.72089
-17.8667
-17.8667
-3.26994
-3.26994
-3.42062
-8.36242
-8.36242
-10.9673
-10.9673
85.5074
85.5074
79.361
-1.10209
-1.10209
94.3061
94.3061
71.0786
22.9302
22.9302
-9.67293
-9.67293
2.94161
2.94161
-6.77913
-6.77913
-11.7775
-11.7775
-9.75076
-9.75076
348.79
348.79
-18.8449
-18.8449
-8.32226
-8.32226
-16.4813
-16.4813
-25.6177
-25.6177
182.765
182.765
-6.2631
-6.2631
-12.7896
-12.7896
-5.63932
-5.63932
-24.5402
-24.5402
-8.75051
-8.75051
-4.47438
-4.47438
-28.9367
-28.9367
-27.0945
-27.0945
-11.9455
-11.9455
-8.90876
-8.90876
-9.27555
-9.27555
-27.4106
-27.4106
-4.77571
-4.77571
-13.762
-13.762
-21.744
-21.744
-13.3039
-13.3039
-15.8763
-15.8763
17.9826
17.9826
-5.46201
-5.46201
-4.03936
-4.03936
-10.3848
-10.3848
-17.5981
-17.5981
-6.68241
-6.68241
-14.6407
-14.6407
-6.34821
-6.34821
-5.90718
-5.90718
-4.76586
-4.76586
-10.5147
-10.5147
-10.0264
-10.0264
17.6295
17.6295
-20.323
-20.323
112.91
112.91
-1.32337
-1.32337
-9.6948
-9.6948
-11.8359
-11.8359
-6.46097
-6.46097
-8.89807
-8.89807
-7.60571
-7.60571
-7.54463
-7.54463
60.0517
60.0517
-14.7485
-14.7485
92.7557
92.7557
-9.31703
-9.31703
-25.4094
-25.4094
-7.44569
-7.44569
-7.2646
-7.2646
-24.4395
-24.4395
-27.3023
-27.3023
-12.776
-12.776
-17.3098
-17.3098
-7.86479
-7.86479
-8.37201
-8.37201
-7.75083
-7.75083
399.844
399.844
-6.17316
-6.17316
-6.51414
-6.51414
-22.2086
-22.2086
-13.5268
-13.5268
-15.234
-15.234
-4.50485
-4.50485
-4.14912
-4.14912
3.65055
3.65055
-2.32857
-2.32857
-7.17239
-7.17239
-11.314
-11.314
673.963
673.963
523.544
523.544
-14.6288
-14.6288
-8.21199
-8.21199
-2.98471
-2.98471
-16.415
-16.415
-4.29353
-4.29353
-8.97075
-8.97075
-9.93565
-9.93565
-12.4436
-12.4436
-9.34424
-9.34424
-25.9076
-25.9076
-7.00342
-7.00342
-29.0597
-29.0597
-28.3507
-28.3507
-20.7981
-20.7981
-14.69
-14.69
-8.05955
-8.05955
34.1484
34.1484
-14.5131
-14.5131
-5.68884
-5.68884
-9.25579
-9.25579
-24.5213
-24.5213
-8.15343
-8.15343
-14.0609
-14.0609
-1.14643
-1.14643
-29.848
-29.848
-5.28212
-5.28212
-6.65648
-6.65648
-3.61541
-3.61541
31.3102
31.3102
-6.42582
-6.42582
-8.62321
-8.62321
-19.8297
-19.8297
-6.91681
-6.91681
301.411
301.411
-9.04083
-9.04083
186.203
186.203
-13.5816
-13.5816
-14.8092
-14.8092
-29.7723
-29.7723
-17.991
-17.991
813.885
813.885
-9.2863
-9.2863
-13.558
-13.558
-17.7929
-17.7929
-4.80804
-4.80804
-26.251
-26.251
-14.5488
-14.5488
175.292
175.292
52.2044
52.2044
-1.25548
-1.25548
-6.76854
-6.76854
-28.1137
-28.1137
-9.07778
-9.07778
-32.0811
-32.0811
-15.8956
-15.8956
-9.52201
-9.52201
-4.99443
-4.99443
-4.67222
-4.67222
-14.9259
-14.9259
-24.8226
-24.8226
-8.70093
-8.70093
-5.47641
-5.47641
-16.4248
-16.4248
121.374
121.374
-2.45082
-2.45082
-14.4466
-14.4466
0.147467
0.147467
-5.1621
-5.1621
-30.4376
-30.4376
226.074
226.074
-4.72699
-4.72699
-32.1794
-32.1794
-10.218
-10.218
-29.4026
-29.4026
77.5771
77.5771
-10.9495
-10.9495
302.318
302.318
321.97
387.84
387.84
407.593
-9.5639
-9.5639
36.8418
36.8418
-13.1468
-13.1468
-7.74362
-7.74362
-16.1771
-16.1771
-26.0308
-26.0308
-32.4294
-32.4294
-7.77166
-7.77166
-9.04382
-9.04382
-7.64686
-7.64686
-7.47434
-7.47434
-9.02787
-9.02787
-21.8496
-21.8496
-13.8326
-13.8326
-5.41175
-5.41175
-6.68721
-6.68721
-9.25509
-9.25509
-12.0295
-12.0295
-8.8016
-8.8016
-13.6205
-13.6205
0.202657
0.202657
-23.3517
-23.3517
-7.38408
-7.38408
-7.22417
-7.22417
490.9
490.9
-16.7423
-16.7423
-9.03001
-9.03001
430.016
430.016
462.955
622.342
622.342
-9.84835
-9.84835
-11.6122
-11.6122
-5.74253
-5.74253
-17.1304
-17.1304
-16.019
-16.019
-4.52042
-4.52042
368.219
368.219
-19.9114
-19.9114
-7.13759
-7.13759
-8.8483
-8.8483
-9.42864
-9.42864
-8.46369
-8.46369
-7.90716
-7.90716
52.5179
52.5179
-13.688
-13.688
9.92003
9.92003
-30.7711
-30.7711
-32.5372
-32.5372
670.851
670.851
724.082
-6.00203
-6.00203
-13.4913
-13.4913
160.497
160.497
276.7
276.7
-29.5764
-29.5764
-6.97302
-6.97302
-12.3117
-12.3117
-8.00852
-8.00852
5.23272
5.23272
-5.60144
-5.60144
209.712
209.712
-9.87512
-9.87512
-9.78469
-9.78469
-26.9427
-26.9427
68.6388
68.6388
-4.4961
-4.4961
-10.3615
-10.3615
-11.1867
-11.1867
-11.0653
-11.0653
-8.86266
-8.86266
5.55673
5.55673
-35.7163
-35.7163
-2.85675
-2.85675
862.169
862.169
-9.31199
-9.31199
-35.1625
-35.1625
-32.6364
-32.6364
-6.26171
-6.26171
-27.9878
-27.9878
-34.554
-34.554
20.8013
20.8013
-4.10917
-4.10917
-8.88753
-8.88753
586.577
586.577
-29.9838
-29.9838
-15.6392
-15.6392
14.1149
14.1149
-12.4564
-12.4564
-8.59177
-8.59177
-24.8282
-24.8282
3.43501
3.43501
-16.3461
-16.3461
-15.1268
-15.1268
-23.4553
-23.4553
428.339
428.339
-6.88063
-6.88063
-8.96439
-8.96439
-19.6515
-19.6515
-8.24668
-8.24668
120.021
120.021
-8.86768
-8.86768
-9.43844
-9.43844
9.00222
9.00222
-8.76879
-8.76879
-8.54892
-8.54892
-7.66025
-7.66025
277.848
277.848
310.643
195.496
195.496
171.753
-35.9474
-35.9474
-18.4796
-18.4796
-16.0305
-16.0305
18.997
18.997
-8.64805
-8.64805
97.4501
97.4501
-15.7245
-15.7245
239.921
239.921
-6.50849
-6.50849
-7.57442
-7.57442
-10.7431
-10.7431
-36.0053
-36.0053
-7.80787
-7.80787
-8.81243
-8.81243
-8.79218
-8.79218
-8.7225
-8.7225
6.40498
6.40498
-14.5178
-14.5178
5.64358
5.64358
-8.16237
-8.16237
-9.36444
-9.36444
-20.7077
-20.7077
456.25
456.25
616.187
616.187
-8.6994
-8.6994
-10.0616
-10.0616
-33.172
-33.172
-24.5203
-24.5203
-1.71629
-1.71629
-1.97159
-35.1294
-35.1294
-22.1035
-22.1035
-9.01652
-9.01652
-11.0132
-11.0132
-10.4225
-10.4225
-3.6668
-3.6668
-7.42384
-7.42384
166.529
166.529
717.778
717.778
-31.5897
-31.5897
-9.77726
-9.77726
-19.5739
-19.5739
889.921
889.921
946.256
229.826
229.826
-7.62402
-7.62402
89.4515
89.4515
0.344398
0.344398
-18.8349
-18.8349
4.4577
4.4577
-7.89466
-7.89466
-38.3555
-38.3555
-7.34156
-7.34156
246.167
246.167
-13.0366
-13.0366
-7.20301
-7.20301
-32.0252
-32.0252
-8.72131
-8.72131
-37.076
-37.076
8.29121
8.29121
168.562
168.562
249.993
249.993
-11.5182
-11.5182
-8.44691
-8.44691
835.095
835.095
-9.30867
-9.30867
-6.76195
-6.76195
-39.5613
-39.5613
-8.68358
-8.68358
-27.1275
-27.1275
-27.9154
-27.9154
-8.54198
-8.54198
-12.4573
-12.4573
-9.72766
-9.72766
547.754
547.754
-18.0564
-18.0564
61.8524
61.8524
-8.53779
-8.53779
-8.66486
-8.66486
-40.8863
-40.8863
-5.52459
-5.52459
-4.75792
-4.75792
-4.78975
-40.1418
-40.1418
-18.4824
-18.4824
607.644
607.644
-8.41056
-8.41056
-8.63978
-8.63978
-7.12848
-7.12848
-10.4482
-10.4482
-4.93409
-4.93409
-4.96591
8.55415
8.55415
-8.53057
-8.53057
-4.99572
-4.99572
-5.11859
-5.11859
-5.15042
275.761
275.761
-13.1367
-13.1367
-7.73561
-7.73561
-4.59341
-4.59341
-15.4868
-15.4868
-8.41422
-8.41422
-24.1733
-24.1733
214.31
214.31
-8.43559
-8.43559
-8.77857
-8.77857
-8.39626
-8.39626
-6.54408
-6.54408
-40.2764
-40.2764
-4.60871
-4.60871
-4.64055
-8.27521
-8.27521
-7.81399
-7.81399
-9.11919
-9.11919
-13.5752
-13.5752
-8.47402
-8.47402
-9.63054
-9.63054
-39.7683
-39.7683
-40.5335
-40.5335
112.087
112.087
-7.60253
-7.60253
144.868
144.868
-8.55632
-8.55632
-5.52015
-5.52015
-5.48832
-5.65107
-5.65107
-5.6829
364.226
364.226
8.5216
8.5216
-7.79514
-7.79514
929.421
929.421
963.585
-35.825
-35.825
-8.40246
-8.40246
3.57347
3.57347
-11.8404
-11.8404
-6.02469
-6.02469
-8.47774
-8.47774
-8.0326
-8.0326
263.203
263.203
-5.91374
-5.91374
-5.94557
-7.75843
-7.75843
-8.53502
-8.53502
-6.88188
-6.88188
306.424
306.424
334.53
208.108
208.108
183.732
450.304
450.304
431.993
431.993
-7.8541
-7.8541
586.458
586.458
-40.6149
-40.6149
-8.59864
-8.59864
-43.3298
-43.3298
-9.12876
-9.12876
-8.602
-8.602
-34.1692
-34.1692
101.652
101.652
86.7623
-47.0414
-47.0414
-4.30688
-4.30688
-4.27504
-4.40749
-4.40749
-4.43932
-8.59283
-8.59283
-8.5114
-8.5114
551.254
551.254
-6.1747
-6.1747
-6.20653
-44.1711
-44.1711
-21.928
-21.928
-37.5896
-37.5896
6.42267
6.42267
92.0536
92.0536
3.91138
3.91138
-17.9219
-17.9219
860.406
860.406
363.695
363.695
237.302
237.302
-80.4951
-80.4951
-8.25435
-8.25435
738.972
738.972
-8.51405
-8.51405
-29.1437
-29.1437
27.7657
27.7657
9.81028
9.81028
-7.37053
-7.37053
5.02471
5.02471
-7.52517
-7.52517
310.28
310.28
-15.7486
-15.7486
-4.76836
-4.76836
165.113
165.113
-7.41816
-7.41816
-7.69044
-7.69044
783.736
783.736
867.192
-6.42286
-6.42286
-6.45469
-18.0206
-18.0206
-46.1576
-46.1576
212.678
212.678
-14.7751
-14.7751
-45.2025
-45.2025
-8.06733
-8.06733
-24.2154
-24.2154
-8.34419
-8.34419
-26.2261
-26.2261
-10.1397
-10.1397
-45.3789
-45.3789
11.5346
11.5346
-8.24149
-8.24149
178.471
178.471
-10.1792
-10.1792
-7.75633
-7.75633
-47.5732
-47.5732
190.849
190.849
-9.65131
-9.65131
900.733
900.733
942.5
614.887
614.887
-11.2983
-11.2983
-8.11232
-8.11232
-7.94069
-7.94069
-44.7703
-44.7703
-13.455
-13.455
-9.01834
-9.01834
24.5693
24.5693
-7.01396
-7.01396
-21.9664
-21.9664
-6.67488
-6.67488
-6.70671
-7.68545
-7.68545
-8.52142
-8.52142
555.681
555.681
-8.42824
-8.42824
-7.3941
-7.3941
-6.95971
-6.95971
-8.42444
-8.42444
-8.52137
-8.52137
-39.2515
-39.2515
24.337
24.337
-54.2125
-54.2125
-48.1802
-48.1802
-58.0867
-58.0867
-13.4816
-13.4816
-8.32683
-8.32683
-7.16655
-7.16655
-8.05678
-8.05678
-7.87332
-7.87332
-8.5419
-8.5419
-5.12921
-5.12921
-8.31259
-8.31259
-50.134
-50.134
-47.0931
-47.0931
-38.241
-38.241
-54.4168
-54.4168
-9.07964
-9.07964
-8.16498
-8.16498
-36.8628
-36.8628
-3.6428
-3.6428
-3.67475
-52.8972
-52.8972
-7.32237
-7.32237
-49.2634
-49.2634
-8.43097
-8.43097
-53.6237
-53.6237
-8.41407
-8.41407
419.798
419.798
-8.5204
-8.5204
549.486
549.486
-8.47784
-8.47784
429.028
429.028
-10.8679
-10.8679
804.463
804.463
868.119
-6.93771
-6.93771
-7.19679
-7.19679
-6.84685
-6.84685
-6.87868
-39.1611
-39.1611
741.115
741.115
-61.9916
-61.9916
-6.91498
-6.91498
613.288
613.288
926.9
926.9
938.458
938.458
993.312
252.286
252.286
-50.6775
-50.6775
-7.94428
-7.94428
-8.01751
-8.01751
357.52
357.52
-7.82554
-7.82554
-7.8906
-7.8906
-39.0833
-39.0833
-23.3039
-23.3039
663.778
663.778
-58.9517
-58.9517
-58.1248
-58.1248
-6.6828
-6.6828
-62.2668
-62.2668
-32.3553
-32.3553
578.914
578.914
-7.5688
-7.5688
-3.55061
-3.55061
-49.3083
-49.3083
-55.0475
-55.0475
-7.72218
-7.72218
-53.7957
-53.7957
428.693
428.693
7.22511
7.22511
6.73607
-8.47253
-8.47253
179.009
179.009
33.2175
33.2175
32.8644
-42.0704
-42.0704
-57.1015
-57.1015
-57.4211
-56.7252
-56.7252
-8.50059
-8.50059
-10.3688
-10.3688
-10.6139
-17.7611
-17.7611
-6.63772
-6.63772
42.0038
42.0038
41.9292
-66.4907
-66.4907
-7.85798
-7.85798
69.9361
69.9361
-19.0076
-19.0076
-19.2051
-18.0475
-18.0475
-18.2883
-54.1974
-54.1974
-10.2761
-10.2761
-62.4336
-62.4336
-8.51884
-8.51884
-23.2186
-23.2186
-65.9633
-65.9633
-8.48177
-8.48177
32.0268
32.0268
264.34
264.34
288.848
172.047
172.047
152.512
-18.5462
-18.5462
-18.8135
-54.0197
-54.0197
-7.94661
-7.94661
-51.292
-51.292
-8.38871
-8.38871
-63.5397
-63.5397
742.354
742.354
-8.12835
-8.12835
-57.4412
-57.4412
-56.9367
-56.9367
-8.20444
-8.20444
992.513
992.513
304.937
304.937
366.092
366.092
-11.007
-11.007
-11.2841
-8.50843
-8.50843
-36.8237
-36.8237
981.247
981.247
1033.3
-7.79735
-7.79735
-68.4632
-68.4632
-62.1959
-62.1959
-7.95389
-7.95389
-54.7466
-54.7466
33.5773
33.5773
32.8449
65.1141
65.1141
63.3254
-7.15214
-7.15214
-49.514
-49.514
-234.57
-234.57
-241.423
-8.48189
-8.48189
-12.633
-12.633
-67.1422
-67.1422
-22.5881
-22.5881
804.739
804.739
868.134
-8.83996
-8.83996
-8.90361
-7.29253
-7.29253
-7.35619
-6.26934
-6.26934
303.986
303.986
-7.65743
-7.65743
-8.44656
-8.44656
-56.422
-56.422
-51.123
-51.123
-8.2106
-8.2106
-7.92629
-7.92629
-59.4598
-59.4598
-8.32483
-8.32483
-63.0085
-63.0085
238.128
238.128
225.176
-8.2369
-8.2369
-7.98526
-7.98526
-51.5425
-51.5425
2350.38
2350.38
-7.9976
-7.9976
-5.73014
-5.73014
-6.00945
-8.37852
-8.37852
89.3228
89.3228
58.2561
58.2561
26.8837
365.759
365.759
-8.01544
-8.01544
-59.0236
-59.0236
-61.7764
-61.7764
-51.6144
-51.6144
-6.75898
-6.75898
-6.82263
-51.8789
-51.8789
806.617
806.617
870.273
1123.72
1123.72
-7.38453
-7.38453
-58.6707
-58.6707
-8.38097
-8.38097
-8.47334
-8.47334
-52.6902
-52.6902
-8.06291
-8.06291
-52.7838
-52.7838
-8.58856
-8.58856
-67.2694
-67.2694
-7.26481
-7.26481
-7.23299
-7.30911
-7.30911
-7.34094
-7.49924
-7.49924
202.51
202.51
182.698
-14.6796
-14.6796
-7.8291
-7.8291
-62.7322
-62.7322
-8.05928
-8.05928
-32.6246
-32.6246
-8.50545
-8.50545
-35.9311
-35.9311
-8.49942
-8.49942
615.667
615.667
-8.29728
-8.29728
-8.64169
-8.64169
-8.92015
549.729
549.729
522.38
-60.9547
-60.9547
-8.47716
-8.47716
-8.54081
1116.63
1116.63
1167.03
-8.32537
-8.32537
-54.4477
-54.4477
-50.0949
-50.0949
-7.28885
-7.28885
-7.3525
-51.0974
-51.0974
-6.33178
-6.33178
-6.39544
-6.47093
-6.47093
-8.42584
-8.42584
-8.1266
-8.1266
-8.2145
-8.2145
-8.27816
-7.95359
-7.95359
-51.9522
-51.9522
-8.28069
-8.28069
-8.34435
-8.14139
-8.14139
-49.4433
-49.4433
241.619
241.619
209.791
-55.6812
-55.6812
-8.52492
-8.52492
-54.2387
-54.2387
-7.69693
-7.69693
-62.4205
-62.4205
-8.23235
-8.23235
2409.53
2409.53
2438.84
1373.96
1373.96
1344.65
-8.37763
-8.37763
554.536
554.536
-10.5332
-10.5332
-8.28043
-8.28043
-8.08114
-8.08114
-8.1182
-8.1182
-46.0026
-46.0026
-42.1769
-42.1769
-8.58241
-8.58241
-8.64607
-8.14174
-8.14174
-8.44504
-8.44504
-46.7175
-46.7175
-8.1807
-8.1807
-49.6032
-49.6032
-8.05557
-8.05557
743.888
743.888
808.088
808.088
871.744
-41.7319
-41.7319
-8.1698
-8.1698
-8.11585
-8.11585
983.349
983.349
-9.6399
-9.6399
-46.854
-46.854
-6.32958
-6.32958
-6.39324
-8.42053
-8.42053
-8.51176
-8.51176
-52.571
-52.571
-8.33874
-8.33874
-35.0076
-35.0076
-39.953
-39.953
-40.2293
-40.2028
-40.2028
-41.7245
-41.7245
-46.3114
-46.3114
-79.9824
-79.9824
-7.78073
-7.78073
-7.81256
-7.90631
-7.90631
-7.93814
-21.4992
-21.4992
-8.08343
-8.08343
-43.4847
-43.4847
-26.8806
-26.8806
-22.8514
-22.8514
928.472
928.472
-41.7323
-41.7323
-8.40208
-8.40208
-48.8288
-48.8288
554.269
554.269
427.958
427.958
396.131
-8.48704
-8.48704
-22.8109
-22.8109
-8.21822
-8.21822
-8.63881
-8.63881
-8.65806
-8.65806
-8.72172
-8.46986
-8.46986
-8.24477
-8.24477
-23.4207
-23.4207
-8.27921
-8.27921
-93.5015
-93.5015
-8.26085
-8.26085
-8.30578
-8.30578
-19.3017
-19.3017
-8.03243
-8.03243
-8.06426
-37.0598
-37.0598
-7.54831
-7.54831
-49.6092
-49.6092
-51.9796
-51.9796
-52.0932
-8.19784
-8.19784
-43.4222
-43.4222
-43.5371
-9.60308
-9.60308
-8.32171
-8.32171
-8.38545
-8.38779
-8.38779
-7.64375
-7.64375
-7.67558
-8.45715
-8.45715
-8.23178
-8.23178
-36.4372
-36.4372
-8.54866
-8.54866
-33.3977
-33.3977
-33.4748
7.68489
7.68489
-26.5473
-26.5473
-72.2079
-72.2079
-159.763
-159.763
-144.446
-144.446
-144.65
-8.51849
-8.51849
1446.28
1446.28
1492.79
-8.52658
-8.52658
-20.166
-20.166
-20.2305
17.3919
17.3919
-8.44693
-8.44693
-8.36477
-8.36477
-8.17308
-8.17308
-8.20491
-8.73294
-8.73294
-8.7966
-8.66807
-8.66807
-8.68717
-8.68717
-25.9542
-25.9542
-8.40878
-8.40878
-34.7582
-34.7582
-34.8733
-1.4643
-1.4643
-1.54002
-8.42919
-8.42919
-8.53775
-8.53775
-8.37597
-8.37597
-60.5333
-60.5333
-8.3394
-8.3394
-8.37122
53.0405
53.0405
52.9651
73.3367
73.3367
5.00688
5.00688
-8.54658
-8.54658
-8.54989
-8.54989
-36.3532
-36.3532
-8.56235
-8.56235
-8.4366
-8.4366
-33.5725
-33.5725
-8.538
-8.538
-8.56983
-8.59842
-8.59842
-26.3407
-26.3407
-7.48766
-7.48766
-7.51949
-8.7526
-8.7526
-8.81337
-8.81337
-8.87702
-8.75693
-8.75693
-8.55578
-8.55578
-8.6061
-8.6061
617.609
617.609
585.781
744.013
744.013
-8.80473
-8.80473
-8.86838
-8.7729
808.099
808.099
871.755
776.271
-8.74709
-8.74709
807.74
807.74
871.396
1.3466
1.3466
1.29923
-9.89911
-9.89911
-13.5107
-13.5107
-13.5794
-23.3933
-23.3933
-67.6726
-67.6726
-67.8416
-29.6454
-29.6454
-29.8444
-16.0574
-16.0574
-15.3249
-15.3249
-15.379
6.14427
6.14427
5.90778
-1.14654
-1.14654
-8.72445
-8.72445
-8.79337
-8.79337
-8.85702
-8.70419
-8.70419
-8.76785
-8.80933
-8.80933
-8.87298
-8.74356
-8.74356
-8.77398
-8.77398
-8.83764
-8.70446
-8.70446
-8.80869
-8.80869
-8.87234
165.909
165.909
165.835
161.498
161.498
161.436
67.0946
67.0946
52.6384
52.6384
52.5754
-1.27544
-1.27544
-1.33749
4.94691
4.94691
-8.75404
-8.75404
-8.8177
-8.60535
-8.60535
-4.62495
-4.62495
-8.60115
-8.60115
-8.5742
-8.5742
-8.58869
-8.58869
1530.11
1530.11
1929.31
1929.31
1972.51
203.718
203.718
76.6348
76.6348
88.1102
88.1102
2328.96
2328.96
2372.55
1580.41
1580.41
-10.2442
-10.2442
234.14
234.14
1549.56
1549.56
2068.71
2068.71
632.067
632.067
-4.70311
-4.70311
151.99
151.99
14.2084
14.2084
4.48637
2411.09
2411.09
2432.71
164.215
164.215
135.876
-10.3425
-10.3425
567.77
567.77
112.003
112.003
-10.1522
-10.1522
345.551
345.551
317.211
256.089
256.089
-9.75728
-9.75728
157.64
157.64
455.188
455.188
458.244
391.773
391.773
390.204
498.497
498.497
441.817
538.788
538.788
482.108
436.756
436.756
376.115
555.631
555.631
498.951
499.174
499.174
442.495
526.388
526.388
469.708
12.5426
12.5426
91.85
91.85
281.324
281.324
515.797
515.797
564.273
540.53
540.53
591.467
532.525
532.525
583.462
281.559
281.559
-9.46689
-9.46689
-10.2474
-10.2474
487.815
487.815
532.464
308.64
308.64
347.88
278.667
278.667
297.86
334.682
334.682
276.797
276.797
460.58
460.58
82.2491
82.2491
-4.77075
-4.77075
228.948
228.948
796.718
796.718
748.382
748.382
490.5
490.5
541.197
578.832
578.832
601.224
601.224
569.364
569.364
569.021
569.021
614.526
614.526
584.6
584.6
906.732
906.732
932.892
804.808
804.808
778.649
56.7201
56.7201
-9.45448
-9.45448
327.581
327.581
-4.87195
-4.87195
569.073
569.073
481.83
481.83
277.817
277.817
388.903
388.903
214.817
214.817
464.53
464.53
-9.47412
-9.47412
374.339
374.339
191.302
191.302
256.467
256.467
484.053
484.053
505.177
234.929
234.929
327.144
327.144
276.599
276.599
430.114
430.114
-6.56667
-6.56667
245.119
245.119
-9.57919
-9.57919
493.341
493.341
500.226
254.01
254.01
-7.81638
-7.81638
324.04
324.04
317.226
317.226
416.711
416.711
440.673
228.409
228.409
-9.40197
-9.40197
-8.5228
-8.5228
441.922
441.922
317.685
317.685
956.804
956.804
1009.12
-9.49551
-9.49551
-6.31894
-6.31894
286.674
286.674
-7.03176
-7.03176
-9.50025
-9.50025
429.943
429.943
-9.96332
-9.96332
-7.26736
-7.26736
110.715
110.715
-10.1321
-10.1321
113.005
113.005
165.136
165.136
230.539
230.539
445.192
445.192
419.436
-10.0552
-10.0552
898.754
898.754
935.699
935.699
984.069
-8.30482
-8.30482
)
;
    }
}


// ************************************************************************* //
