/*--------------------------------*- C++ -*----------------------------------*\
  =========                 |
  \\      /  F ield         | OpenFOAM: The Open Source CFD Toolbox
   \\    /   O peration     | Website:  https://openfoam.org
    \\  /    A nd           | Version:  8
     \\/     M anipulation  |
\*---------------------------------------------------------------------------*/
FoamFile
{
    version     2.0;
    format      ascii;
    class       volVectorField;
    location    "0.45";
    object      U;
}
// * * * * * * * * * * * * * * * * * * * * * * * * * * * * * * * * * * * * * //

dimensions      [0 1 -1 0 0 0 0];

internalField   nonuniform List<vector> 
1924
(
(-0.173918 0.114394 2.19073e-17)
(-0.126882 0.384249 2.22461e-17)
(0.264787 0.15396 3.47433e-18)
(0.249017 0.156181 2.25215e-18)
(-0.104805 0.3133 2.036e-17)
(0.455913 0.0995421 2.79579e-18)
(0.537525 0.117613 1.21371e-18)
(0.729361 0.0400411 4.22119e-19)
(0.729802 0.00907791 4.57591e-19)
(0.140798 0.280053 5.4574e-18)
(0.850425 -0.064931 1.87206e-19)
(0.826635 -0.137045 -3.98819e-19)
(0.629064 0.253348 8.07451e-19)
(0.942273 -0.231075 -1.42066e-18)
(0.60901 -0.737126 8.39193e-18)
(0.499295 -0.710133 1.10189e-17)
(0.597927 0.18194 1.09479e-18)
(0.89826 -0.321983 1.08847e-19)
(0.0165683 0.22684 2.34717e-17)
(0.961498 -0.406153 -3.28885e-19)
(0.414193 0.297041 2.59147e-18)
(0.346132 -0.580407 5.37063e-18)
(0.870535 0.0280179 -9.06357e-19)
(0.885725 -0.490373 -6.00752e-19)
(0.348351 -0.607483 5.97434e-18)
(0.4082 -0.466212 1.15829e-17)
(0.534815 -0.236359 1.15086e-17)
(-0.0422832 0.631522 9.66167e-18)
(0.0787991 0.000569011 1.65566e-17)
(0.386589 0.0251351 1.62761e-18)
(0.765938 0.0751144 4.2167e-19)
(0.335749 -0.604131 6.35645e-18)
(-0.150573 -0.110231 1.99476e-17)
(0.721604 0.178675 -2.0325e-19)
(0.0523615 0.524411 8.3301e-18)
(0.84857 -0.149809 5.25518e-19)
(0.350467 -0.561869 8.16424e-18)
(0.227283 0.120308 1.44742e-17)
(0.160644 0.287535 2.65444e-18)
(0.708921 0.113223 1.18588e-20)
(0.444602 -0.542453 1.13766e-17)
(0.575016 0.342426 1.54584e-18)
(0.372899 -0.525418 9.67804e-18)
(0.888435 0.170242 -3.45027e-18)
(0.598687 -0.628878 4.43723e-18)
(-0.106868 -0.296154 1.77299e-17)
(0.23084 0.305653 1.93213e-17)
(0.00925678 -0.164379 -1.19966e-18)
(0.561375 0.770017 1.04455e-18)
(0.248736 0.286087 3.31442e-18)
(0.120071 -0.318209 3.66629e-20)
(0.464592 0.18201 1.92398e-18)
(0.342075 -0.567782 4.49548e-18)
(-0.487622 -0.150899 1.58309e-18)
(0.00660707 -0.200293 1.56806e-17)
(0.020625 0.401823 5.67397e-18)
(-0.062816 0.177201 2.22461e-17)
(-0.030521 -0.351994 -4.09352e-18)
(-0.0412702 0.0897566 1.22984e-18)
(0.686847 0.5413 1.23782e-17)
(0.870285 -0.0239989 -1.28102e-18)
(0.530973 -0.576496 1.10545e-17)
(0.954069 -0.0188471 -2.87313e-18)
(0.375072 0.49052 -5.85607e-19)
(-0.333628 -0.0225172 1.37676e-18)
(-0.00410602 -0.0143922 -3.31747e-19)
(0.375126 0.971856 2.33858e-18)
(0.800849 -0.152542 6.94303e-19)
(0.0402136 -0.154834 1.48208e-17)
(0.683556 -0.154912 1.30643e-19)
(-0.0135939 -0.240924 3.62465e-18)
(0.329179 -0.372143 1.02628e-17)
(-0.0477983 0.380107 1.11135e-18)
(0.33307 -0.0918919 1.13309e-18)
(0.219647 -0.114976 1.51647e-18)
(0.0999312 -0.10846 1.30352e-17)
(0.165184 -0.0404171 -3.75373e-19)
(0.256856 -0.171144 8.84437e-19)
(0.135039 -0.323818 -2.77367e-19)
(0.80701 -0.279714 -1.30719e-18)
(0.401309 -0.408546 -1.6033e-19)
(0.689543 -0.0484975 1.15673e-17)
(0.176787 -0.310554 1.81315e-18)
(0.184226 0.0268741 3.41952e-18)
(-0.123387 -0.0242203 2.13321e-17)
(0.802168 -0.213461 1.10936e-18)
(-0.107708 0.295212 3.33456e-18)
(0.767609 -0.797933 7.74761e-18)
(0.316937 0.427995 1.5985e-18)
(-0.0243752 -0.253855 3.5853e-18)
(0.824107 0.975643 4.04496e-18)
(0.540238 -0.0220346 1.15935e-17)
(-0.00203556 -0.189008 1.60489e-17)
(0.0422021 -0.35439 1.45623e-17)
(0.0456708 -0.220647 3.4781e-18)
(-0.314279 0.0373952 8.0031e-19)
(0.206423 0.0394303 -8.49669e-20)
(0.466256 -0.401792 1.5424e-20)
(0.64407 0.518213 8.41437e-18)
(0.232903 0.035741 5.60051e-18)
(0.38429 -0.0424742 4.33864e-18)
(0.147422 -0.0774136 3.08585e-18)
(0.762896 0.535875 6.65378e-18)
(0.448325 0.0842177 1.02757e-17)
(0.151069 -0.346297 1.36805e-17)
(0.288389 -0.244075 1.25958e-18)
(0.461405 -0.0841077 5.51788e-18)
(0.187653 -0.273848 1.31027e-17)
(0.727298 0.0603674 1.37861e-17)
(-0.0368266 -0.258046 1.60235e-17)
(0.340141 0.0566611 1.50219e-20)
(0.216072 -0.128397 1.04864e-17)
(0.126229 0.407763 1.71023e-17)
(0.155672 -0.307878 4.93211e-19)
(0.210827 -0.247827 -9.0583e-21)
(0.0424932 -0.0595212 4.82215e-18)
(0.38504 -0.0289781 3.33113e-18)
(0.355118 -0.619216 1.10916e-17)
(0.784274 0.279696 4.21535e-19)
(0.233282 -0.152328 -2.33436e-19)
(0.0200378 0.00654099 2.33518e-17)
(0.740579 0.0494666 -1.21031e-18)
(0.490398 0.456548 1.47921e-18)
(-0.0501414 -0.179866 5.11663e-18)
(0.166575 0.408942 5.72172e-18)
(0.153176 -0.333729 1.1821e-17)
(0.152082 -0.0524028 1.09524e-17)
(0.245622 -0.203206 7.4691e-19)
(0.33251 -0.151435 1.04378e-17)
(0.635617 -0.149631 -7.2574e-19)
(0.351115 -0.0130492 4.91729e-21)
(0.466257 -0.0999853 4.52648e-18)
(0.0646669 -0.260958 1.49233e-17)
(0.251652 -0.251846 8.7854e-19)
(0.275385 -0.0212491 2.54903e-18)
(0.302167 -0.417833 1.27906e-17)
(0.307159 0.0295677 9.57468e-18)
(0.371825 -0.0303489 8.09286e-18)
(0.919049 -0.575807 7.69149e-20)
(0.147061 0.388165 1.26764e-17)
(-0.105624 0.173907 1.16353e-18)
(0.478538 0.0584162 8.37181e-18)
(0.224622 -0.620613 9.26302e-18)
(-0.0510361 -0.296748 1.38428e-17)
(0.499589 -0.0904935 2.43103e-18)
(0.576379 -0.189656 -2.16158e-18)
(0.200445 -0.274106 1.21418e-17)
(0.0753348 -0.288374 4.70318e-18)
(0.520808 0.0445366 1.44693e-17)
(0.756988 0.438459 3.29656e-19)
(0.0652062 -0.353318 1.06327e-18)
(0.615311 0.00404121 6.19253e-20)
(0.131758 -0.253895 6.37048e-18)
(0.523993 -0.144281 4.59823e-18)
(0.576279 -0.0416665 2.34571e-18)
(0.197242 -0.326105 7.03489e-18)
(0.711564 0.1386 -3.44641e-18)
(0.319066 0.0834497 7.0308e-18)
(0.462541 -0.00702426 1.10642e-19)
(-0.133583 -0.322476 1.35575e-18)
(0.321922 -0.220887 2.89195e-19)
(0.0576007 -0.254151 1.47252e-17)
(0.551933 -0.144307 3.49976e-18)
(0.828703 0.00882426 1.18794e-19)
(-0.108134 -0.278072 -2.88408e-19)
(0.181987 -0.158887 1.09821e-17)
(0.434521 -0.348484 5.95028e-18)
(0.681117 0.158502 -2.66817e-18)
(0.267104 -0.158646 -7.58872e-20)
(0.627583 0.00939598 7.49976e-18)
(-0.164187 -0.179097 1.92172e-17)
(0.77391 -0.0856594 4.311e-18)
(0.272084 -0.268419 5.80251e-19)
(0.441768 0.107556 1.39892e-17)
(-0.0452126 0.259247 2.5084e-18)
(0.146 -0.255838 5.14117e-18)
(0.24765 -0.0792429 -1.94306e-19)
(-0.0503944 -0.0288282 2.00708e-18)
(0.920577 -0.213464 1.77609e-18)
(0.746872 -0.125597 2.63161e-18)
(0.322437 -0.2238 9.76501e-18)
(0.409267 -0.67171 7.46041e-18)
(0.291311 -0.224483 5.29708e-19)
(0.35813 -0.08476 1.00419e-17)
(0.579405 0.850299 -4.90637e-19)
(0.150208 0.586281 1.3699e-17)
(0.136898 -0.252097 6.74972e-18)
(0.47882 -0.223209 1.079e-17)
(0.313748 -0.117647 5.58367e-21)
(0.359056 -0.249652 5.65603e-19)
(0.223476 -0.206909 1.11849e-17)
(0.853758 -0.0447388 2.26589e-18)
(0.461838 -0.092625 1.99777e-19)
(0.84544 -0.104847 3.02054e-18)
(0.650305 -0.032028 7.54037e-18)
(0.607161 -0.00689535 5.60189e-20)
(0.727899 -0.11566 1.12775e-17)
(0.143592 -0.244003 5.69346e-18)
(0.184034 -0.220651 9.03953e-18)
(0.146674 -0.317077 4.36651e-18)
(-0.0576306 -0.211907 1.97751e-17)
(-0.0040216 0.659847 1.64507e-17)
(0.57395 -0.0535915 7.76124e-18)
(0.962268 -0.101945 1.46628e-18)
(-0.15217 -0.0930213 1.91629e-17)
(0.335589 -0.236413 1.00872e-17)
(0.994022 -0.0834 2.09457e-18)
(0.112175 -0.285367 4.24957e-18)
(0.0784421 -0.275576 4.73424e-18)
(0.171839 0.014822 1.20397e-17)
(0.872651 -0.0131358 2.71002e-19)
(0.543782 -0.0240038 4.97321e-18)
(0.959825 -0.740883 -1.37645e-18)
(0.614485 0.0479297 9.07339e-18)
(0.50466 -0.122137 1.1634e-17)
(0.279323 -0.224506 4.21738e-19)
(0.385742 -0.180263 1.36044e-17)
(0.188276 -0.161248 9.55432e-18)
(1.04554 -0.102234 1.342e-18)
(0.212551 -0.229143 8.73653e-19)
(0.172713 -0.163875 8.90346e-18)
(0.104718 -0.379846 3.96914e-18)
(0.696569 -0.051112 8.36602e-18)
(0.958786 -0.781749 3.64552e-19)
(0.985542 -0.109136 7.5341e-19)
(0.666118 -0.0490957 1.19803e-17)
(0.538566 -0.125774 7.28314e-19)
(0.301402 -0.312536 3.69822e-19)
(0.819973 0.12955 8.57621e-18)
(0.161328 -0.330299 4.92528e-18)
(-0.181504 -0.187356 1.54951e-17)
(0.78263 0.99294 2.25049e-18)
(0.23757 -0.278534 9.47618e-18)
(0.161964 0.253368 2.88929e-18)
(0.817586 0.138445 1.07621e-17)
(-0.0516993 -0.460144 7.52816e-19)
(0.825611 -0.799413 -1.60196e-18)
(1.18511 -0.110035 7.26641e-19)
(0.669181 -0.0482032 5.67442e-18)
(0.630161 -0.0424174 7.3228e-21)
(0.138588 -0.71445 9.00234e-18)
(0.292075 -0.356277 8.34007e-18)
(0.794863 -0.729608 -9.9532e-19)
(0.111546 -0.272398 3.65863e-18)
(0.336029 -0.376426 1.98381e-18)
(0.071161 -0.257849 3.93762e-18)
(1.08684 -0.186201 1.23016e-18)
(0.0896618 0.203965 1.21049e-18)
(0.287123 -0.204806 6.18189e-19)
(0.288146 -0.306014 6.01739e-20)
(0.064833 0.144092 4.7347e-18)
(0.824135 -0.0352297 1.86093e-19)
(0.925447 0.134466 1.01529e-17)
(0.598104 -0.0350636 4.05716e-18)
(0.334309 -0.151606 1.38919e-19)
(0.842238 -0.867814 1.04543e-18)
(0.364325 -0.410624 1.24289e-17)
(0.291674 -0.464748 5.73339e-18)
(0.206686 -0.146012 9.81134e-18)
(1.20732 -0.162498 4.44771e-19)
(0.285276 -0.143884 8.43772e-18)
(0.736794 -0.00790886 5.61308e-18)
(0.521836 0.0199768 1.28449e-17)
(0.288648 -0.218381 1.53126e-19)
(0.340782 -0.614054 6.85762e-18)
(0.1454 -0.0946028 2.36872e-18)
(0.760756 0.492478 -2.38893e-19)
(0.234746 -0.280152 3.78915e-19)
(0.0253697 -0.283732 1.51266e-17)
(0.180931 -0.219974 1.90734e-17)
(0.208657 -0.338891 4.04357e-18)
(-0.00252202 -0.254542 5.92699e-19)
(-0.121788 -0.245407 1.858e-17)
(0.360035 -0.402916 8.75478e-18)
(0.558319 1.0655 3.3652e-18)
(0.376259 -0.46817 6.07407e-19)
(1.08054 -0.239796 -2.15726e-19)
(0.773931 0.0668185 1.59648e-17)
(0.568905 -0.111363 4.49244e-18)
(0.205091 -0.372711 7.15815e-18)
(0.0310812 -0.118171 2.26812e-17)
(0.597076 -0.0526948 -3.843e-19)
(0.931554 1.17002 8.92557e-19)
(1.14512 0.117908 5.52154e-18)
(0.0303463 0.0422762 2.40307e-17)
(0.351458 -0.186679 7.04449e-19)
(0.525769 -0.205909 -3.70495e-20)
(0.782573 -0.107114 -8.11643e-19)
(1.32995 -0.215177 -1.36948e-19)
(0.321847 -0.381632 8.16754e-18)
(0.831921 -0.0254037 4.54135e-18)
(0.0438966 0.0851028 4.2366e-18)
(0.802 0.327201 1.09334e-17)
(0.735056 -0.901146 -6.65818e-19)
(0.104566 0.0400418 5.37114e-18)
(-0.0817965 -0.259511 4.54936e-19)
(0.804777 -0.836344 2.34496e-18)
(0.175323 -0.221367 2.67951e-18)
(0.224164 -0.277828 6.24311e-19)
(0.749103 -0.944067 -6.22942e-19)
(0.499778 -0.125827 -6.89917e-19)
(0.653281 -0.104376 4.8105e-18)
(0.660913 -0.780101 -4.14488e-19)
(0.290972 -0.0739462 1.20347e-17)
(1.18178 -0.33172 -3.4971e-19)
(0.511639 -0.325018 1.13103e-17)
(0.833939 0.456899 -8.38771e-19)
(0.632294 -0.706784 -2.66404e-19)
(0.271595 -0.438411 7.78149e-18)
(0.379871 -0.3929 1.80825e-18)
(0.111289 -0.258503 3.89934e-18)
(0.780411 0.364711 1.67004e-19)
(1.1556 0.191921 5.38136e-18)
(0.38924 -0.521017 4.91316e-18)
(0.398727 -0.152272 -2.20083e-20)
(0.844051 0.390656 -5.11435e-19)
(0.365133 -0.160854 9.24442e-18)
(1.32247 -0.303388 -3.04907e-20)
(0.958172 0.0454899 4.07388e-18)
(0.524234 -0.164471 9.50644e-18)
(0.0395845 -0.0141751 3.10922e-18)
(0.234232 -0.376823 4.71828e-18)
(0.756705 -0.111557 3.87154e-18)
(-0.0968606 -0.250621 6.24722e-19)
(0.634485 -0.227867 1.13203e-17)
(0.305976 -0.385336 7.91218e-19)
(0.397467 -0.264731 1.03102e-17)
(0.352414 -0.411833 7.84789e-18)
(0.194159 0.219309 1.07548e-18)
(0.588069 -0.269381 -3.56353e-19)
(0.213435 -0.351389 6.65199e-18)
(0.184073 1.10153 -5.06989e-19)
(0.471165 -0.391556 3.48029e-18)
(1.11894 -0.420746 -3.18717e-19)
(0.156373 -0.215373 1.28229e-18)
(0.870051 0.235668 1.09889e-17)
(0.59419 0.769357 9.88355e-18)
(1.11007 0.0473602 2.674e-18)
(1.33647 0.251146 2.19081e-18)
(0.883079 -0.0645297 2.73104e-18)
(0.28397 -0.372423 4.00294e-19)
(-0.00668048 -0.268611 4.89196e-19)
(0.360743 -0.582975 7.08937e-18)
(0.175748 -0.235886 2.66872e-18)
(0.713022 -0.891718 1.88206e-18)
(0.0862223 -0.442961 1.03351e-17)
(-0.180646 -0.286351 1.81816e-17)
(-0.212957 0.504533 4.39465e-18)
(0.657512 0.302028 -3.34872e-20)
(0.53726 -0.338177 1.09952e-17)
(0.368188 -0.602083 8.76607e-18)
(0.519459 -0.601516 5.64373e-19)
(-0.0701459 -0.457839 -3.20928e-18)
(0.612251 -0.945977 -5.19941e-19)
(0.214395 -0.121671 3.20333e-18)
(0.244658 -0.34872 2.96095e-19)
(0.660779 0.481923 -5.14189e-19)
(1.39281 -0.394981 8.10943e-19)
(0.285796 -0.510742 6.13746e-18)
(-0.259637 0.0118289 5.54371e-19)
(1.07852 0.371039 7.62552e-18)
(0.655682 -1.02874 -2.74465e-19)
(0.586025 -0.866049 -4.21879e-19)
(0.296318 1.11883 4.39596e-18)
(0.356709 -0.615909 7.87559e-18)
(1.02368 -0.0508198 2.15903e-18)
(0.400119 -0.556181 7.64016e-18)
(0.30534 -0.37617 3.90882e-18)
(1.32394 0.372643 7.63699e-20)
(1.22573 0.129184 1.81498e-18)
(0.515323 -0.726639 -2.26819e-19)
(0.603209 -0.229842 1.0103e-17)
(0.322954 -0.596451 5.78794e-18)
(0.0711159 -0.989668 5.37884e-18)
(0.484408 -0.292095 1.20615e-17)
(-0.128916 -0.0534369 9.63452e-18)
(0.638718 -1.03688 4.23335e-19)
(0.653816 -0.780454 4.38158e-18)
(0.332896 -0.607122 6.87572e-18)
(-0.288097 0.315636 5.13508e-18)
(-0.215857 -0.0534312 7.87169e-18)
(0.223246 -0.334191 8.23297e-19)
(0.422874 -0.296265 1.02224e-17)
(0.852332 -0.0775531 1.00965e-17)
(0.224452 -0.393735 5.39536e-18)
(0.486259 -0.663252 -4.72253e-19)
(0.114466 -0.191462 2.0233e-18)
(0.143974 1.17704 2.50605e-18)
(0.427493 -0.370989 1.13104e-17)
(1.15154 -0.0107959 1.50997e-18)
(0.0552836 -0.460733 5.01265e-19)
(0.547018 -0.0670548 3.06194e-18)
(0.563865 -0.222709 1.16115e-17)
(-0.0638496 1.0766 2.09114e-18)
(1.3691 0.0853857 5.72507e-19)
(-0.249226 -0.189573 1.52348e-17)
(0.360007 -0.567283 1.06413e-17)
(0.355548 -0.627584 6.49576e-18)
(0.571424 -0.342489 -1.50556e-19)
(0.191993 -0.464888 1.43148e-17)
(0.322592 -0.271173 -1.39143e-19)
(0.173061 -0.310007 8.59328e-19)
(0.285984 -0.153691 2.0658e-18)
(0.0406171 -0.282906 1.46352e-17)
(0.475235 0.0751747 -1.31096e-18)
(0.450294 0.466389 1.21273e-17)
(0.414455 -0.569252 5.14249e-19)
(-0.247033 0.980838 2.59504e-18)
(0.30397 -0.554764 5.09795e-18)
(0.360663 -0.605385 8.91009e-18)
(1.07256 0.310929 8.21758e-18)
(0.665821 0.248817 1.262e-18)
(1.30813 -0.521192 1.81093e-18)
(1.24404 -0.0448563 7.75611e-19)
(1.5156 0.410844 6.50745e-19)
(0.0465605 -0.564187 5.25537e-18)
(0.31613 -0.470301 7.40576e-19)
(0.524814 -1.10177 -1.14399e-19)
(0.836226 -0.270125 2.12131e-18)
(0.340565 0.16688 3.6593e-19)
(0.518404 -1.02048 -3.47991e-19)
(0.33243 -0.429734 3.77675e-18)
(0.388062 -0.526386 8.14852e-19)
(0.25054 -0.123374 3.35573e-18)
(0.355277 -0.616867 7.94962e-18)
(0.468499 -0.872503 -2.55683e-19)
(0.39843 -0.202201 -9.66704e-20)
(-0.0879171 -0.109707 4.90255e-18)
(0.507546 -0.295653 7.0587e-18)
(0.560723 -0.197585 1.27273e-17)
(0.183175 0.58211 1.05714e-17)
(0.288363 -0.449766 6.75752e-20)
(0.625935 -0.0718931 1.32025e-17)
(0.689201 0.558554 8.92554e-19)
(1.43922 0.210797 1.20599e-18)
(0.499092 -0.281086 1.26621e-17)
(0.447431 -0.800464 -1.382e-19)
(0.863423 0.57728 -1.93912e-18)
(1.38149 -0.0126629 2.20112e-19)
(0.345106 -0.654399 7.89826e-18)
(0.24051 -0.413791 5.23732e-18)
(0.414008 -0.507327 1.1221e-17)
(0.863169 -0.0988967 8.9526e-18)
(-0.0459163 -0.294523 3.53911e-19)
(-0.515311 0.46161 4.73344e-18)
(0.0500141 -0.13632 6.14763e-19)
(1.14058 0.699923 3.78592e-18)
(0.137828 -0.286458 9.6967e-19)
(0.598523 -0.24295 1.18843e-17)
(0.101847 0.938205 6.39513e-18)
(0.522452 -0.81469 4.28591e-18)
(0.590491 -0.0230762 4.09657e-18)
(1.03244 0.0623529 7.68967e-18)
(0.624077 -0.416415 -1.09824e-20)
(0.343738 -0.634115 1.07367e-17)
(0.681838 -0.149614 1.24302e-17)
(0.392188 -0.687076 -3.4085e-20)
(0.504056 -1.12017 1.10484e-18)
(0.678754 0.598514 1.46415e-20)
(-0.238008 -0.132167 1.39023e-17)
(0.236927 -0.420306 -5.09883e-20)
(0.423011 -0.549915 6.22094e-18)
(0.907846 0.359828 -3.4173e-18)
(0.70684 0.529488 3.82403e-19)
(0.291384 -0.186077 2.09864e-18)
(-0.0740597 0.977894 5.58875e-18)
(-0.34294 0.840758 4.68657e-18)
(1.52279 0.595164 7.71212e-19)
(1.44637 -0.0868116 -6.26506e-20)
(0.346022 -0.368681 3.48865e-19)
(0.365094 -0.623742 8.26642e-18)
(0.69467 0.544249 5.32688e-19)
(0.00756549 -0.225186 2.36659e-18)
(0.371346 -0.639275 -5.29749e-20)
(0.418031 -0.448046 3.91036e-18)
(0.216871 -0.410057 1.07674e-19)
(0.247903 -0.111271 4.95401e-18)
(1.25443 -0.640846 6.33181e-18)
(-0.517008 0.385016 6.6872e-18)
(-0.0603613 -0.364606 1.57187e-17)
(0.965868 0.657319 3.6437e-18)
(1.56793 0.117657 7.06046e-19)
(0.454543 0.177523 1.43781e-17)
(-0.470335 0.77113 4.72903e-18)
(0.526033 -0.322961 5.41698e-18)
(0.368234 -0.618634 8.06975e-18)
(0.538952 -0.417766 1.18715e-17)
(-0.117457 -1.04608 6.33779e-18)
(0.724551 -0.220267 1.46575e-17)
(0.451578 -0.233347 -4.61591e-20)
(0.907026 0.480847 -1.8267e-18)
(0.701071 -0.337397 1.38069e-17)
(0.718027 0.685789 9.10819e-19)
(0.45076 0.143387 4.19248e-19)
(0.388917 -1.01202 -2.31855e-19)
(0.319872 -0.564587 1.91586e-19)
(-0.353485 0.136267 1.16853e-17)
(0.350788 0.390766 1.41742e-17)
(0.47212 -0.521311 1.19129e-17)
(-0.0852137 -0.215142 1.08527e-18)
(0.383093 -0.932041 -2.4871e-19)
(0.420543 -1.06614 2.60941e-18)
(0.288388 -0.463269 4.29248e-18)
(0.320769 -0.67838 8.19602e-18)
(0.40594 0.00402011 2.73211e-18)
(-0.101591 -0.446013 2.95455e-18)
(0.394236 -1.16627 2.79923e-19)
(0.327355 -0.671316 1.10508e-17)
(0.737607 0.403009 2.97175e-18)
(0.349089 -0.801815 -7.24663e-20)
(0.171736 -0.388147 9.84024e-19)
(0.296649 -0.532793 5.35929e-19)
(0.236131 0.36051 1.40364e-17)
(0.980769 0.127917 7.77083e-18)
(0.0605059 0.599713 1.05524e-17)
(-0.198815 0.593375 1.07008e-17)
(0.36931 -0.634976 8.10043e-18)
(0.690767 -0.167126 1.13943e-17)
(1.54709 -0.0637105 7.6187e-19)
(-0.18368 -0.233845 1.61177e-17)
(0.610992 0.626569 1.19621e-18)
(0.369366 -1.2345 7.3673e-19)
(0.239377 -0.493275 -3.00147e-19)
(0.334018 -0.746244 6.29874e-21)
(1.14093 0.322518 3.47343e-18)
(0.819424 -0.0533 1.14967e-17)
(0.0645659 -0.300957 2.45663e-18)
(0.768719 -0.0576997 1.92146e-18)
(0.343095 -0.636766 8.57404e-18)
(1.55602 0.549549 2.55801e-18)
(0.623953 0.518238 6.82192e-19)
(1.08945 -0.731364 6.06497e-18)
(0.782521 0.665299 3.18337e-19)
(0.86611 -0.154946 6.78717e-19)
(0.427929 -0.134435 1.42611e-18)
(-0.369274 0.593916 8.90191e-18)
(1.61098 0.254039 1.40428e-18)
(0.427437 -0.506096 4.02591e-18)
(0.886307 0.246158 -3.38702e-18)
(0.370924 -0.6072 8.15246e-18)
(0.769232 0.183825 3.31787e-18)
(-0.121151 -0.201015 -1.43325e-18)
(0.583841 -0.237347 -1.03972e-18)
(0.147607 -0.376736 1.57485e-18)
(0.294923 -0.660074 -3.7594e-20)
(0.752716 -0.450805 1.11596e-17)
(-0.101704 -0.195078 3.50773e-18)
(0.999897 0.396863 -5.92545e-18)
(-0.580729 0.44695 8.71751e-18)
(0.583665 -0.480285 -1.9545e-19)
(0.789946 -0.599602 1.08016e-17)
(0.399014 0.148394 1.5276e-17)
(-0.0094379 -0.538771 1.31936e-17)
(0.683099 0.746301 2.46658e-18)
(0.534323 -0.499977 1.22508e-17)
(0.911719 -0.115516 1.15248e-18)
(0.894169 -0.177202 2.15294e-18)
(-0.00931149 -0.283804 6.41336e-19)
(-0.0255486 -0.241454 5.19888e-19)
(0.0276982 -0.0444251 5.13118e-18)
(0.355636 -0.613829 8.20966e-18)
(0.587567 0.585357 1.09455e-18)
(0.0814964 -0.172378 1.38023e-17)
(0.387204 0.197983 1.53777e-17)
(0.311542 -0.511633 4.64066e-18)
(0.748801 -0.328469 -5.8368e-19)
(0.217183 -0.478844 -2.65573e-19)
(0.525085 0.0547776 2.6471e-19)
(-0.0605945 -0.231899 1.93199e-18)
(0.817462 0.519183 3.50503e-18)
(0.277369 -0.624748 -9.55042e-20)
(0.492285 -0.437347 1.19592e-17)
(0.292157 -0.646665 1.12504e-17)
(0.248615 0.234348 1.61434e-17)
(0.0858775 -0.37058 1.36711e-18)
(-0.0866742 0.262685 1.42952e-17)
(0.987323 -0.169161 -1.08875e-18)
(0.406863 -0.0408775 2.01363e-18)
(0.278632 -0.909799 -2.19369e-19)
(0.849083 0.0735894 2.62481e-19)
(0.576761 -0.273348 8.11184e-18)
(-0.389772 0.155726 1.67615e-17)
(1.51825 -0.201801 1.40391e-18)
(0.173066 0.212629 1.58541e-17)
(-0.207177 -0.151383 7.33098e-19)
(0.581708 -0.14876 -1.51467e-19)
(0.275203 -1.0542 -9.69065e-20)
(0.551153 0.147171 -5.26869e-19)
(0.23603 -0.570814 -1.46454e-21)
(-0.0466749 -0.24554 1.74492e-19)
(0.39144 -0.606168 7.98237e-18)
(0.615788 0.697273 2.03197e-18)
(-0.0466301 0.000969883 1.90516e-17)
(-0.129791 -0.226016 5.04516e-19)
(0.173059 -0.27497 1.10424e-19)
(0.27602 -0.847874 -1.30131e-19)
(-0.24267 0.281421 1.35909e-17)
(0.348623 -0.234962 1.73707e-19)
(-0.446974 0.517 1.04045e-17)
(0.564328 0.448688 7.25689e-19)
(-0.240159 -0.0152119 2.997e-19)
(0.26081 -1.137 1.15663e-19)
(1.47266 0.764936 7.88126e-19)
(0.0149086 -0.139057 -8.60681e-19)
(0.799104 0.836463 2.58299e-18)
(0.919536 -0.77171 8.7561e-18)
(0.821688 -0.138846 1.14254e-17)
(0.17157 -0.457421 5.30726e-19)
(0.678798 -0.286228 5.79837e-19)
(0.44951 0.133942 -1.92141e-19)
(0.399123 -0.604763 8.00856e-18)
(0.224925 -1.13293 3.01211e-18)
(0.960338 -0.070325 -2.26537e-18)
(0.434893 -0.282205 2.81051e-19)
(0.785135 0.135103 6.20066e-18)
(-0.545592 0.478458 1.16476e-17)
(1.0374 0.463929 5.02352e-18)
(0.438991 -0.187959 1.43019e-18)
(-0.183248 -0.116021 5.41206e-19)
(-0.0647483 -0.189743 -2.15516e-19)
(0.256288 -0.74946 2.44994e-21)
(0.21708 -0.549375 -1.02646e-20)
(0.611529 0.013167 3.08972e-19)
(0.329385 -0.655254 8.24744e-18)
(1.55983 0.0549348 4.62124e-18)
(0.029732 -0.310253 3.40133e-18)
(0.853144 -0.194417 -6.94356e-19)
(-0.47579 0.23799 1.67935e-17)
(0.895418 0.0416129 9.20615e-18)
(0.921756 0.0263409 -8.86897e-19)
(-0.288118 -0.239391 1.59604e-17)
(0.810446 -0.569532 1.00073e-17)
(0.342839 -0.276839 4.52879e-19)
(0.623568 0.33913 5.36554e-20)
(0.735255 0.817167 2.44366e-18)
(-0.212882 -0.06947 4.11016e-19)
(0.87307 -0.455986 9.81962e-18)
(-0.0249461 -0.281792 8.53783e-19)
(0.686191 -0.689759 8.49522e-18)
(0.24564 -0.708622 -1.71489e-20)
(0.330714 0.115967 1.47995e-17)
(0.285878 0.167468 1.52394e-17)
(0.903968 0.867857 5.05853e-18)
(0.307724 -0.792329 8.69978e-18)
(-0.336698 -0.456801 1.4182e-18)
(0.197114 -1.27638 9.87976e-19)
(0.356668 -0.496848 8.21945e-18)
(-0.185644 -1.28042 2.84497e-18)
(0.319214 -0.742905 6.87575e-18)
(0.34664 -0.527221 4.28068e-18)
(0.509649 0.592719 1.08203e-18)
(0.232413 0.169941 1.54066e-17)
(0.212264 0.252775 8.99909e-18)
(1.2779 0.686149 2.87413e-18)
(0.857738 -0.112883 -4.02328e-18)
(0.0657728 0.146963 1.56782e-17)
(0.474946 0.462536 7.78555e-19)
(0.150389 -0.449324 -9.12814e-20)
(0.336124 -0.67448 8.07116e-18)
(0.940869 0.163006 -9.42152e-19)
(0.845976 -0.186354 2.43038e-18)
(0.397907 -0.24729 -1.4178e-18)
(0.0626358 -0.362948 1.04611e-18)
(0.216879 -0.646041 -1.8479e-19)
(-0.0164448 0.132686 1.53542e-17)
(1.15786 -0.247762 7.01381e-18)
(0.412597 -0.569668 8.20387e-18)
(-0.413293 -0.0679518 1.6321e-17)
(0.564703 0.702199 3.09817e-18)
(0.859108 0.927625 5.67871e-18)
(1.07726 0.740205 6.63616e-18)
(0.173868 -0.51962 1.42843e-19)
(0.913997 0.435201 -1.81533e-18)
(0.483479 -0.328374 6.48659e-20)
(0.131326 -1.30373 1.59644e-18)
(0.202938 -0.6204 -1.54145e-19)
(1.45591 -0.239512 4.35712e-18)
(-0.19604 -0.586288 1.21319e-17)
(0.0402316 -0.274577 -3.09325e-19)
(0.872579 0.0223544 -3.74164e-18)
(0.184879 -0.93763 -2.41458e-19)
(0.171832 -1.00243 -2.69366e-19)
(-0.409258 0.440528 1.33745e-17)
(-0.278411 0.335805 1.37789e-17)
(0.409527 -0.561202 8.15494e-18)
(1.50428 0.22171 8.61585e-18)
(-0.19368 0.190049 1.45695e-17)
(0.0647035 -0.165566 6.74826e-20)
(0.196401 -0.830116 -7.80034e-20)
(0.520902 -0.245753 -2.17385e-18)
(0.034396 -0.0939968 -2.35778e-18)
(1.04825 0.654122 5.33258e-18)
(0.621783 -0.0831836 5.39147e-19)
(0.828324 -0.459362 7.66059e-18)
(0.458923 0.523556 7.36924e-19)
(0.119031 -1.15138 1.90792e-19)
(0.888904 0.109578 -3.73883e-18)
(0.103702 -0.444519 1.49213e-18)
(1.00978 1.0194 6.41797e-18)
(0.657944 0.220299 7.90545e-18)
(0.171081 -0.581932 -2.28893e-20)
(0.526297 0.27834 7.04836e-19)
(0.698538 -0.465496 5.34167e-18)
(0.558644 0.0239459 1.33617e-18)
(-0.0932993 -0.206083 -2.05086e-19)
(0.472709 -0.57629 5.5289e-18)
(0.240263 0.109925 1.45657e-17)
(0.650943 -0.69083 7.54156e-18)
(0.195805 -0.785517 -2.49608e-20)
(0.68744 0.843372 1.21469e-18)
(0.504826 0.646325 1.60501e-18)
(0.169458 -0.288762 -9.97599e-19)
(0.194525 0.256818 1.47825e-17)
(0.0849512 -0.17171 -3.15981e-19)
(0.410797 -0.577801 8.36482e-18)
(0.665967 0.157526 9.80456e-18)
(0.0900007 0.218818 1.44326e-17)
(0.427743 0.411371 9.07295e-19)
(0.0823947 -1.22813 4.67032e-19)
(0.0674592 -0.0249211 2.37508e-17)
(0.0729933 -0.439149 2.07181e-18)
(-0.518833 0.219025 1.59203e-17)
(0.155094 -0.510365 5.13995e-19)
(0.710198 -0.122191 -2.67834e-18)
(-0.302845 -0.461059 1.35034e-17)
(-0.0329583 0.0380041 4.114e-18)
(-0.0882851 0.267117 3.65887e-18)
(-0.118213 -0.11556 3.218e-19)
(0.585118 -0.193736 1.02124e-18)
(0.184739 -0.714987 -8.7052e-20)
(0.0280048 0.18812 1.452e-17)
(0.843394 0.267286 -1.00746e-18)
(0.0032462 -0.176629 1.17607e-18)
(0.994456 0.920336 7.16431e-18)
(-0.335972 0.347685 1.41136e-17)
(0.450742 -0.519452 8.41756e-18)
(-0.211839 0.202816 1.49758e-17)
(0.0268426 -0.77052 2.7165e-18)
(-0.502317 0.345788 1.39764e-17)
(0.472884 0.325017 7.62394e-19)
(-0.0311072 -0.229953 -4.17192e-19)
(-0.132398 0.0478591 1.47498e-17)
(0.155461 -0.568117 4.06637e-19)
(-0.155058 0.0705555 2.23319e-18)
(0.701589 -0.14727 -2.53049e-20)
(-0.0436609 -0.394872 -1.02101e-18)
(0.809215 1.00591 4.31473e-18)
(0.704342 -0.048896 -2.24867e-18)
(0.592912 0.770313 2.54381e-18)
(0.176775 -0.685467 -2.07886e-19)
(0.432589 -0.368398 8.26167e-18)
(-0.654896 -0.266765 1.63963e-18)
(1.28553 -0.452743 7.8531e-18)
(0.00606001 -0.162808 9.80111e-19)
(0.000197729 -0.165922 1.03214e-18)
(1.25313 0.816822 1.97081e-18)
(-0.197893 -0.404132 3.25867e-18)
(-0.085568 -0.147443 2.71929e-19)
(0.305546 -0.213801 2.16744e-19)
(-0.544704 0.22812 1.47719e-17)
(-0.0287303 -0.370573 2.05328e-18)
(-0.237366 0.0189781 1.39276e-17)
(-0.411695 -1.25871 2.56506e-18)
(0.155476 -0.640255 -1.97222e-19)
(0.605974 0.40085 7.40353e-18)
(0.747893 0.0979912 -2.36341e-18)
(0.481384 -0.472314 8.06975e-18)
(1.00182 1.22588 5.40357e-18)
(0.367946 -0.250621 -2.36803e-18)
(0.500143 -0.387769 5.63537e-18)
(-0.518883 -0.173125 1.40139e-17)
(0.662005 -0.361632 5.94417e-18)
(0.00341713 -0.245638 2.68304e-19)
(-0.0116827 0.256952 1.25594e-17)
(0.563026 -0.0335935 1.19878e-18)
(0.109871 -0.894716 -1.8573e-19)
(0.712545 0.933067 1.99384e-18)
(0.311403 -0.666979 8.29867e-18)
(0.442078 -0.21008 -2.046e-18)
(-0.0324885 -0.177201 6.06732e-18)
(0.435516 0.184132 1.4557e-19)
(0.114222 -0.501072 5.94075e-19)
(1.0542 -0.11451 9.16263e-18)
(0.214866 -0.224435 1.29164e-17)
(0.992026 -0.625367 -6.35292e-19)
(0.0274543 -0.402872 2.55918e-18)
(-0.284689 -0.864624 8.81278e-18)
(0.0959017 -0.478076 3.47727e-18)
(0.0315667 -1.06699 -2.61577e-19)
(-0.0137546 -0.218839 -1.83132e-18)
(0.723328 0.157457 -9.42572e-19)
(0.366196 0.449303 4.88717e-19)
(0.0599625 -1.00347 -2.94461e-19)
(-0.0560603 0.391855 1.32181e-17)
(1.01916 1.39368 6.97339e-18)
(0.144936 -0.62257 -2.50552e-19)
(0.121986 -0.849751 -1.16565e-19)
(-0.703695 0.389171 1.22318e-18)
(-0.0945852 -0.588007 1.98741e-18)
(0.401128 0.550858 3.05947e-19)
(0.947597 0.221636 -1.5514e-18)
(0.599767 -0.267476 1.37071e-18)
(0.440914 -0.362995 8.4927e-18)
(0.221391 -0.0702436 5.29079e-18)
(0.120406 -0.551418 5.41753e-19)
(-0.0744561 -1.30994 1.74151e-18)
(-0.0100048 -0.173428 7.06297e-19)
(-0.618506 -0.0367593 1.41254e-17)
(-0.172717 0.266664 1.29478e-17)
(0.841633 1.13952 3.29586e-18)
(0.0172091 -0.406909 1.83546e-18)
(0.135799 -0.775211 7.92277e-21)
(0.00733042 -0.235955 7.75822e-21)
(-0.229652 0.00298806 2.07415e-19)
(0.454842 0.661851 9.94624e-19)
(0.552068 -0.0886132 -6.90074e-19)
(-0.534143 0.309364 1.38015e-17)
(0.102167 -0.245301 -5.89637e-19)
(0.514265 -0.0773248 8.42145e-18)
(0.746946 0.113489 1.6391e-18)
(0.397223 0.293428 2.48069e-19)
(1.38529 0.914239 1.06498e-18)
(-0.0803779 -1.20266 3.30771e-19)
(0.190372 -0.240808 -1.02184e-18)
(-0.379197 0.190892 1.54139e-17)
(0.13588 -0.7439 -8.5559e-20)
(0.930077 1.43097 5.41706e-18)
(-0.404926 0.289206 1.46293e-17)
(-0.284461 0.189272 1.27898e-17)
(0.545898 -0.0257654 -3.55345e-19)
(-0.50833 -0.587132 1.13626e-17)
(0.118792 -0.600579 -3.39643e-20)
(0.539688 0.788553 1.41129e-18)
(0.37151 -0.261947 7.27126e-18)
(0.885584 1.33023 1.05416e-17)
(0.281738 -0.248668 8.04087e-18)
(0.094913 -0.49999 1.04665e-18)
(-0.521905 0.25182 1.36211e-17)
(0.129658 -0.694509 -1.7025e-19)
(0.175179 0.679159 -1.97988e-18)
(0.695819 -0.255612 -3.25693e-19)
(-0.17855 -0.0461761 2.47418e-19)
(0.166157 -0.310168 7.07632e-18)
(0.257256 -0.274078 8.39112e-18)
(0.643496 0.37598 -2.60506e-18)
(0.324834 0.413051 1.14561e-19)
(-0.0977799 -0.469297 6.64387e-18)
(0.863267 1.67979 8.35432e-18)
(-0.638115 0.158217 1.43105e-17)
(0.3528 0.505134 -7.30617e-20)
(0.965132 -0.480163 9.7347e-18)
(-0.650018 0.116193 8.5059e-18)
(0.319607 -0.182094 -6.45773e-19)
(0.10408 -0.548921 1.41436e-18)
(-0.616964 -0.44869 1.20039e-17)
(-0.383684 -0.12652 2.23779e-18)
(0.345425 0.348276 -1.3904e-19)
(0.631581 0.949303 2.25618e-18)
(-0.00477472 -0.176448 7.90954e-20)
(0.044136 -0.498242 2.13923e-18)
(-0.464922 0.280749 1.40448e-17)
(-0.145113 -1.26236 6.9725e-19)
(-0.333618 0.139197 4.68311e-18)
(-0.0171866 -0.432015 2.14822e-18)
(0.354011 0.179222 4.63383e-21)
(-0.399106 0.461746 7.41752e-18)
(0.0491547 -0.191828 -1.77534e-19)
(0.206186 0.0208142 8.22196e-18)
(0.3593 -0.134019 1.7919e-19)
(0.577551 0.0809082 -1.05676e-18)
(0.122897 -0.673546 -8.35792e-19)
(0.393858 0.608548 4.74515e-19)
(0.289861 0.0995944 6.87662e-20)
(0.863643 0.16343 9.11542e-18)
(0.731919 1.16995 2.19388e-18)
(-0.122519 -0.463654 3.04566e-18)
(0.10587 -0.595284 -6.29213e-19)
(0.350146 0.0779742 2.99566e-19)
(-0.00690418 0.041735 7.38569e-19)
(-0.294427 -0.501778 1.54962e-18)
(0.146006 -0.140771 2.08663e-18)
(0.459131 0.728614 6.14773e-19)
(-0.712354 0.189065 1.31429e-17)
(0.00850917 -0.432988 2.27963e-18)
(-0.85916 -0.173073 1.53868e-18)
(0.3335 1.14061 7.23562e-18)
(-0.405067 0.621698 9.67868e-18)
(0.763543 -0.331514 4.30023e-19)
(-0.618371 0.220042 1.12153e-17)
(-0.485869 0.224222 1.44987e-17)
(0.763455 1.44068 3.48561e-18)
(0.105333 -0.642787 -4.43635e-19)
(0.0884367 -0.251164 2.29185e-17)
(-0.419765 -1.21649 7.61981e-19)
(8.97e-05 -0.933532 -2.56076e-19)
(0.024594 -0.891348 -1.80583e-19)
(0.0685472 -0.820497 -1.74968e-20)
(-0.780472 -0.181278 1.21739e-17)
(0.32631 0.22845 -1.44109e-19)
(-0.489472 -0.980235 7.99812e-18)
(0.423706 -0.0428621 3.77275e-19)
(0.0421455 -0.437383 1.8455e-18)
(0.540442 0.877369 1.43005e-18)
(-0.0344625 -0.0996189 2.52994e-19)
(0.202476 0.0549689 8.28848e-18)
(0.594415 1.79663 1.01127e-17)
(-0.0900857 -1.03362 -3.90603e-19)
(0.152746 -0.180167 -4.48427e-19)
(-0.0446268 -0.168736 7.2658e-18)
(-0.135195 -1.08929 -3.57969e-19)
(0.0240299 0.0511449 7.6819e-18)
(-0.274453 -0.434212 5.72075e-18)
(0.0782769 -0.790378 3.16788e-20)
(0.146878 0.214537 3.82249e-18)
(-0.00193998 -0.119584 2.46683e-19)
(-0.757291 0.396099 6.89513e-18)
(0.203829 -0.159287 -4.61033e-19)
(-0.0111256 0.0915136 8.13368e-18)
(0.619289 1.06294 2.57111e-18)
(0.0660367 -0.547016 1.56285e-18)
(-0.00885554 -0.465845 2.80471e-18)
(-0.626083 -0.839419 7.5123e-18)
(0.692582 1.71909 4.27496e-18)
(0.156899 -0.195597 -6.37348e-19)
(0.0906004 -0.740087 -4.7334e-20)
(0.431509 0.00415792 1.46933e-19)
(0.0967475 -0.636225 -2.92797e-19)
(1.27448 1.03663 6.43136e-19)
(0.794159 -0.653655 1.02493e-17)
(-0.388745 -0.317344 4.37903e-18)
(0.666656 1.29703 1.9705e-18)
(-0.832973 -0.0669311 1.20113e-17)
(0.142497 1.25592 7.44732e-18)
(0.279214 0.452725 2.75996e-19)
(-0.614345 0.184832 9.73881e-19)
(0.690926 -0.00703785 7.47747e-19)
(-0.718601 0.160934 1.23163e-17)
(0.306702 0.541148 5.92404e-21)
(-0.514269 -0.408463 2.80222e-18)
(-0.857231 0.345212 5.71061e-18)
(0.0751254 -0.591331 1.10846e-18)
(-1.94856 0.820381 4.65836e-18)
(0.0906746 -0.718498 -1.55014e-19)
(-0.612931 0.307581 1.0102e-18)
(-0.0859335 -0.0687457 1.9695e-19)
(-0.614069 -0.178966 9.83071e-19)
(0.632781 1.55274 2.7222e-18)
(-0.669059 0.333278 -9.61132e-19)
(0.284578 -0.100796 6.56644e-19)
(-0.893219 -0.603695 1.01995e-17)
(0.285323 0.321896 -1.23537e-19)
(0.0211756 1.64137 5.52142e-18)
(-0.0443194 -0.315702 -1.99339e-18)
(0.346739 0.639724 7.86818e-19)
(-0.690629 0.299119 1.21762e-17)
(0.0782756 -0.155594 1.577e-17)
(0.282799 0.141264 -5.30743e-21)
(0.0797591 -0.0268121 1.57867e-17)
(0.306982 -0.0571392 5.39607e-19)
(-0.940058 -0.0299978 1.15488e-17)
(0.0192918 -0.264364 8.67629e-19)
(0.0879619 -0.6861 -4.63622e-19)
(0.406123 0.757671 1.5057e-19)
(1.08031 -0.714004 2.78775e-19)
(0.0678081 -0.131005 -8.61946e-20)
(-0.72491 0.671852 2.91673e-18)
(-0.319514 -1.19146 2.69766e-19)
(0.401604 1.89602 4.74293e-18)
(-0.0989905 0.358705 7.66053e-18)
(0.106953 -0.132375 3.15272e-20)
(0.0770256 -0.634249 1.00535e-19)
(0.467004 0.899779 6.84081e-19)
(0.0505027 -0.541331 1.94523e-18)
(-0.0770174 0.492678 7.55848e-18)
(-0.560568 -1.18012 2.68073e-18)
(1.30866 0.0475316 1.83201e-18)
(-1.078 0.0355888 -3.53243e-19)
(-0.458868 0.167453 6.448e-18)
(-0.832739 0.252416 1.00764e-17)
(0.213944 -0.239507 1.08413e-17)
(-0.932209 -0.431717 9.68198e-18)
(-0.617322 -0.0958511 5.19954e-18)
(0.264633 0.226255 1.16232e-19)
(0.515588 1.07445 1.64317e-18)
(-0.146807 1.47487 6.76278e-18)
(-0.969403 0.355092 4.77984e-18)
(0.487829 1.79216 2.89603e-18)
(0.0230101 -0.156298 1.31479e-19)
(-0.00604749 -0.17702 6.63937e-19)
(0.263869 0.503285 1.30533e-19)
(0.374743 -0.601388 4.33814e-18)
(-0.912569 0.723036 1.23651e-18)
(0.0795673 -0.675963 -6.82664e-19)
(0.524161 1.27496 2.70959e-19)
(0.292074 0.595569 2.27423e-19)
(0.0593245 -0.587567 1.47687e-18)
(0.238296 0.421115 2.98541e-20)
(-0.800407 0.255018 1.11175e-17)
(-0.892456 0.160349 1.07e-17)
(0.347619 0.0253156 6.70417e-19)
(0.0494002 1.85834 5.84578e-18)
(0.180259 -0.104963 -1.8652e-19)
(0.242808 0.367545 -1.00133e-19)
(-0.995573 0.0131317 1.0135e-17)
(0.336246 0.704517 3.49253e-19)
(0.692983 -0.0978804 9.35309e-19)
(-0.884877 -0.934867 3.37483e-18)
(0.722843 -0.420152 -5.10903e-19)
(-0.015079 -0.843316 -2.77932e-20)
(0.0326655 -0.157348 -2.97519e-19)
(0.459662 1.47617 1.26889e-18)
(0.208304 -0.0788977 1.12842e-19)
(-1.0719 -0.38323 6.10868e-18)
(-0.86072 -0.0210575 -2.99862e-19)
(0.00543207 -0.816995 3.03598e-20)
(0.0408906 -0.773194 1.26877e-19)
(-0.800071 0.0819069 3.69421e-20)
(-0.887256 -0.164741 2.68096e-18)
(0.389421 0.838398 8.93716e-19)
(0.0460995 1.90911 3.17116e-18)
(-0.124766 -0.939594 -3.12996e-19)
(-0.58523 -1.09216 3.06621e-19)
(-0.0880042 -0.90342 -2.27961e-19)
(0.504478 1.13911 -7.82902e-19)
(0.0637794 -0.633959 1.07216e-18)
(0.0690074 -0.669242 -1.21329e-19)
(-0.817909 0.337924 -6.623e-19)
(0.43586 0.996495 5.48747e-19)
(-1.08529 0.440184 1.93325e-18)
(0.383686 -0.267795 7.41701e-19)
(-0.0198354 -0.0967419 -1.22623e-18)
(0.00763625 -0.30498 5.15291e-19)
(0.232623 0.271329 2.54651e-19)
(0.0469399 -0.753755 5.44942e-19)
(-0.912628 0.365083 9.60963e-18)
(0.0343575 -0.072599 2.00175e-19)
(0.0601131 -0.0837857 2.48744e-19)
(0.45744 1.17524 6.12657e-19)
(0.778253 -0.487711 -2.39086e-19)
(0.00343325 -0.214836 8.29561e-19)
(0.184386 1.88078 2.61793e-18)
(0.231354 0.151407 -3.88824e-20)
(-0.958317 -0.820655 4.72305e-18)
(0.888126 -0.760489 4.92144e-18)
(-1.08954 0.386579 3.83524e-18)
(-1.1434 -0.254305 7.23951e-18)
(-0.403025 1.46542 5.87531e-18)
(0.0536064 -0.720733 -2.64644e-19)
(-0.658752 0.483881 6.24572e-18)
(-0.484247 0.67127 6.55211e-18)
(-0.900648 0.402483 -2.64141e-19)
(0.429007 1.35863 5.38088e-19)
(-0.256796 -1.01392 -6.13663e-19)
(0.257508 -0.0219862 5.97398e-19)
(0.292064 1.62654 1.24804e-18)
(0.361565 -0.351773 1.22479e-19)
(1.13395 -0.527817 -3.18201e-19)
(-0.290792 1.75111 4.94299e-18)
(-0.322904 -1.05406 -6.33352e-19)
(-1.15008 0.416377 1.02952e-18)
(0.220649 0.538012 4.71885e-20)
(-1.02138 0.198498 3.80006e-18)
(0.212635 0.190687 -1.58707e-19)
(0.246469 0.629941 1.14341e-19)
(-0.0146304 -0.179726 7.71818e-19)
(0.268866 0.0174228 4.33665e-19)
(0.0601936 -0.673857 -2.63737e-19)
(-0.769761 -1.13982 -1.00431e-18)
(-0.194448 1.75857 2.8328e-18)
(0.0575586 -0.704701 4.10735e-19)
(0.11428 -0.080091 8.74817e-20)
(-1.1385 -0.734936 3.1025e-18)
(0.13892 -0.0707842 8.04077e-20)
(0.333314 1.51649 7.82001e-19)
(0.284056 0.73836 -6.77549e-19)
(-1.07057 0.0702084 2.84742e-18)
(-0.991618 0.578772 1.7125e-19)
(0.00145801 -0.0543335 1.23171e-19)
(-1.38677 -0.162384 4.73851e-18)
(0.322672 0.865947 6.28756e-19)
(-0.114976 1.76715 1.94964e-18)
(-0.0156559 -0.528742 2.53516e-18)
(-0.934454 0.173407 -3.07765e-19)
(0.348548 1.01173 -5.01204e-21)
(0.0887018 0.0513464 2.33228e-17)
(0.188779 0.0975624 -1.01056e-20)
(0.200223 0.454989 3.71412e-20)
(0.0699931 -0.713411 -3.6705e-19)
(-1.01529 0.0616191 -6.60351e-19)
(-1.2033 -0.582511 3.16053e-18)
(-1.18521 0.223207 -1.03573e-18)
(0.348165 1.16819 -2.61921e-19)
(-1.27448 0.0948001 6.31722e-18)
(-0.00521504 -0.531253 2.78938e-18)
(-0.139615 -0.53001 2.50744e-18)
(0.0535789 1.66425 8.89916e-19)
(-0.915036 0.233267 -9.73859e-20)
(-0.898552 -1.03398 4.72267e-19)
(0.374511 -0.298296 -3.33319e-20)
(-1.09257 0.575293 -6.3406e-20)
(0.186289 -0.0372761 2.93833e-20)
(0.198551 0.589916 4.69271e-20)
(0.302786 1.31634 -8.49777e-20)
(0.192599 0.339976 -6.01858e-20)
(-0.00360588 -0.505864 3.10213e-18)
(-0.801818 1.53238 4.507e-18)
(-0.167321 0.19903 1.12972e-18)
(0.184003 0.258981 -1.04795e-19)
(-1.08971 0.738333 4.25851e-18)
(-1.17121 0.274957 6.68155e-18)
(-0.59866 1.6703 3.75158e-18)
(0.199649 -0.01001 2.87032e-19)
(-1.21142 0.411877 2.46973e-18)
(-0.13979 0.0124364 9.11156e-19)
(-0.181593 0.0385677 -1.33199e-19)
(1.19566 -0.579712 -2.73478e-19)
(0.226871 0.0813289 3.76166e-20)
(0.164678 1.59812 6.24355e-19)
(-0.107587 -0.838659 -3.01549e-21)
(0.224575 0.690507 -8.00044e-20)
(-0.351834 1.72299 2.04976e-18)
(-1.18939 0.535001 3.52232e-18)
(0.180993 0.129464 -2.191e-20)
(-1.41815 -0.404734 2.56302e-18)
(-0.0773915 -0.818917 1.42375e-20)
(-0.0195733 -0.785995 1.76144e-19)
(0.216842 -0.220344 9.3607e-18)
(-0.938455 0.356392 -6.45397e-19)
(0.256377 0.810053 -2.01948e-19)
(-0.0318146 -0.508122 3.24036e-18)
(0.0555706 -0.72007 -6.15292e-19)
(-1.46876 -0.0686556 3.67733e-18)
(-1.22739 0.40779 3.45015e-19)
(-1.12077 -0.905063 3.75622e-20)
(0.283825 0.947743 -1.37885e-19)
(0.182032 0.503927 1.93435e-20)
(-0.199537 1.72921 1.59082e-18)
(-0.00404943 -0.771168 9.65374e-20)
(0.0216305 -0.747786 -1.04031e-19)
(0.098693 -0.0468986 7.89145e-20)
(0.295489 1.09589 -1.59721e-19)
(-1.4621 -0.31096 2.18077e-18)
(-0.121224 -0.0220125 1.37781e-19)
(0.082541 -0.0452935 7.85426e-20)
(0.169356 0.189131 -7.04047e-20)
(0.206933 1.42843 1.37017e-19)
(0.0238196 -0.556456 2.12327e-18)
(-0.0311785 1.62123 5.98683e-19)
(0.277848 1.24137 -4.05145e-19)
(-0.266135 -0.704899 3.73011e-18)
(0.0149664 0.105972 1.94194e-17)
(-0.969364 0.381718 -5.7253e-19)
(0.0194677 -0.737207 -8.61784e-19)
(-1.158 -0.805896 6.82696e-19)
(-1.3442 0.0921879 4.5687e-18)
(-0.696031 -1.07368 -1.09821e-18)
(-0.20803 -0.878397 -2.57878e-19)
(0.226798 0.045062 1.08266e-19)
(-1.19662 0.420326 -9.03881e-20)
(0.0221474 -0.227723 5.16517e-19)
(-1.07544 0.184716 -4.52159e-19)
(-1.23524 0.275704 9.91226e-19)
(-0.0552601 -0.0316009 1.04596e-19)
(0.0319843 -0.616739 1.51928e-18)
(-0.019812 1.56808 3.72009e-19)
(0.123687 -0.0962705 2.37387e-17)
(0.13536 -0.0334516 1.64013e-19)
(-1.02082 0.212422 -4.56207e-19)
(0.0158676 -0.701435 2.33718e-20)
(0.221598 1.36243 -1.1963e-19)
(-0.257317 -0.903155 -3.34589e-19)
(0.158868 0.424497 5.97072e-20)
(0.152695 0.297245 -8.19769e-20)
(0.147889 -0.0183295 1.34876e-19)
(1.08643 -0.731566 2.80415e-18)
(-1.27529 0.211083 5.87956e-18)
(-0.962734 0.260096 -3.46801e-19)
(0.0200576 -0.153964 4.19134e-19)
(0.332315 -0.274086 5.13851e-19)
(-1.36039 0.427151 1.60032e-18)
(-1.31762 0.403238 -2.11702e-18)
(0.145213 0.22469 -5.26116e-20)
(-1.35397 -0.621898 7.16489e-19)
(0.158052 0.376949 2.88795e-20)
(-1.16174 0.338315 -9.91366e-20)
(0.150055 0.624891 2.4384e-20)
(0.0653925 -0.0368031 -6.87451e-20)
(0.0769227 1.47447 9.93241e-20)
(-1.1522 1.39896 2.17105e-18)
(-0.583957 1.59215 1.08703e-18)
(0.0361173 -0.674889 7.80293e-19)
(0.17045 0.725882 -5.07897e-20)
(-0.942241 1.50032 2.41104e-18)
(0.0051306 -0.161875 4.59879e-19)
(0.311319 -0.173228 2.36748e-18)
(-1.57184 -0.180788 8.38196e-19)
(0.291699 -0.159275 6.89006e-19)
(-0.372546 1.63246 9.52878e-19)
(0.1919 0.841196 1.02874e-19)
(0.144755 0.133322 -6.04473e-20)
(-1.24552 0.391871 2.33709e-19)
(-0.970616 -0.962611 -1.30777e-18)
(-0.952741 0.288618 -1.20861e-18)
(0.136562 0.536741 4.14059e-21)
(-1.07182 0.456882 -2.48671e-19)
(0.205865 0.968664 -7.20255e-20)
(-0.225123 1.5256 3.35822e-19)
(0.165678 -0.164281 -1.06676e-18)
(0.0548166 -0.724166 6.30719e-19)
(-1.56052 0.0176335 7.87019e-19)
(0.204647 1.10103 -1.59165e-19)
(-0.514317 -0.943579 -5.44117e-19)
(0.174927 0.0174657 -2.58481e-20)
(-1.41542 -0.50016 8.66316e-19)
(0.136189 -0.29267 5.16271e-18)
(0.0256944 -0.296905 4.6242e-19)
(-1.5004 -0.34845 2.16076e-19)
(0.128502 1.43393 3.3575e-20)
(-0.0863349 -0.775575 -4.21442e-20)
(0.0303678 -0.0127429 4.79107e-19)
(-0.0304328 0.000529628 5.39336e-19)
(-1.28205 0.706813 1.43969e-18)
(-0.115998 1.52928 1.66921e-19)
(0.179328 1.22449 -2.55921e-19)
(0.0338968 -0.254075 1.04933e-18)
(-1.03651 -0.88575 -8.22163e-19)
(0.177938 0.0437713 -1.66248e-19)
(0.128831 0.163777 -3.4484e-20)
(-0.213053 0.090398 1.26581e-18)
(0.0317745 -0.730125 1.81027e-19)
(-0.0625259 -0.766697 7.49404e-19)
(-0.0152222 1.4619 1.22558e-19)
(-1.27127 0.569717 1.44679e-18)
(-0.163655 -0.791572 6.25844e-20)
(-1.60134 -0.0830883 4.90699e-19)
(-1.58241 0.0658124 1.06582e-18)
(-1.53352 -0.254602 1.86875e-19)
(0.121276 0.454542 1.05928e-19)
(-1.13729 0.434913 -2.57199e-19)
(0.107588 0.598528 3.27948e-20)
(-0.430548 -0.932396 -1.49204e-18)
(-1.51074 0.243859 1.46013e-18)
(-0.981149 0.334924 -2.25588e-19)
(0.1157 -0.0145246 9.47843e-20)
(0.109599 -0.0201016 1.39189e-20)
(-1.18172 -0.736857 -3.83839e-19)
(0.128595 1.32164 -1.2454e-19)
(-1.0158 0.26505 -1.78519e-19)
(0.118942 0.695025 4.19203e-21)
(-0.0143506 -0.277708 -2.81215e-19)
(-1.10801 0.312309 -1.30744e-19)
(0.134067 0.805766 -2.92404e-20)
(-1.55497 0.166453 1.58581e-18)
(0.148147 0.930852 9.29849e-20)
(-1.31895 0.34201 -7.18822e-19)
(0.0474812 -0.172168 5.42158e-19)
(-0.0182314 -0.754231 -1.30003e-19)
(0.0536108 -0.144635 3.70696e-19)
(0.40263 -0.107317 8.12088e-20)
(-0.987399 0.274256 3.84321e-19)
(-1.41787 0.373438 -1.16886e-20)
(0.155364 1.06422 -1.04596e-19)
(0.0178835 -0.0251727 5.67928e-20)
(0.0702711 -0.145598 7.17889e-19)
(0.0238302 1.43925 1.24925e-19)
(0.119016 0.0902967 -2.20659e-20)
(0.110894 0.285029 1.93916e-20)
(0.148864 1.19492 -1.53243e-19)
(0.100273 0.513513 2.0949e-20)
(-0.202785 -0.802576 5.87789e-20)
(-0.823296 1.28257 1.74588e-19)
(-0.00805121 -0.74959 3.78917e-19)
(0.136365 0.00506833 2.67469e-20)
(0.106619 0.219725 -1.04675e-20)
(0.00739574 -0.752079 -3.68722e-19)
(-0.421304 1.38634 8.88768e-20)
(-1.25738 -0.639287 -2.218e-19)
(-0.649462 1.36854 2.73508e-19)
(0.113502 0.354457 -1.633e-19)
(0.139466 0.022828 9.64531e-20)
(-0.227467 0.377195 1.20503e-18)
(-1.22389 0.331615 7.62533e-20)
(-1.57183 0.0063888 5.54577e-19)
(0.107585 -0.0201026 -6.15007e-20)
(-1.50023 0.346087 -3.15739e-19)
(0.0346782 -0.793318 2.21903e-20)
(-1.05588 1.2019 7.88329e-19)
(-1.36967 -0.475929 -1.50399e-19)
(-0.963551 0.281164 -6.79994e-20)
(-0.253595 1.42266 1.86532e-20)
(-1.53538 0.164416 3.85005e-19)
(0.123497 1.30671 -1.26643e-19)
(-1.36675 0.308988 -5.96269e-19)
(0.195702 -0.133241 -2.72163e-19)
(-1.01473 0.324039 -1.55011e-19)
(0.108198 0.115697 1.56262e-20)
(-1.5525 -0.126896 2.84836e-19)
(-1.42311 -0.37619 -8.63328e-20)
(-1.12711 0.521704 5.04862e-19)
(0.0617073 1.3761 -2.87884e-20)
(0.0466943 -0.414353 1.67389e-18)
(-1.1514 1.08805 4.85753e-19)
(-0.127937 1.40257 -8.78797e-20)
(0.234163 -0.12279 1.58669e-19)
(-0.746399 -0.901452 -1.06298e-18)
(-1.43645 0.249479 -1.74082e-19)
(-0.0206689 -0.732002 -1.95459e-19)
(-1.25593 0.297755 1.71734e-19)
(0.0168008 -0.403989 2.00977e-18)
(0.080593 0.430037 1.3759e-19)
(-1.47259 -0.238026 1.99128e-19)
(0.317797 -0.220765 2.00642e-19)
(0.00153591 -0.368072 2.18083e-18)
(-0.355901 0.0882865 1.90316e-18)
(-0.0619636 1.406 -1.8314e-19)
(-0.12317 -0.73889 -1.36112e-18)
(0.254471 -0.259263 5.04456e-19)
(0.0948615 0.163043 -3.42123e-20)
(-1.53407 0.112021 2.85637e-19)
(-0.973366 0.283508 1.86076e-20)
(-0.0497088 0.118099 1.16343e-18)
(-1.56304 -0.0564601 2.58055e-19)
(-1.32515 0.23701 -1.88595e-19)
(-1.4646 0.228645 -1.66607e-19)
(0.0798692 1.38275 -6.37851e-20)
(-1.03811 0.351591 1.07308e-19)
(-0.0521272 -0.497441 9.53896e-19)
(-1.56053 0.0455443 4.96425e-19)
(-0.154456 -0.74037 -1.41618e-19)
(0.0800438 0.259593 -2.03366e-20)
(-1.10466 0.33264 -5.84152e-20)
(-0.834155 -0.865005 -8.9738e-19)
(0.0822286 0.325996 2.55877e-19)
(-1.00276 0.333291 1.00068e-19)
(-1.16259 0.606012 5.97473e-19)
(0.145948 0.084755 8.59877e-20)
(-0.0633454 -0.740104 8.59606e-21)
(0.1508 0.0590208 1.95651e-19)
(-0.963252 -0.751946 -3.51568e-19)
(0.0187694 -0.42909 2.4717e-18)
(0.0418466 -0.45233 2.57574e-18)
(0.182939 -0.228279 -5.13027e-19)
(0.0894731 0.389776 -2.64626e-19)
(-1.4597 0.135169 2.21068e-19)
(0.0767168 -0.0194789 -3.48666e-20)
(-0.961307 0.280898 3.46942e-19)
(-1.35157 0.204644 -9.48678e-20)
(0.0151834 -0.3463 5.20343e-19)
(-1.14832 0.308183 -3.95213e-20)
(0.00112941 1.38593 5.83693e-19)
(-1.50528 -0.165869 2.78185e-19)
(-0.325132 -0.811154 -9.8374e-20)
(-0.208459 0.302448 4.23629e-18)
(0.0207275 -0.426647 1.20647e-18)
(-1.44004 0.143385 -1.1989e-19)
(-1.35323 -0.318016 1.3244e-19)
(0.00168664 -0.755026 2.11897e-19)
(0.0439389 0.0366732 1.66399e-17)
(0.0235076 0.00606644 1.77614e-17)
(0.115064 0.0116925 1.3926e-19)
(0.133062 -0.139815 -4.97535e-19)
(-1.44423 0.170787 8.8436e-19)
(0.117256 0.00138485 9.39948e-20)
(-0.551942 1.1919 -7.76675e-20)
(-1.18767 -0.54205 -6.71038e-19)
(-0.759243 1.05942 -1.54448e-19)
(-1.22676 0.234401 -1.18474e-20)
(-1.25939 -0.459317 -1.46531e-19)
(-0.954135 0.275609 3.17234e-19)
(0.101794 -0.165617 1.36047e-17)
(-0.992597 0.505645 3.04842e-19)
(-0.2834 -1.22413 5.34692e-18)
(-0.24829 -0.560756 4.4098e-18)
(-1.04839 -0.688226 -2.97496e-19)
(-1.40544 -0.246641 2.38912e-19)
(0.14096 -0.104384 -2.08382e-19)
(0.0227702 -0.461738 6.47387e-19)
(-0.824543 0.972393 -1.92059e-19)
(0.0729912 0.198554 -1.95511e-20)
(-0.418686 1.25363 -7.90223e-20)
(0.0593326 0.617568 -1.12335e-19)
(0.0799883 0.116491 -1.69175e-19)
(0.0641864 0.715164 1.48698e-19)
(-1.01618 0.274352 -1.679e-20)
(0.12845 -0.0055084 -1.56013e-19)
(0.108879 -0.144357 -1.00398e-19)
(0.049801 -0.132954 -2.53052e-19)
(0.0729088 0.824195 3.6481e-20)
(-0.55711 -0.786105 -5.67107e-19)
(0.269108 -0.0678466 1.16097e-19)
(-1.25675 0.202571 1.71521e-20)
(-0.25323 1.29883 -1.38584e-19)
(-0.00542008 -0.130282 2.09512e-19)
(0.0820749 0.946459 2.24949e-21)
(-1.33602 0.139241 2.3358e-21)
(0.0878216 1.08068 -1.9415e-21)
(-0.0453902 -0.740365 -7.71185e-19)
(-0.0136685 -0.341165 2.18631e-17)
(0.0868899 1.22029 -5.99282e-20)
(0.0275373 1.41225 -7.03126e-20)
(0.104013 0.252957 2.40836e-17)
(-1.38938 0.102863 -1.68517e-20)
(-1.51884 0.0196883 -4.63974e-20)
(0.36296 -0.0769301 4.17734e-19)
(0.0213572 -0.49875 1.4569e-19)
(0.0759997 1.35299 -1.35258e-19)
(-0.987579 0.803016 6.18424e-20)
(0.122683 0.0348847 -6.31937e-20)
(-1.0478 0.253123 -1.09846e-20)
(-0.952544 0.898514 1.53039e-19)
(-1.56335 -0.0120654 1.15248e-18)
(-0.155489 1.33468 -1.68524e-19)
(-1.49055 -0.147349 3.28297e-19)
(-0.965935 0.256456 -1.07377e-19)
(0.534639 -0.54884 5.00386e-18)
(-0.938574 0.328946 1.54163e-19)
(0.0512754 0.52586 6.52088e-20)
(-1.54698 -0.0827989 -4.25661e-19)
(0.0347338 -0.137721 5.62221e-20)
(-1.12494 0.231273 -1.71837e-19)
(-0.109748 -0.705678 -4.83621e-20)
(-0.972513 0.448827 3.13076e-19)
(0.11862 0.053776 -1.09102e-19)
(0.128813 -0.256158 4.00454e-18)
(0.115642 -0.0155055 -1.03233e-19)
(0.175488 -0.0894564 -1.19731e-19)
(0.0551333 1.463 2.02269e-19)
(-0.385084 -0.817558 -2.54905e-19)
(-0.246669 -0.734758 2.44617e-19)
(-0.926513 0.307781 1.74065e-19)
(-0.0618393 1.35516 -8.62044e-19)
(-1.16259 0.205049 -1.44348e-19)
(0.0626957 0.146531 -7.36144e-20)
(-1.23878 0.140644 2.30029e-20)
(-0.98863 0.241736 -1.92641e-20)
(0.0182022 -0.548284 8.71104e-20)
(-0.0852153 -0.711784 5.03699e-19)
(-1.20589 -0.364702 8.28417e-20)
(0.067914 0.0774395 -8.05316e-21)
(-1.48684 0.084759 1.77772e-18)
(-0.0111524 -0.75141 -1.53307e-19)
(-1.30045 0.104819 -2.51753e-21)
(-1.39725 -0.195774 3.66564e-19)
(-1.27387 -0.302795 1.94249e-19)
(-0.925389 0.255643 -3.18351e-19)
(0.0504193 0.451749 1.03698e-19)
(-0.848448 0.594551 6.57605e-20)
(-0.583489 0.97366 -6.27777e-20)
(0.0492622 0.376025 5.41898e-20)
(-1.04211 0.204914 -3.00684e-19)
(-0.63464 -0.773309 -4.08785e-19)
(-0.0215004 -0.755639 -3.8458e-21)
(-1.60213 -0.000607282 5.70934e-19)
(-0.181734 -0.688453 6.07643e-19)
(-1.07781 -0.49138 -2.48228e-19)
(0.0287919 1.53627 7.52198e-20)
(-1.55492 -0.0978502 4.04176e-19)
(-0.733297 0.743692 6.03979e-20)
(-0.510205 1.04557 -8.05991e-20)
(0.0495058 0.304132 -1.93892e-19)
(-0.874548 0.410507 1.8799e-19)
(-0.0239315 1.40107 -1.13686e-20)
(-1.59421 -0.041308 7.22564e-19)
(-0.935709 0.238501 -2.08209e-19)
(-0.00482175 -0.095888 -3.30242e-21)
(-0.824609 0.66549 5.64329e-20)
(-0.00308411 -0.761988 -6.87904e-19)
(-0.70585 0.8187 2.26295e-20)
(-0.762747 -0.694871 -8.57637e-20)
(-0.870481 0.37041 1.57903e-19)
(-1.47212 -0.142162 5.12258e-19)
(0.0997088 -0.122613 7.21518e-20)
(-1.00013 -0.546674 3.88433e-19)
(0.0981356 -0.0935049 1.24493e-20)
(-0.843645 -0.664592 -2.09777e-19)
(0.0521122 0.103179 -3.18496e-20)
(-1.07352 0.179958 -2.35206e-19)
(0.252672 -0.0269935 9.87757e-20)
(-1.59507 0.0478982 1.66389e-18)
(-1.44978 0.0489616 -4.31919e-19)
(-0.00141351 -0.529785 1.75846e-19)
(-0.356597 1.15188 -1.22482e-19)
(0.179767 -0.0516668 3.31774e-21)
(-0.743004 0.496333 -4.02476e-20)
(-1.14551 0.138414 8.36227e-20)
(0.116802 -0.0815398 -1.7349e-20)
(0.130111 0.00656815 3.86741e-20)
(0.134784 -0.0104392 -6.39776e-20)
(0.745917 0.415653 -3.58749e-18)
(-0.875338 0.280541 -2.98818e-19)
(-0.219006 -0.681448 1.90251e-19)
(-0.292584 -0.734078 2.29151e-19)
(0.0822947 -0.125022 2.32698e-19)
(-0.124217 -0.664589 9.49254e-19)
(-0.154521 -0.651998 2.8983e-19)
(0.0461291 0.235373 -8.34917e-20)
(-0.973727 0.201201 -1.42227e-19)
(0.109805 0.0182002 -2.6198e-20)
(-0.801862 0.323886 -1.666e-19)
(-0.671325 0.579704 6.9359e-20)
(-1.20546 0.10878 -8.48457e-21)
(-0.766318 0.443431 -1.21193e-21)
(-0.254562 1.21569 -1.54676e-19)
(0.101253 0.031698 -3.78447e-20)
(-0.0375009 -0.73105 -1.90594e-19)
(0.0038029 1.56646 -1.86137e-20)
(-0.88101 0.255942 -1.19614e-18)
(-0.64561 0.639191 -2.61289e-19)
(-0.0655687 -0.694965 1.13475e-19)
(-0.56617 0.782086 2.80296e-19)
(0.0690238 -0.106248 5.73118e-20)
(0.0254593 0.464055 -2.06427e-20)
(-1.2794 -0.225368 3.45363e-19)
(0.0239997 -0.120867 4.17284e-19)
(0.0258838 0.526642 -6.53194e-20)
(-0.909334 0.202265 -6.42715e-20)
(0.0269401 0.596374 6.46475e-20)
(-0.81134 0.289455 3.97277e-19)
(-1.05228 -0.382111 -1.74958e-19)
(0.0298872 0.674579 2.39185e-20)
(-1.00228 0.17764 -9.40718e-19)
(-1.38894 0.0525465 -1.49966e-19)
(0.0343565 0.762786 -7.82488e-21)
(-0.694312 0.370025 -3.89187e-19)
(-0.0931771 -0.642536 -4.94178e-20)
(0.0404078 0.17483 1.44805e-19)
(0.0393701 0.857839 -1.03046e-20)
(0.042944 0.953026 -7.68103e-21)
(-0.5173 0.852572 -3.18341e-20)
(0.669863 -0.356724 4.21899e-18)
(-0.717209 0.327677 -3.47289e-19)
(-1.12972 -0.329438 1.54359e-19)
(-0.133843 1.28412 -2.55314e-19)
(-0.635166 0.45243 -6.22431e-19)
(-1.35828 -0.173314 5.0378e-19)
(0.0345651 -0.206924 2.65495e-19)
(0.0840558 -0.340181 1.62202e-17)
(0.0409462 -0.256965 1.76108e-17)
(0.0420615 1.03755 -1.52419e-20)
(-0.405263 0.980884 -4.43887e-20)
(-1.06276 0.12747 -2.40025e-20)
(-0.841491 0.215795 -5.99489e-20)
(-1.65856 -0.0721381 1.37459e-18)
(-0.609849 0.500843 -8.05255e-20)
(0.10195 -0.0472629 7.33689e-20)
(-1.76225 -0.0212494 1.59489e-18)
(-0.544777 0.629633 -9.44193e-19)
(-0.761427 0.238619 4.52148e-19)
(-1.72041 -0.0352923 1.52544e-18)
(0.0340461 0.122081 -2.06694e-19)
(0.0988308 0.0571507 -1.33549e-20)
(0.0539646 -0.109251 7.89514e-20)
(0.0345854 1.09939 9.79893e-20)
(-1.54591 -0.0928946 1.07129e-18)
(-0.930978 0.177572 5.40874e-19)
(0.138221 -0.00559014 -6.31948e-20)
(-0.0682092 -0.670469 -1.18052e-19)
(-0.582799 0.385571 -5.41424e-19)
(-0.664011 0.263886 6.56208e-21)
(-0.160556 -0.600437 -7.68141e-19)
(-0.50075 0.693058 -6.36254e-20)
(0.0196026 0.406548 9.69996e-20)
(0.0172873 0.347395 1.21686e-20)
(-1.11669 0.0989805 6.24933e-19)
(-0.859753 0.188108 5.20918e-20)
(0.0148841 0.291434 -6.21417e-20)
(-0.906015 -0.485536 -2.25204e-19)
(-0.0220048 1.54985 1.56873e-19)
(-0.608401 0.342485 -1.09103e-18)
(-0.0768188 1.35322 -2.97489e-19)
(0.168143 -0.0269891 3.51236e-20)
(-1.26551 0.0194793 1.48533e-18)
(-1.23846 -0.036183 1.38471e-18)
(-1.29446 0.0561367 -1.82316e-19)
(0.0892302 0.0776094 -1.46457e-19)
(-0.0460442 -0.718391 6.60259e-19)
(-0.828061 -0.524779 -3.02028e-19)
(-0.68926 0.226379 7.92031e-19)
(-0.780787 0.206082 4.07203e-19)
(-0.479459 -0.692289 2.21735e-19)
(-0.089398 -0.606411 -4.56694e-19)
(-0.409167 0.819017 1.49147e-20)
(-0.59982 -0.631728 4.48648e-19)
(-0.523115 0.496843 4.43921e-19)
(0.011828 0.234941 -3.46171e-20)
(-0.474683 -0.58903 3.26294e-19)
(-0.119642 -0.574711 -5.03839e-19)
(-0.327927 1.05387 -7.45557e-20)
(0.0299599 0.0550579 1.72799e-20)
(-0.233861 -0.618288 8.52391e-20)
(0.0213593 1.1306 9.14197e-20)
(-0.673485 -0.609025 -3.88031e-20)
(0.0716933 -0.269325 5.83232e-19)
(0.0151283 -0.0873241 1.84274e-19)
(0.0330052 -0.0824337 2.85797e-19)
(-0.195555 -0.581768 -3.44968e-19)
(-0.484059 0.553242 -1.67077e-19)
(-0.560981 0.279272 -1.62295e-19)
(-0.743397 0.149898 1.8335e-19)
(-1.01169 0.0231315 -2.03854e-19)
(-0.8295 0.137943 1.21869e-19)
(0.101062 -0.0294391 -2.85205e-19)
(0.116176 0.0155364 -8.54474e-21)
(-0.00287456 -0.792666 -5.74005e-20)
(-0.588303 0.239436 -4.94526e-19)
(-0.681022 -0.498454 -1.93382e-19)
(-0.904734 -0.380287 -1.84952e-19)
(-0.401871 0.670511 2.65567e-19)
(-0.274778 -0.60346 1.608e-19)
(-0.647616 0.163397 7.9758e-20)
(-1.39759 -0.104975 1.01153e-18)
(-0.355537 0.888678 -2.60768e-21)
(-0.00100406 -0.656466 7.75266e-20)
(0.038724 -0.6608 2.98506e-20)
(-0.0231275 -0.749723 -2.25146e-19)
(0.00805499 0.180767 5.51661e-20)
(-0.985259 0.127468 -4.00423e-20)
(-0.0364899 -0.700086 -1.11932e-19)
(-0.501449 0.37486 -3.46083e-19)
(-0.316062 -0.652559 4.22367e-19)
(-0.202469 1.173 -1.9101e-19)
(-0.98256 -0.337042 -1.11718e-19)
(-0.908554 0.129805 2.33841e-19)
(-1.14732 -0.238369 2.6265e-19)
(0.0711525 -0.0720679 -3.67902e-20)
(-0.537248 -0.567155 2.71585e-19)
(0.00508362 1.13134 1.04581e-19)
(0.00480772 0.132141 8.36185e-21)
(-0.466275 0.424874 6.34926e-20)
(-1.12165 -0.0409443 9.41452e-19)
(0.129328 -0.00201075 -4.63455e-21)
(-0.555251 -0.478039 -6.65056e-20)
(-0.689458 0.127344 1.37103e-20)
(-0.785188 0.116913 1.53356e-19)
(-1.12424 0.0310053 1.32782e-18)
(-0.390643 0.531184 2.01019e-19)
(-0.93202 0.0307927 -1.68952e-19)
(-1.20388 0.0531652 -2.21838e-19)
(-0.753887 -0.465579 -2.48816e-19)
(-0.365131 -0.639821 4.58332e-19)
(-1.22444 -0.00596866 1.21989e-18)
(-0.0486446 -0.624669 -1.35645e-19)
(-0.354953 0.738062 1.882e-20)
(-1.17439 -0.0208869 1.16286e-18)
(-0.417406 -0.704965 3.68482e-19)
(-0.545884 0.174646 -1.58416e-19)
(0.0231011 -0.0711625 3.92923e-19)
(-0.449957 0.305779 2.51487e-19)
(-1.22576 -0.188647 3.99899e-19)
(-0.483657 0.260313 2.65636e-19)
(-0.0239053 -0.7563 9.45791e-20)
(-0.243439 1.03357 -5.87157e-20)
(-0.424344 -0.538513 3.93663e-19)
(-0.00172272 0.088463 8.55906e-20)
(-0.0069628 0.0870472 5.92508e-20)
(-0.622957 -0.445948 -1.41172e-19)
(0.0653152 -0.0716161 -8.66811e-20)
(-1.03642 0.0994526 -5.89954e-19)
(-0.441116 -0.458676 2.78166e-19)
(-0.194776 -0.522842 -1.01913e-18)
(-0.279665 -0.535725 -1.16617e-19)
(-0.586489 0.136002 -1.50061e-19)
(-0.873066 0.10742 2.44889e-20)
(-1.0315 -0.0542806 9.54715e-19)
(-0.235073 -0.499268 -3.70271e-19)
(-0.768669 -0.368347 -1.40877e-19)
(-0.347479 0.594103 2.09763e-19)
(-0.325623 -0.514893 -2.57354e-19)
(-0.378259 0.400364 4.32632e-19)
(-0.11039 -0.527584 -2.91481e-19)
(0.035449 -0.0471971 9.96324e-20)
(0.0408461 -0.0314214 1.83723e-19)
(-0.436337 0.191247 1.62743e-19)
(-0.370656 -0.559071 3.52462e-19)
(-0.146368 -0.493305 -4.12617e-19)
(0.0908408 0.0308822 3.66072e-21)
(0.136027 -0.280545 3.44171e-18)
(-0.825948 0.0634551 5.44251e-20)
(-0.869524 0.0278214 -1.36514e-19)
(-0.639271 -0.356271 -7.79304e-20)
(-1.00855 -0.23886 1.30452e-19)
(-0.714306 0.0690826 -1.45103e-20)
(-0.5023 -0.429064 9.7199e-20)
(-0.0528995 1.482 -2.6287e-20)
(-0.0124503 1.10257 5.6419e-20)
(-0.47773 0.148323 1.27021e-19)
(-0.367812 0.27781 2.73794e-19)
(-0.338138 0.456749 1.57647e-19)
(-0.255651 0.884135 6.30811e-21)
(-0.0212577 -0.505352 -1.43154e-19)
(-0.0274248 -0.457775 -8.81426e-20)
(-0.130945 1.26262 -2.13308e-19)
(-0.0611628 -0.530589 -2.49044e-19)
(-0.928657 0.0586281 -1.87428e-19)
(-0.594884 0.0743747 -4.03227e-20)
(-0.320799 0.205136 3.01678e-20)
(0.0773017 0.0470485 -5.1877e-20)
(-0.329752 0.327359 3.25099e-19)
(-0.514336 -0.343526 2.1888e-19)
(-0.253928 0.733945 1.91596e-20)
(0.0407622 -0.0259835 -2.69749e-19)
(0.0333425 -0.038406 1.32896e-19)
(-0.843052 -0.331132 -1.08789e-19)
(-0.360935 0.159302 4.91637e-20)
(-0.234519 -0.432116 2.61757e-19)
(-1.22957 -0.107972 7.32745e-19)
(-0.921729 -0.0613761 7.1521e-19)
(-0.710154 -0.320139 -7.73732e-20)
(-0.334914 -0.441724 -1.09516e-18)
(-0.955301 0.100743 1.94235e-19)
(-0.28232 -0.401996 -2.39903e-19)
(-0.198424 0.978978 -3.02633e-20)
(-0.17801 -0.396645 2.27286e-20)
(-0.389081 -0.412817 -5.03222e-19)
(-0.464593 0.0827831 3.81123e-20)
(-0.0335956 -0.396551 7.02069e-20)
(-0.24858 0.585906 3.49038e-20)
(-0.0108545 -0.79129 1.2256e-20)
(-0.175885 1.13109 -9.96335e-20)
(-0.54509 0.0364607 -2.58305e-20)
(-0.135093 -0.433496 -5.5556e-19)
(-0.619633 0.0337793 -5.99953e-20)
(-1.1143 0.0537132 -1.74142e-19)
(-0.811057 0.0282109 -2.33729e-19)
(-0.393939 -0.331978 -6.32887e-19)
(-0.0146048 -0.53959 4.53976e-20)
(-0.580067 -0.308536 -1.4981e-20)
(-0.076781 -0.414842 4.31582e-21)
(-0.243288 0.441666 3.68832e-20)
(-1.08281 -0.192438 2.61494e-19)
(-0.464207 0.0387041 -2.89428e-20)
(-0.324727 0.0911045 1.2709e-21)
(-0.240277 0.303122 1.51753e-19)
(-0.105716 1.20621 5.76932e-20)
(-0.112559 1.02958 -8.21671e-20)
(-0.0568544 0.823191 -6.36855e-20)
(-0.867979 -0.231302 6.21085e-20)
(0.110977 -2.65259e-05 -1.35897e-19)
(-0.727251 -0.221123 2.38362e-20)
(-0.376607 0.0414743 3.40788e-20)
(-0.237238 0.17165 -3.50738e-19)
(-0.453206 -0.297132 -2.19577e-19)
(-0.162189 -0.324237 6.25626e-19)
(-0.041008 -0.319638 -1.31118e-20)
(-0.679748 -0.0612316 2.62976e-19)
(-1.0546 -0.104641 4.46316e-19)
(-0.882463 -0.097163 2.29156e-19)
(-1.02387 0.0549817 -1.3887e-20)
(-0.0939385 -0.278341 5.98718e-19)
(-0.687986 0.0310298 -2.43362e-20)
(-0.280112 0.0433179 -2.28004e-20)
(-0.209658 -0.287096 2.47629e-19)
(-0.587329 -0.210894 7.11562e-20)
(-0.277582 -0.32625 1.62491e-19)
(-0.202493 0.82274 2.42523e-21)
(-0.0487579 -0.225113 8.37573e-20)
(-0.171816 0.0445361 3.11329e-20)
(-0.17097 0.103085 6.40211e-19)
(-0.195646 0.220486 -3.04619e-20)
(-0.449482 -0.202658 2.42685e-19)
(-0.314527 -0.199767 2.57266e-19)
(-0.199109 0.667905 3.45251e-21)
(-0.936314 -0.187796 1.37296e-19)
(-0.330085 -0.290364 6.67219e-20)
(-0.19498 0.515572 5.95019e-21)
(-0.0561345 -0.101735 -1.74162e-20)
(-0.109717 -0.112811 -1.31024e-19)
(-0.192957 0.366628 2.8209e-20)
(-0.0045986 -0.567083 9.3657e-20)
(-0.291645 -0.0734912 1.66968e-19)
(-0.168525 -0.0496846 -9.79365e-20)
(-0.161082 -0.0760378 -1.22415e-20)
(-0.1834 -0.196548 1.64506e-19)
(-0.366026 -0.157629 2.69443e-19)
(0.0207868 0.0132074 -4.17717e-19)
(-0.0354815 0.0330407 -2.8045e-19)
(-0.0155005 -0.0262638 -6.25216e-19)
(-0.00079247 0.00267586 -1.31755e-19)
(-0.0189849 -0.00646276 -6.32424e-19)
(-0.00615721 -0.0278562 -2.4526e-19)
(-0.0580715 0.567164 -3.61071e-20)
(-0.106582 0.67477 -3.13428e-20)
(-0.750892 0.0286857 -1.45788e-21)
(-0.110396 0.850257 -4.94222e-20)
(-0.0595828 0.694384 -5.79222e-20)
(-0.0470397 0.943474 -1.13599e-20)
(-0.103878 0.503687 -1.03293e-20)
(-0.0559197 0.443411 -2.115e-20)
(-0.0303948 1.04013 3.07834e-20)
(-0.0847074 1.36373 -8.07149e-20)
(-0.566962 -0.0806728 2.01765e-19)
(-0.352116 -0.0483112 -1.65416e-19)
(-0.801578 -0.0632462 4.84629e-19)
(-0.258244 -0.046492 2.85882e-19)
(-0.425243 -0.0750258 1.06834e-20)
(-0.45326 -0.0524286 3.23492e-19)
(-0.719235 -0.0885048 4.49472e-20)
(-0.0762371 -0.0570003 2.71729e-20)
(-0.0671396 0.0271969 1.02731e-19)
(-0.0518101 0.0725276 7.95035e-20)
(-0.109444 0.16235 3.45172e-19)
(-0.0533959 0.199 -8.78343e-20)
(-0.0540978 0.321681 -1.23876e-21)
(-0.103499 0.335153 -3.99727e-21)
(-0.562505 -0.0570446 6.88146e-21)
(-0.228247 -0.157947 1.65749e-19)
(0.274471 -0.225443 4.5902e-19)
(-0.504482 -0.161541 6.9868e-20)
(-0.790071 -0.179087 5.54897e-20)
(-0.645882 -0.16966 8.25807e-20)
(0.090487 0.0225591 -1.75325e-19)
(0.0847477 0.000692007 -9.35261e-20)
(0.0924979 -0.200857 1.01392e-19)
(0.0312673 0.176108 2.42462e-17)
(0.0707225 -0.318443 9.81304e-19)
(0.0489345 0.00269784 5.38492e-20)
(0.0628614 0.0427806 3.17923e-20)
(0.734023 -0.202977 2.94096e-18)
(-0.283409 0.213082 9.47451e-19)
(0.0449519 0.064301 -8.19334e-21)
(0.0543227 0.0308889 -8.33457e-20)
(0.443277 0.714624 -3.34176e-18)
(0.274924 -0.198876 2.84672e-19)
(0.0969061 -0.305942 7.51968e-19)
(0.0100136 -0.268146 2.63594e-19)
(0.00191486 0.048627 8.39823e-20)
(0.0254224 -0.329635 6.30833e-19)
(0.715174 0.114955 2.10504e-18)
(0.570356 0.702378 -1.09141e-18)
(0.0702426 -0.217626 7.91768e-20)
(0.462994 -0.535134 4.35254e-18)
(0.0245287 -0.47241 8.76179e-19)
(0.764896 0.408832 -3.12641e-18)
(0.151937 -0.2957 3.44219e-18)
(0.0940773 -0.250042 1.05942e-19)
(-0.000603034 0.044054 2.42217e-18)
(-0.0159959 0.0742952 2.44878e-18)
(0.493214 -0.0531723 1.00433e-18)
(0.45144 0.0138549 9.64354e-19)
(0.622648 -0.371909 -2.45533e-19)
(0.511798 0.0395058 9.81017e-19)
(0.477229 0.00906294 9.45558e-19)
(0.401618 0.0149165 9.37785e-19)
(0.0208677 -0.172568 3.56109e-19)
(0.0714428 -0.369385 7.89504e-19)
(0.177357 -0.333383 7.08202e-19)
(-0.189714 0.0604596 1.129e-17)
(-0.0262133 0.0454984 1.37802e-17)
(-0.101174 0.0629589 1.34204e-17)
(0.187474 -0.460793 7.81593e-19)
(0.21958 -0.258889 2.79079e-18)
(0.733808 0.335005 1.40908e-18)
(-0.235494 -0.0382286 1.29285e-17)
(0.531254 0.849079 -2.73344e-18)
(-1.1999 -0.243486 -3.44132e-18)
(0.190882 -0.309193 5.79207e-19)
(0.147334 -0.26252 3.06679e-19)
(0.597279 -0.667598 -2.48018e-19)
(0.0056614 0.190496 2.24464e-17)
(0.289759 -0.201439 4.34023e-19)
(0.114654 0.194138 2.30643e-17)
(0.49235 0.3281 -2.52187e-18)
(0.257932 0.356757 -1.93597e-18)
(-0.1329 -0.17289 1.24814e-17)
(0.598734 -0.0461373 1.12142e-18)
(0.715069 0.0547963 6.99877e-19)
(0.650948 -0.124894 6.11593e-19)
(0.699518 0.0487953 1.17152e-18)
(0.72369 0.0600383 -3.38137e-19)
(0.664712 0.0226927 1.08138e-18)
(0.020872 0.14351 -8.71602e-19)
(-0.0333428 0.255489 -7.70871e-19)
(0.0342803 -0.168971 -2.46313e-20)
(0.249199 -0.286739 2.96422e-18)
(0.0368111 0.125178 2.04471e-17)
(0.308927 -0.195979 1.41622e-19)
(0.736166 0.352386 5.73362e-19)
(-0.140617 0.0756112 1.57236e-17)
(0.499821 0.668129 -4.30247e-18)
(-0.00216704 0.136742 1.91209e-17)
(0.819205 0.684173 -1.58021e-18)
(-0.28946 0.0594647 1.72207e-17)
(0.347751 -0.264749 2.1897e-18)
(-0.0640552 0.141694 2.01488e-17)
(0.858412 0.61569 -1.3831e-18)
(0.434652 0.473469 -1.69589e-18)
(-0.0517502 0.00527987 1.32551e-17)
(0.730299 0.740019 -3.03476e-19)
(-0.00708792 0.15537 2.1045e-17)
(0.734887 0.796666 -4.13584e-18)
(-0.306027 -0.0472969 1.89657e-17)
(0.486004 -0.546457 5.04183e-19)
(0.818069 0.636589 -3.8792e-18)
(0.376862 -0.316304 2.33212e-18)
(-0.000718135 0.0910713 3.06214e-18)
(-0.0210211 -0.0736098 2.17419e-17)
(0.661396 -0.609733 8.01298e-20)
(-0.0918583 0.0305823 2.07444e-17)
(0.59016 1.10312 -3.31987e-18)
(-0.0341468 -0.229695 1.589e-17)
(0.766185 0.248005 -2.93115e-18)
(0.476846 -0.323942 2.02144e-18)
(0.823438 -0.633479 1.5553e-21)
(0.495365 0.737087 -4.71052e-19)
(0.692974 0.898226 -4.57196e-18)
(0.0779597 0.123832 -8.93947e-19)
(0.488528 -0.390472 2.94277e-18)
(0.509477 -0.474049 -2.39529e-19)
(0.690148 0.806405 -5.36269e-19)
(0.525323 -0.596179 -1.87344e-19)
(0.59201 -0.408819 2.47353e-18)
(0.0295847 0.291039 1.16658e-18)
(0.592984 -0.37722 2.4501e-18)
(0.605415 -0.555328 -7.09698e-21)
(0.0541911 0.164615 2.56045e-17)
(0.740375 -0.148547 2.60572e-18)
(0.0218841 0.218282 2.50663e-17)
(0.147008 0.0792214 2.55081e-17)
(0.124389 0.130355 2.32382e-17)
(0.245506 0.36883 1.49167e-18)
(0.751838 -0.291126 2.81113e-18)
(0.35848 0.0994098 -1.28845e-18)
(0.379673 0.0263576 -7.86161e-19)
(0.742492 -0.57566 1.75281e-19)
)
;

boundaryField
{
    patch0
    {
        type            noSlip;
    }
}


// ************************************************************************* //
