/*--------------------------------*- C++ -*----------------------------------*\
  =========                 |
  \\      /  F ield         | OpenFOAM: The Open Source CFD Toolbox
   \\    /   O peration     | Website:  https://openfoam.org
    \\  /    A nd           | Version:  8
     \\/     M anipulation  |
\*---------------------------------------------------------------------------*/
FoamFile
{
    version     2.0;
    format      ascii;
    class       volScalarField;
    location    "0.05";
    object      nut;
}
// * * * * * * * * * * * * * * * * * * * * * * * * * * * * * * * * * * * * * //

dimensions      [0 2 -1 0 0 0 0];

internalField   nonuniform List<scalar> 
1924
(
0.00324942
0.00324737
0.00330593
0.00330903
0.00326507
0.00331062
0.00331183
0.00331209
0.00331242
0.00329998
0.0033128
0.00331341
0.00330122
0.00331343
0.00330786
0.00330681
0.00330403
0.0033147
0.00322644
0.00331505
0.00324044
0.00330141
0.00330298
0.00331651
0.0033013
0.00330127
0.00330149
0.00323644
0.00325724
0.00330667
0.00330345
0.00330127
0.00316069
0.00330429
0.00326887
0.00330222
0.00330142
0.00327962
0.00330524
0.00330411
0.00330142
0.00327604
0.00330128
0.00330313
0.00321474
0.0031579
0.00307536
0.00329389
0.00295514
0.00306697
0.00329094
0.00329577
0.00330145
0.00325938
0.00303
0.00329088
0.00314712
0.00325812
0.00321251
0.00330138
0.00330233
0.00330653
0.00330094
0.0033046
0.00327128
0.00330112
0.00330323
0.00330202
0.00322875
0.00329187
0.00309259
0.00330565
0.00330331
0.00330747
0.00330773
0.003104
0.00330954
0.0033084
0.00330142
0.00329982
0.00332438
0.00330154
0.00324043
0.00322971
0.00321247
0.0033016
0.0032461
0.00330848
0.00295769
0.00315505
0.00330362
0.00330131
0.00315251
0.00323942
0.00325029
0.00322591
0.00331112
0.00332224
0.00330155
0.00307947
0.00330249
0.00326852
0.003302
0.0033014
0.00327164
0.00330981
0.00329535
0.00327964
0.00330105
0.00323107
0.0033125
0.00326218
0.00328149
0.00329282
0.00330729
0.00312574
0.00330568
0.00330608
0.0033004
0.00330999
0.00315955
0.00105965
0.00317
0.0030571
0.00330371
0.00329938
0.0031897
0.0033086
0.00326505
0.00103554
0.00331276
0.00330133
0.000297069
0.0032796
0.00329411
0.00328879
0.0032897
0.0032843
0.00331675
0.0032863
0.00328428
0.00330511
0.000229736
0.000212532
0.00330695
0.00316291
0.0032934
0.0031659
0.00330082
0.00330009
0.00318214
0.000525714
0.00324946
0.00330417
0.00330867
0.00330272
0.00107178
0.00329799
0.00331327
0.000349292
0.00330193
0.00294979
0.00330588
0.0010516
0.00318804
0.00329778
0.00330415
0.000815694
0.00331086
0.00328682
0.00318988
0.00330861
0.00331003
0.00330127
0.00329451
0.00330378
0.00330504
0.000612621
0.00330164
0.00330637
0.00330426
0.00330619
0.00330842
0.00330475
0.00288333
0.00310881
0.00327657
0.00330414
0.00331183
0.00330489
0.00329883
0.0033097
0.0033133
0.00330717
0.00330516
0.000521235
0.00330404
0.00330417
0.00330432
0.00330403
0.000608503
0.00318363
0.00330182
0.00330929
0.00324746
0.00330401
0.00330706
0.0032939
0.0032438
0.000210997
0.00103775
0.00329638
0.00331529
0.00330523
0.00330384
0.00330933
0.00330055
0.0033024
0.00330769
0.00330842
0.00330363
0.003219
0.00330397
0.00331326
0.00331037
0.00330368
0.00331388
0.00331277
0.00330555
0.00330374
0.000430751
0.00330258
0.00330418
0.000554371
0.00330391
0.000204481
0.00331736
0.00330747
0.00330496
0.000516321
0.00330512
0.00330347
0.00331997
0.0033002
0.000475018
0.00327299
0.00330989
0.00330482
0.0033088
0.00331111
0.00309488
0.000886739
0.00330552
0.00330145
0.00331182
0.00331289
0.00330117
0.00330264
0.00330431
0.00330808
0.00330463
0.00330535
0.00330108
0.00330936
0.00330121
0.00330644
0.00326814
0.00330953
0.00308551
0.000576468
0.00330327
0.0032383
0.00309545
0.00330239
0.00330209
0.00333225
0.0033109
0.00330348
0.00330398
0.00330376
0.00070376
0.000370995
0.0033032
0.00330586
0.00320985
0.00330723
0.00331446
0.000900245
0.00330777
0.00330314
0.0033057
0.00330311
0.00330369
0.00331627
0.00302694
0.00323577
0.00331092
0.00330359
0.00330881
0.00331383
0.000521613
0.00330512
0.0033217
0.00330027
0.00331031
0.00330216
0.00328315
0.00332419
0.00330234
0.00326053
0.00329266
0.00329986
0.00330574
0.00330116
0.00331258
0.00329527
0.00330462
0.00330843
0.00330582
0.00330482
0.00330417
0.00330292
0.00330585
0.00328593
0.00330185
0.00332104
0.00330323
0.0033021
0.00330747
0.00331581
0.00330342
0.00330235
0.003301
0.00331191
0.00330694
0.00330319
0.00330151
0.0033061
0.00330612
0.00330602
0.0033165
0.00328413
0.00330118
0.00330414
0.00330998
0.00330526
0.000400681
0.00330309
0.00329956
0.0033018
0.00330119
0.000435992
0.000659145
0.00331688
0.00329997
0.0033119
0.00282536
0.0033081
0.00330195
0.00317739
0.00330334
0.00331222
0.00331929
0.00330173
0.00330118
0.00330643
0.0033011
0.00330249
0.00330583
0.00330618
0.00332544
0.00330467
0.00330167
0.00330513
0.00330112
0.00059862
0.00331042
0.00330838
0.00330114
0.00330341
0.00330442
0.00331024
0.00330289
0.00330493
0.00330293
0.00332808
0.00330527
0.00330177
0.00330112
0.00330644
0.000574208
0.00330076
0.00330301
0.00330193
0.00330652
0.000163352
0.00330111
0.0033011
0.00331722
0.00330532
0.00324023
0.00330765
0.00330412
0.00318405
0.0002596
0.00330116
0.00333504
0.00330214
0.00330166
0.0033011
0.00330281
0.00330059
0.00330878
0.0033068
0.00330616
0.00329997
0.00333607
0.00331247
0.00330104
0.00331009
0.00331431
0.00330219
0.00333674
0.0033036
0.00330106
0.00331967
0.00331284
0.0032916
0.00330083
0.00330097
0.00330119
0.00332988
0.00330099
0.00330024
0.0033066
0.00330098
0.0033224
0.00323453
0.00330677
0.00330103
0.0033026
0.00330099
0.0033047
0.00316736
0.00330238
0.000202872
0.00330289
0.00330559
0.00330266
0.00330123
0.00330739
0.00330068
0.00330501
0.003319
0.00330099
0.00330279
0.00332956
0.00330895
0.00330007
0.00330391
0.00331999
0.00330082
0.00330034
0.00330002
0.00330376
0.00330129
0.0033015
0.00330565
0.00330701
0.00328952
0.00330092
0.00330032
0.00329457
0.00333299
0.00330185
0.00331555
0.00329105
0.00330805
0.00330235
0.00330447
0.00330245
0.00330688
0.00330081
0.00330159
0.0033007
0.00330089
0.0033008
0.00330388
0.00330079
0.00331428
0.00326737
0.00330079
0.00330016
0.00331054
0.00331457
0.00333788
0.00330305
0.0033008
0.0033008
0.00329507
0.0033168
0.00330762
0.0033022
0.00330074
0.0033045
0.0032997
0.00331049
0.00330075
0.00330036
0.00332318
0.00331026
0.003342
0.0033008
0.00330467
0.00330086
0.00330095
0.00330065
0.0033024
0.00330697
0.00330383
0.00329986
0.0033091
0.00333583
0.00332635
0.00330498
0.00330253
0.00329532
0.00330178
0.00330072
0.00330588
0.00329979
0.00330853
0.00330021
0.00330106
0.00330333
0.003301
0.00330672
0.00330166
0.00330313
0.00330058
0.00330035
0.00330334
0.00330056
0.00330727
0.0033339
0.00330056
0.00327947
0.00330211
0.00330147
0.00332187
0.00330056
0.00330051
0.00330429
0.00329989
0.00330052
0.00330083
0.00330156
0.00329588
0.00328317
0.00327915
0.00330051
0.00329972
0.00322142
0.00330049
0.00330195
0.00330146
0.00332934
0.00330988
0.00328345
0.00330022
0.00333706
0.00330055
0.0033005
0.00330047
0.0032964
0.00330056
0.00330106
0.00330431
0.00331725
0.0033005
0.00330028
0.00330251
0.00330724
0.00330049
0.00327287
0.00330104
0.00331223
0.00329931
0.00334529
0.00329557
0.00330038
0.00329977
0.000698072
0.00328798
0.00329893
0.00331992
0.00330058
0.0033117
0.00330097
0.00329961
0.0031454
0.00331064
0.00330505
0.00329045
0.00329991
0.0033079
0.00330211
0.00331921
0.00330166
0.00329902
0.00330033
0.0033062
0.00330084
0.00331573
0.00330017
0.0033014
0.00330449
0.00330291
0.00321913
0.00330373
0.00332656
0.00334513
0.00331026
0.00330015
0.00330693
0.00328443
0.00330092
0.00330187
0.00330223
0.00330043
0.00330302
0.00330026
0.00331265
0.00329951
0.00329979
0.00314307
0.00330025
0.00322598
0.00330029
0.00332938
0.00330024
0.00330019
0.0032999
0.00330016
0.00329944
0.00330738
0.00330007
0.00330381
0.00330028
0.00330169
0.00329949
0.00330018
0.0032969
0.00330474
0.00330072
0.0033002
0.00329941
0.00331305
0.00330012
0.00330029
0.00330087
0.00330037
0.00328599
0.00333607
0.00330023
0.00327787
0.00329998
0.00330249
0.00329953
0.00329978
0.00329984
0.0033377
0.00328385
0.00331837
0.00330622
0.00333977
0.00330704
0.00330333
0.00329746
0.00330035
0.00331438
0.00331247
0.0033008
0.0033005
0.00329992
0.00330656
0.00330022
0.0032988
0.00331985
0.00330041
0.00330383
0.00330489
0.0033102
0.00329992
0.00329935
0.00330875
0.00330019
0.00329904
0.00329975
0.00329975
0.00334766
0.00329922
0.00329998
0.00330402
0.00327825
0.00329998
0.00329995
0.0032999
0.00332226
0.00329954
0.00329941
0.00329899
0.00329993
0.00330077
0.00329979
0.00330191
0.00329992
0.00329925
0.00330741
0.00314537
0.00328744
0.00330152
0.00332909
0.0033002
0.00330282
0.00057131
0.000285057
0.00316118
0.00330245
0.00332683
0.00329993
0.00329993
0.00330355
0.00329967
0.00330045
0.00329975
0.00330019
0.00329999
0.00330071
0.00329916
0.00328931
0.00329994
0.00334813
0.000609489
0.00331197
0.000630523
0.00329952
0.00330006
0.00329943
0.00332874
0.00329961
0.00329921
0.00330725
0.00329192
0.00330207
0.00330408
0.00321477
0.00322677
0.00325913
0.00330105
0.00322471
0.00329994
0.00330264
0.00332781
0.00329956
0.00329979
0.00329959
0.00329948
0.00329976
0.00329968
0.00330192
0.00329966
0.00329418
0.00329967
0.00330349
0.00331429
0.00329942
0.00329956
0.00329978
0.00329969
0.00329898
0.00330939
0.00330666
0.00326249
0.00331447
0.00322492
0.00330311
0.00329971
0.0033088
0.00330431
0.00329969
0.00329905
0.0033103
0.00329967
0.0032994
0.00333184
0.00331617
0.00310737
0.0032997
0.00329913
0.0032967
0.00330213
0.00329946
0.00321266
0.00333313
0.00330475
0.0032801
0.00330153
0.00329968
0.00329939
0.00322682
0.00331984
0.00330295
0.000620098
0.00329918
0.00329963
0.00330022
0.00329714
0.00329941
0.00330055
0.00329887
0.00330418
0.00330584
0.00329854
0.00329985
0.00332073
0.00329933
0.00330001
0.00329968
0.00329953
0.00330208
0.00334507
0.00329919
0.00329938
0.00329929
0.00329936
0.00329385
0.00330002
0.00331383
0.000244961
0.00331263
0.000679671
0.00329942
0.00329928
0.00285782
0.00329884
0.00329943
0.00329924
0.00330073
0.00329894
0.00330696
0.00329966
0.00329923
0.00331542
0.00330176
0.00329944
0.00329875
0.00329918
0.00327816
0.00322699
0.00329991
0.00330472
0.00329943
0.00316901
0.00329868
0.00329943
0.00328916
0.00329925
0.00329928
0.00329936
0.00331216
0.003299
0.00329848
0.00330558
0.00329914
0.00315392
0.00334514
0.00329877
0.000713318
0.00329945
0.00321142
0.00329902
0.00330033
0.00316824
0.00329897
0.00329916
0.00329944
0.00331509
0.00329963
0.00329979
0.00329907
0.00330974
0.000656787
0.00330261
0.00331004
0.00331149
0.00331431
0.00330111
0.00329857
0.0033022
0.00329918
0.00317503
0.00329902
0.00316015
0.00329909
0.00329912
0.0033071
0.00329676
0.00329916
0.00330585
0.00329915
0.00315233
0.00331477
0.000212713
0.0032266
0.00329944
0.00329813
0.00329907
0.00329899
0.00323984
0.00316861
0.00330184
0.00329898
0.00329787
0.00330606
0.00329912
0.00331955
0.00330344
0.00330718
0.00329919
0.00329893
0.0033008
0.00329901
0.00329819
0.00329921
0.00330314
0.00329995
0.00329824
0.00329919
0.00329944
0.00329475
0.000345219
0.00329918
0.00319419
0.00070255
0.0032992
0.00329885
0.00329921
0.0032988
0.00330123
0.00329802
0.00329898
0.000295835
0.00329828
0.00329964
0.000297766
0.00329838
0.000281598
0.00329887
0.00330022
0.00328347
0.00326367
0.00329829
0.00331153
0.00327801
0.00329922
0.00330347
0.00329886
0.0032989
0.00328901
0.00333758
0.00329827
0.00317871
0.00329889
0.00330201
0.00314562
0.00329877
0.00329894
0.00329952
0.00328334
0.003301
0.00329895
0.00329781
0.00329823
0.00329884
0.00329939
0.00329874
0.00327853
0.00322093
0.00329709
0.00330132
0.00329923
0.00327149
0.00329817
0.00329712
0.00321258
0.00329703
0.00329963
0.00329979
0.00329881
0.00329882
0.00329643
0.00329701
0.00330005
0.00329713
0.00330255
0.00330122
0.00331703
0.00330997
0.00328937
0.00329808
0.00329778
0.00330051
0.00329899
0.00331053
0.0033049
0.00329899
0.00329897
0.00329713
0.00329873
0.00330688
0.00330175
0.00330802
0.000376567
0.00332055
0.00329673
0.00329901
0.00329708
0.00329922
0.00329384
0.00330481
0.00316337
0.00329676
0.00329335
0.00329947
0.00315971
0.00322688
0.00329702
0.00331835
0.00330406
0.00329862
0.00329762
0.00330102
0.00330998
0.00329935
0.00330029
0.00329867
0.00323658
0.00329871
0.00329871
0.00329902
0.00329693
0.00330456
0.00329844
0.00329797
0.00331863
0.00331243
0.00329866
0.00330354
0.00329921
0.00329095
0.00329874
0.00329656
0.00329087
0.00316321
0.00329852
0.00329496
0.00330131
0.00329858
0.00322598
0.00327792
0.00330061
0.0032889
0.00329683
0.00329082
0.00329875
0.00329903
0.000702509
0.00329992
0.00329076
0.00329848
0.000701382
0.00329879
0.00329067
0.00319163
0.00329726
0.00329115
0.00321609
0.00329877
0.00330043
0.00329855
0.00329058
0.00329972
0.000704879
0.000699872
0.00329785
0.0032988
0.003301
0.00331528
0.00329904
0.00329614
0.00328122
0.00329049
0.00329116
0.000720019
0.0032985
0.00301316
0.0032907
0.00329852
0.00329939
0.00329849
0.00329747
0.00329925
0.000245698
0.000239118
0.00331074
0.00329812
0.00329672
0.00330682
0.00328115
0.00329842
0.00329853
0.00329633
0.00330005
0.00330729
0.0033047
0.00329531
0.00329883
0.00328109
0.0006894
0.00321416
0.0032997
0.00329914
0.00330056
0.00328096
0.0032814
0.00329833
0.00329812
0.00325109
0.00322734
0.00328083
0.00329983
0.000284241
0.00315974
0.00329054
0.00329039
0.00070548
0.00329772
0.0032807
0.000699793
0.000645092
0.00329884
0.0031884
0.00330044
0.00329948
0.00330119
0.00330546
0.00329811
0.003299
0.00330294
0.00329858
0.00329855
0.000308692
0.000740778
0.00329659
0.000656026
0.00327787
0.00329859
0.00312875
0.00328058
0.00330452
0.00328173
0.00328133
0.0032888
0.00331005
0.00329933
0.00329863
0.00321394
0.00330317
0.00329916
0.00329904
0.00328106
0.0033001
0.00328227
0.00329837
0.00323427
0.000702963
0.00329029
0.00329832
0.00329826
0.000835143
0.00323394
0.00329832
0.00315417
0.000696245
0.00329898
0.00319346
0.00329817
0.00323365
0.00329021
0.00329892
0.00330049
0.00329864
0.00323492
0.00329883
0.00323338
0.00329758
0.00328519
0.00310812
0.00329885
0.00323318
0.00330177
0.00329585
0.00329989
0.00330127
0.00322672
0.00329904
0.00328045
0.00330351
0.000278787
0.000264333
0.00329834
0.00329645
0.00323305
0.00329505
0.00330034
0.0032971
0.00328084
0.00306005
0.000816945
0.0033004
0.00329019
0.00329835
0.00330505
0.00329776
0.00329761
0.00329783
0.00323723
0.00329877
0.0031695
0.00330257
0.00329862
0.00329865
0.00322786
0.00315991
0.00330005
0.00323297
0.00329842
0.00316918
0.000290844
0.00329838
0.00316898
0.00329759
0.0031686
0.00329837
0.000723213
0.00327182
0.00327326
0.000864145
0.00329843
0.00329848
0.00316824
0.000308499
0.00328594
0.00328033
0.00328787
0.00323569
0.00316795
0.00317056
0.00330477
0.0032981
0.00321902
0.00327777
0.00323571
0.00308776
0.00329743
0.00329987
0.00329801
0.00323847
0.00328857
0.00307299
0.00329825
0.00329127
0.000703635
0.00329747
0.000791866
0.00329815
0.00329906
0.00329845
0.00329631
0.00329147
0.0031677
0.00329733
0.00324306
0.00329859
0.00327983
0.00329122
0.00329788
0.00329818
0.00323293
0.000328014
0.00329816
0.00329008
0.00319695
0.0033006
0.00329137
0.0030289
0.00329722
0.000329185
0.0031744
0.00329128
0.00331073
0.000334805
0.00300378
0.00328021
0.00330019
0.00330703
0.00323564
0.00328224
0.0032984
0.000566738
0.00328155
0.00329122
0.00328216
0.0031675
0.00329821
0.00032685
0.00328155
0.00330239
0.00317093
0.0032981
0.00330031
0.00317156
0.00329823
0.00329817
0.00329528
0.00328447
0.00329499
0.00329992
0.000314772
0.000328945
0.00329084
0.00317854
0.00323663
0.00030791
0.00329825
0.00328182
0.000626762
0.00329709
0.00323293
0.00328159
0.00330345
0.000525029
0.00033735
0.00323533
0.00329137
0.000766462
0.00026233
0.000266742
0.0032282
0.00328531
0.00317314
0.00316014
0.00329728
0.00329901
0.00329785
0.00329116
0.00329787
0.0032982
0.00030416
0.00329802
0.000311827
0.000324575
0.00329976
0.00328174
0.00323889
0.000374137
0.00329794
0.00317111
0.00329616
0.000718148
0.00323354
0.00071759
0.00329793
0.000704441
0.00329221
0.00320821
0.000717194
0.00330101
0.000720356
0.00328179
0.00328998
0.000705805
0.000716928
0.00323477
0.000716859
0.00325746
0.000620235
0.000716898
0.00316733
0.00323472
0.00317068
0.00317769
0.000469538
0.000394906
0.000717011
0.00329799
0.00327696
0.00329694
0.00329799
0.0032349
0.00328009
0.00323319
0.00329775
0.00330127
0.00329804
0.000719662
0.0032331
0.00314271
0.00329109
0.00328813
0.00329803
0.00328668
0.00330339
0.000307241
0.00318819
0.000717195
0.00330258
0.00330348
0.00329799
0.00323296
0.00328174
0.00317037
0.00323517
0.00329676
0.000393681
0.00327158
0.00329138
0.0032155
0.000717778
0.00310993
0.00317117
0.00323351
0.00328187
0.00329755
0.000719924
0.00329784
0.00329713
0.000720006
0.00329099
0.00330049
0.00075817
0.0031729
0.0032995
0.00329776
0.000717441
0.00316943
0.00329778
0.00329601
0.000720866
0.00329784
0.00316719
0.0031698
0.00329657
0.000328801
0.00329783
0.00295204
0.00329769
0.00329981
0.00329779
0.00316974
0.00327254
0.00329887
0.00321516
0.00329961
0.00316306
0.00328166
0.00033559
0.000735395
0.000716268
0.00038465
0.00328987
0.000724773
0.00329765
0.00323546
0.0031754
0.000705302
0.000306519
0.00309054
0.00329736
0.00330146
0.00330306
0.00326592
0.00327385
0.00328867
0.000721927
0.00329088
0.00315964
0.00329716
0.00329763
0.00317136
0.0032976
0.00327998
0.00322662
0.00318156
0.000717743
0.00329638
0.00329754
0.00321088
0.00329698
0.00319334
0.00031405
0.00323369
0.00070428
0.000314172
0.00329074
0.000314279
0.00329618
0.00329124
0.000314315
0.00328156
0.000717377
0.000314289
0.00329697
0.00321551
0.000723067
0.000314205
0.000314067
0.00329586
0.00330104
0.003296
0.0032818
0.00323302
0.00329738
0.00316998
0.00330406
0.000258058
0.00025458
0.000313881
0.00328977
0.00323574
0.0032906
0.000714176
0.00329736
0.00072478
0.000715209
0.00329683
0.00329046
0.000714057
0.000722787
0.0032693
0.00313297
0.00031365
0.000714178
0.00328143
0.000305772
0.00313483
0.00329668
0.00329031
0.0032746
0.00329571
0.000313827
0.000313407
0.0031715
0.00328129
0.000312962
0.00329754
0.000718092
0.00329578
0.00316707
0.000329609
0.000306434
0.000313171
0.000718068
0.00327062
0.00312115
0.00329867
0.00328099
0.00328114
0.00330093
0.00313611
0.00328966
0.00329988
0.00329659
0.000312448
0.00330014
0.0032165
0.00327987
0.000710836
0.00329877
0.000313382
0.00329952
0.00328564
0.000322659
0.000705476
0.00328874
0.00329554
0.00329003
0.00323654
0.000315281
0.00323638
0.000325428
0.000706162
0.000683102
0.00328079
0.00329849
0.00329095
0.00328954
0.0033003
0.00323667
0.000713953
0.00327975
0.000357987
0.000337176
0.00305911
0.000311816
0.00323599
0.000706642
0.00329498
0.00330188
0.00323312
0.0032814
0.0032362
0.00323351
0.00310679
0.0032996
0.00031308
0.000310943
0.00329485
0.000316548
0.000304997
0.00329841
0.00317162
0.00317165
0.000319218
0.00328932
0.000314907
0.000718782
0.00329727
0.00330135
0.000316424
0.000708691
0.00327963
0.000316351
0.00330164
0.00323661
0.000320005
0.00328807
0.00316998
0.00327988
0.000703376
0.00323322
0.00329977
0.000306233
0.000305027
0.00329702
0.00308971
0.00317161
0.00329833
0.00327529
0.00329778
0.00317151
0.00317166
0.000316786
0.0032886
0.00329055
0.00327947
0.00329893
0.00328758
0.00313878
0.000724706
0.00032024
0.00323466
0.00330029
0.003219
0.00315304
0.00330415
0.000721678
0.000314441
0.00329011
0.00323289
0.00072237
0.00329683
0.00071849
0.000312746
0.00317076
0.00327197
0.00327867
0.00323332
0.000320762
0.000318634
0.00316701
0.000711557
0.000720972
0.000723048
0.00321788
0.00321116
0.00327137
0.00328961
0.00323342
0.000705945
0.000316624
0.00328076
0.003164
0.00327576
0.000713551
0.000316969
0.00327989
0.00329619
0.00317166
0.00328661
0.00316688
0.00322096
0.00329595
0.000723665
0.000316083
0.00323338
0.000692975
0.00316696
0.000311626
0.00314542
0.000312218
0.000719521
0.000313932
0.00328735
0.000321696
0.00327898
0.000715857
0.00323163
0.00316907
0.000311039
0.000723665
0.0032159
0.000719408
0.00071991
0.000311591
0.00323182
0.000304151
0.00323041
0.000310455
0.00311623
0.00327739
0.00314732
0.000312844
0.000316873
0.000713388
0.000713517
0.000720254
0.00071971
0.000312807
0.000309838
0.00320612
0.00322898
0.00326815
0.00316682
0.0003099
0.000308613
0.000716324
0.00311453
0.00322598
0.00320826
0.00316673
0.00316708
0.00326803
0.00316604
0.000308897
0.000723324
0.00315983
0.000323463
0.000717607
0.000310615
0.000716284
0.00310532
0.00314947
0.00031102
0.000668255
0.000301068
0.000299568
0.000683892
0.000310667
0.000310693
0.000721033
0.000313383
0.000720453
0.000311154
0.000311997
0.000721594
0.000310207
0.000312382
0.000718932
0.000714739
0.000314267
0.000317013
0.000312633
0.000716086
0.000315529
0.000713881
0.000307529
0.000295494
0.000296009
0.000714669
0.000308526
0.000309656
0.000721626
0.000316419
0.0031015
0.0033088
0.00315789
0.00316418
0.00316117
0.000706445
0.00030268
0.00330274
0.00324184
0.00317038
0.000293248
0.00310795
0.00330085
0.00313823
0.00311234
0.000703043
0.000654719
0.00330997
0.00323402
0.000292986
0.000290133
0.000298533
0.00330064
0.0028769
0.00330313
0.0033014
0.000307471
0.00317971
0.00330405
0.00329583
0.000216605
0.000232191
0.000289905
0.00028733
0.000325905
0.000290927
0.000272636
0.000277789
0.00330336
0.000632009
0.00318156
0.000240192
0.000224641
0.0002358
0.000643708
0.00330369
0.00330048
0.000261788
0.000191892
0.000178088
0.00324319
0.00328597
0.000481524
0.00307161
0.00331013
0.00321492
0.00278264
0.000654938
0.000265297
0.000762561
0.000600575
0.000782775
0.000567629
0.00059988
0.000597453
0.000212983
0.000214199
0.00330008
0.0033033
0.0030653
0.00331069
0.000351533
0.0005741
0.00043968
0.0030425
0.00316437
0.000597227
0.00330285
0.00308301
0.0032204
0.00321762
0.000269271
0.00312593
0.00316747
0.00291514
0.000625993
0.0033311
0.00304543
0.0033025
0.000247786
0.0030923
0.00332307
0.00307352
0.000455544
0.00024901
0.00326878
0.00330214
0.00331887
0.00290404
0.0028572
0.0002431
0.00330184
0.00332694
0.00301366
0.00332753
0.00330154
0.000624414
0.00330131
0.00332392
0.00316011
0.00330082
0.00322879
0.00308642
0.00315848
0.000196214
0.00330097
0.000509954
0.000240518
0.00332053
)
;

boundaryField
{
    patch0
    {
        type            nutkWallFunction;
        Cmu             0.09;
        kappa           0.41;
        E               9.8;
        value           nonuniform List<scalar> 
4010
(
0.000370646
0.000370646
0.000370797
0.000370797
0.000374622
0.000374622
0.000374774
0.000374774
0.000371856
0.000371856
0.000374934
0.000374934
0.000375024
0.000375024
0.000375038
0.000375038
0.000375096
0.000375096
0.000374255
0.000374255
0.000375114
0.000375114
0.000375186
0.000375186
0.000374328
0.000374328
0.000375153
0.000375153
0.000374716
0.000374716
0.00037463
0.00037463
0.000374458
0.000374458
0.000375271
0.000375271
0.000369054
0.000369054
0.000375289
0.000375289
0.000370611
0.000370611
0.000374211
0.000374211
0.000374335
0.000374335
0.000375462
0.000375462
0.000374205
0.000374205
0.000374201
0.000374201
0.000374213
0.000374213
0.000369588
0.000369588
0.000371005
0.000371005
0.000295479
0.000295479
0.000374368
0.000374368
0.000374201
0.000374201
0.000362155
0.000362155
0.000374446
0.000374446
0.000372149
0.000372149
0.000374276
0.000374276
0.000374208
0.000374208
0.00037277
0.00037277
0.000295413
0.000295413
0.00037442
0.00037442
0.000374208
0.000374208
0.000372903
0.000372903
0.000374201
0.000374201
0.000374356
0.000374356
0.000288688
0.000288688
0.00036275
0.00036275
0.000354392
0.000354392
0.000294996
0.000294996
0.00034756
0.00034756
0.000357223
0.000357223
0.000373572
0.000373572
0.00037405
0.00037405
0.000374215
0.000374215
0.000371297
0.000371297
0.00035221
0.00035221
0.000373638
0.000373638
0.000362572
0.000362572
0.000296168
0.000296168
0.000355001
0.000355001
0.000374213
0.000374213
0.000374301
0.000374301
0.000374612
0.000374612
0.000374236
0.000374236
0.000295376
0.000295376
0.000372195
0.000372195
0.00030847
0.00030847
0.000374348
0.000374348
0.000374259
0.000374259
0.000368744
0.000368744
0.000373673
0.000373673
0.000357755
0.000357755
0.000374538
0.000374538
0.000295314
0.000295314
0.000295522
0.000295522
0.000295538
0.000295538
0.000358521
0.000358521
0.000296522
0.000296522
0.000295573
0.000295573
0.00029506
0.00029506
0.000374156
0.000374156
0.00029659
0.00029659
0.000374217
0.000374217
0.000290508
0.000290508
0.000369604
0.000369604
0.000367176
0.000367176
0.000374227
0.000374227
0.000367975
0.000367975
0.000374775
0.000374775
0.00034716
0.00034716
0.000363501
0.000363501
0.000374376
0.000374376
0.000374203
0.000374203
0.000362735
0.000362735
0.000370015
0.000370015
0.00037089
0.00037089
0.00036874
0.00036874
0.00036648
0.00036648
0.000296458
0.000296458
0.000374223
0.000374223
0.000356403
0.000356403
0.000374349
0.000374349
0.000372279
0.000372279
0.000374256
0.000374256
0.000374211
0.000374211
0.000372364
0.000372364
0.000295646
0.000295646
0.000373897
0.000373897
0.000372913
0.000372913
0.000374189
0.000374189
0.000369283
0.000369283
0.0003426
0.0003426
0.000371521
0.000371521
0.000372986
0.000372986
0.000294561
0.000294561
0.000295485
0.000295485
0.000361405
0.000361405
0.000374558
0.000374558
0.000374566
0.000374566
0.00037414
0.00037414
0.000295673
0.000295673
0.000362328
0.000362328
0.000132688
0.000132688
0.00036561
0.00036561
0.000354992
0.000354992
0.000374385
0.000374385
0.000374173
0.000374173
0.000365971
0.000365971
0.000295584
0.000295584
0.000371809
0.000371809
0.000103926
0.000103926
0.000296589
0.000296589
0.000374276
0.000374276
3.5078e-05
3.5078e-05
0.000293519
0.000293519
0.000373918
0.000373918
0.00037351
0.00037351
0.000373498
0.000373498
0.000373124
0.000373124
0.000375492
0.000375492
0.000373318
0.000373318
0.000364727
0.000364727
0.000374497
0.000374497
2.66756e-05
2.66756e-05
2.66756e-05
2.25654e-05
2.25654e-05
2.25654e-05
0.00037463
0.00037463
0.000285377
0.000285377
0.000373811
0.000373811
0.000364081
0.000364081
0.00037417
0.00037417
0.000374117
0.000374117
0.000286568
0.000286568
6.62107e-05
6.62107e-05
6.62107e-05
0.000370679
0.000370679
0.000374449
0.000374449
0.000374755
0.000374755
0.000374361
0.000374361
0.000134508
0.000134508
0.00037406
0.00037406
0.000363448
0.000363448
3.7998e-05
3.7998e-05
0.000295175
0.000295175
0.000345199
0.000345199
0.000374554
0.000374554
0.000127099
0.000127099
0.000287384
0.000287384
0.000374075
0.000374075
0.000374437
0.000374437
0.000102828
0.000102828
0.000295722
0.000295722
0.000373358
0.000373358
0.000365114
0.000365114
0.000374744
0.000374744
0.000295655
0.000295655
0.000374203
0.000374203
0.000373269
0.000373269
0.000374418
0.000374418
0.000295382
0.000295382
7.76846e-05
7.76846e-05
0.000374232
0.000374232
0.00037458
0.00037458
0.000374423
0.000374423
0.000374577
0.000374577
0.000295574
0.000295574
0.000374466
0.000374466
0.000340016
0.000340016
0.000353758
0.000353758
0.000372666
0.000372666
0.000374411
0.000374411
0.000295782
0.000295782
0.000295357
0.000295357
0.000374144
0.000374144
0.000374832
0.000374832
0.000297203
0.000297203
0.000374637
0.000374637
0.00037449
0.00037449
6.3707e-05
6.3707e-05
6.3707e-05
0.000374403
0.000374403
0.00037443
0.00037443
0.000374435
0.000374435
0.00037441
0.00037441
7.59246e-05
7.59246e-05
0.000365536
0.000365536
0.000374311
0.000374311
0.000374801
0.000374801
0.000370084
0.000370084
0.000374402
0.000374402
0.00037463
0.00037463
0.000373837
0.000373837
0.000370299
0.000370299
2.25837e-05
2.25837e-05
2.25837e-05
0.000126867
0.000126867
0.000373977
0.000373977
0.000375362
0.000375362
0.000374493
0.000374493
0.000374388
0.000374388
0.000295622
0.000295622
0.000374149
0.000374149
0.000374347
0.000374347
0.00037468
0.00037468
0.000295576
0.000295576
0.000374411
0.000374411
0.000288497
0.000288497
0.000374428
0.000374428
0.000375182
0.000375182
0.000374895
0.000374895
0.000374374
0.000374374
0.000371364
0.000371364
0.000295786
0.000295786
0.000374516
0.000374516
0.000374384
0.000374384
5.30253e-05
5.30253e-05
0.000374301
0.000374301
0.000374419
0.000374419
6.96528e-05
6.96528e-05
0.000374392
0.000374392
2.38107e-05
2.38107e-05
2.38107e-05
0.000375556
0.000375556
0.000374665
0.000374665
0.000374483
0.000374483
5.63161e-05
5.63161e-05
5.63161e-05
0.000374491
0.000374491
0.00037436
0.00037436
0.000375814
0.000375814
0.000374226
0.000374226
5.05338e-05
5.05338e-05
0.000372468
0.000372468
0.000374853
0.000374853
0.000372284
0.000372284
0.000295595
0.000295595
0.000295704
0.000295704
0.000306509
0.000306509
9.15425e-05
9.15425e-05
0.000374515
0.000374515
0.000374288
0.000374288
0.000295773
0.000295773
0.000375141
0.000375141
0.000374196
0.000374196
0.000374296
0.000374296
0.000374441
0.000374441
0.000374716
0.000374716
0.000374455
0.000374455
0.000374502
0.000374502
0.00037419
0.00037419
0.000295625
0.000295625
0.000374199
0.000374199
0.000295478
0.000295478
0.000372309
0.000372309
0.000295629
0.000295629
0.000357321
0.000357321
7.28996e-05
7.28996e-05
0.000374347
0.000374347
0.000290935
0.000290935
0.00035616
0.00035616
0.000374277
0.000374277
0.000374261
0.000374261
0.00030825
0.00030825
0.00037494
0.00037494
0.000374358
0.000374358
0.000374436
0.000374436
0.000374384
0.000374384
8.82983e-05
8.82983e-05
4.09356e-05
4.09356e-05
4.09356e-05
0.000374343
0.000374343
0.000374542
0.000374542
0.000367107
0.000367107
0.000295505
0.000295505
0.000298806
0.000298806
9.16833e-05
9.16833e-05
0.000374698
0.000374698
0.000374334
0.000374334
0.000374527
0.000374527
0.00029531
0.00029531
0.000374376
0.000374376
0.00037544
0.00037544
0.000352521
0.000352521
0.000290993
0.000290993
0.000374975
0.000374975
0.000374414
0.000374414
0.000295595
0.000295595
0.000375226
0.000375226
5.55463e-05
5.55463e-05
5.55463e-05
0.000374497
0.000374497
0.00037599
0.00037599
0.000374124
0.000374124
0.000374897
0.000374897
0.00037426
0.00037426
0.000373233
0.000373233
0.000376279
0.000376279
0.000374274
0.000374274
0.000291821
0.000291821
0.00037378
0.00037378
0.000374099
0.000374099
0.000374533
0.000374533
0.000374199
0.000374199
0.000295817
0.000295817
0.000373973
0.000373973
0.00037445
0.00037445
0.000374759
0.000374759
0.000374534
0.000374534
0.000374463
0.000374463
0.000295363
0.000295363
0.00037432
0.00037432
0.000374542
0.000374542
0.000294251
0.000294251
0.000374238
0.000374238
0.000296259
0.000296259
0.000374341
0.000374341
0.000374256
0.000374256
0.000374625
0.000374625
0.000372908
0.000372908
0.000374357
0.000374357
0.00037428
0.00037428
0.000374187
0.000374187
0.000375034
0.000375034
0.000295505
0.000295505
0.000374337
0.000374337
0.000374221
0.000374221
0.000374557
0.000374557
0.000374564
0.000374564
0.000374551
0.000374551
0.000295984
0.000295984
0.000294059
0.000294059
0.000374202
0.000374202
0.000374433
0.000374433
0.000374889
0.000374889
0.000374504
0.000374504
4.95663e-05
4.95663e-05
0.00037434
0.00037434
0.000374078
0.000374078
0.000374234
0.000374234
0.000374198
0.000374198
4.7022e-05
4.7022e-05
6.89012e-05
6.89012e-05
0.0003755
0.0003755
0.000374239
0.000374239
0.00029574
0.00029574
0.000335554
0.000335554
0.000374741
0.000374741
0.000374246
0.000374246
0.000364569
0.000364569
0.000374351
0.000374351
0.000375077
0.000375077
0.000375735
0.000375735
0.000374233
0.000374233
0.000374199
0.000374199
0.000374583
0.000374583
0.000374196
0.000374196
0.000374287
0.000374287
0.000374542
0.000374542
0.000374564
0.000374564
0.000376403
0.000376403
0.00037445
0.00037445
0.000374225
0.000374225
0.000374495
0.000374495
0.000374192
0.000374192
7.61623e-05
7.61623e-05
0.000374929
0.000374929
0.000374759
0.000374759
0.000374199
0.000374199
0.000374371
0.000374371
0.000374446
0.000374446
0.00029566
0.00029566
0.000374314
0.000374314
0.00037447
0.00037447
0.00037432
0.00037432
0.000376747
0.000376747
0.00029542
0.00029542
0.000374236
0.000374236
0.000374193
0.000374193
0.000374584
0.000374584
6.07362e-05
6.07362e-05
0.000374169
0.000374169
0.000374323
0.000374323
0.000374247
0.000374247
0.000374594
0.000374594
1.60565e-05
1.60565e-05
1.60565e-05
0.000374195
0.000374195
0.000374197
0.000374197
0.000298353
0.000298353
0.000374506
0.000374506
0.000291238
0.000291238
0.000295538
0.000295538
0.000374417
0.000374417
0.000365743
0.000365743
2.91453e-05
2.91453e-05
2.91453e-05
0.000374193
0.000374193
0.000377648
0.000377648
0.000374266
0.000374266
0.000374226
0.000374226
0.000374195
0.000374195
0.000374311
0.000374311
0.000374156
0.000374156
0.000374802
0.000374802
0.000374613
0.000374613
0.000374569
0.000374569
0.000374102
0.000374102
0.000302542
0.000302542
0.000375103
0.000375103
0.000374185
0.000374185
0.000372658
0.000372658
0.000375266
0.000375266
0.000374266
0.000374266
0.000377675
0.000377675
0.000374427
0.000374427
0.000374192
0.000374192
0.000375776
0.000375776
0.000295818
0.000295818
0.000294716
0.000294716
0.000374175
0.000374175
0.000374182
0.000374182
0.000374193
0.000374193
0.000296966
0.000296966
0.000374184
0.000374184
0.000374129
0.000374129
0.000374602
0.000374602
0.000374183
0.000374183
0.00037606
0.00037606
0.00036978
0.00036978
0.000374614
0.000374614
0.000374191
0.000374191
0.000374294
0.000374294
0.000374186
0.000374186
0.000374453
0.000374453
0.000286114
0.000286114
0.000374287
0.000374287
2.29649e-05
2.29649e-05
2.29649e-05
0.000374319
0.000374319
0.000295436
0.000295436
0.000374296
0.000374296
0.000374192
0.000374192
0.000374674
0.000374674
0.000374163
0.000374163
0.000374477
0.000374477
0.000375565
0.000375565
0.000374186
0.000374186
0.000374306
0.000374306
0.000376813
0.000376813
0.000374806
0.000374806
0.000374116
0.000374116
0.000374396
0.000374396
0.000296193
0.000296193
0.000374175
0.000374175
0.000374242
0.000374242
0.000374112
0.000374112
0.000374387
0.000374387
0.000374196
0.000374196
0.000374214
0.000374214
0.00037453
0.00037453
0.000374638
0.000374638
0.000294151
0.000294151
0.000374182
0.000374182
0.000374134
0.000374134
0.000294862
0.000294862
0.00037719
0.00037719
0.000374242
0.000374242
0.000295932
0.000295932
0.000294678
0.000294678
0.000374747
0.000374747
0.000374285
0.000374285
0.000374436
0.000374436
0.000374289
0.000374289
0.000374626
0.000374626
0.000374167
0.000374167
0.000374225
0.000374225
0.000374165
0.000374165
0.000374179
0.000374179
0.000374169
0.000374169
0.000374398
0.000374398
0.000374168
0.000374168
0.000295896
0.000295896
0.00037213
0.00037213
0.000374168
0.000374168
0.000374122
0.000374122
0.000374773
0.000374773
0.000375285
0.000375285
0.000378182
0.000378182
0.000374334
0.000374334
0.000374162
0.000374162
0.00037417
0.00037417
0.000294833
0.000294833
0.000375492
0.000375492
0.000374695
0.000374695
0.000374265
0.000374265
0.000374168
0.000374168
0.000374465
0.000374465
0.00037408
0.00037408
0.000374935
0.000374935
0.000374167
0.000374167
0.000374137
0.000374137
0.000376092
0.000376092
0.00029566
0.00029566
0.000378253
0.000378253
0.000374161
0.000374161
0.00037445
0.00037445
0.000374164
0.000374164
0.000374171
0.000374171
0.00037416
0.00037416
0.000374277
0.000374277
0.000374639
0.000374639
0.000374388
0.000374388
0.000374099
0.000374099
0.000374817
0.000374817
0.000298397
0.000298397
0.000376389
0.000376389
0.000374475
0.000374475
0.000374288
0.000374288
0.000294898
0.000294898
0.000374249
0.000374249
0.000374164
0.000374164
0.00037455
0.00037455
0.000374095
0.000374095
0.000374786
0.000374786
0.000374125
0.000374125
0.000374187
0.000374187
0.000374353
0.000374353
0.000374176
0.000374176
0.000374617
0.000374617
0.000374229
0.000374229
0.000374381
0.000374381
0.000374154
0.000374154
0.000374137
0.000374137
0.0002953
0.0002953
0.000374178
0.000374178
0.000295513
0.000295513
0.000377017
0.000377017
0.00037415
0.00037415
0.000294016
0.000294016
0.000295249
0.000295249
0.000374218
0.000374218
0.000319686
0.000319686
0.00037415
0.00037415
0.000374141
0.000374141
0.000374425
0.000374425
0.000374102
0.000374102
0.000374147
0.000374147
0.00037417
0.00037417
0.000374229
0.000374229
0.000373878
0.000373878
0.000294111
0.000294111
0.000293986
0.000293986
0.000374149
0.000374149
0.00037409
0.00037409
0.000368597
0.000368597
0.000374138
0.000374138
0.000374246
0.000374246
0.000374217
0.000374217
0.000296951
0.000296951
0.0003731
0.0003731
0.000294221
0.000294221
0.000374126
0.000374126
0.000377461
0.000377461
0.000374149
0.000374149
0.000374146
0.000374146
0.000374134
0.000374134
0.000294953
0.000294953
0.00037414
0.00037414
0.000374188
0.000374188
0.000374433
0.000374433
0.000375509
0.000375509
0.000374147
0.000374147
0.000374131
0.000374131
0.000374291
0.000374291
0.000374665
0.000374665
0.000374135
0.000374135
0.000372215
0.000372215
0.000374198
0.000374198
0.000375078
0.000375078
0.000374058
0.000374058
0.000378511
0.000378511
0.000294829
0.000294829
0.000374137
0.000374137
0.000374092
0.000374092
8.83166e-05
8.83166e-05
0.000373324
0.000373324
0.000374067
0.000374067
0.000375751
0.000375751
0.000374143
0.000374143
0.000295744
0.000295744
0.000374176
0.000374176
0.000374082
0.000374082
0.000361497
0.000361497
0.00037494
0.00037494
0.000374486
0.000374486
0.000294641
0.000294641
0.000374102
0.000374102
0.000374732
0.000374732
0.000374257
0.000374257
0.000296156
0.000296156
0.000374231
0.000374231
0.000374037
0.000374037
0.000374133
0.000374133
0.00037458
0.00037458
0.000374172
0.000374172
0.000295965
0.000295965
0.000374122
0.000374122
0.000374212
0.000374212
0.000374437
0.000374437
0.000374322
0.000374322
0.000367882
0.000367882
0.00029533
0.00029533
0.000376302
0.000376302
0.000378431
0.000378431
0.000374997
0.000374997
0.00037412
0.00037412
0.000374633
0.000374633
0.000294255
0.000294255
0.00037418
0.00037418
0.000374247
0.000374247
0.000374268
0.000374268
0.00037414
0.00037414
0.000374325
0.000374325
0.000374126
0.000374126
0.000295784
0.000295784
0.000374074
0.000374074
0.000374093
0.000374093
0.000361169
0.000361169
0.000374125
0.000374125
0.000290447
0.000290447
0.000374128
0.000374128
0.000376517
0.000376517
0.00037412
0.00037412
0.000374113
0.000374113
0.000374101
0.000374101
0.000374119
0.000374119
0.00037406
0.00037406
0.000374677
0.000374677
0.000374113
0.000374113
0.000374395
0.000374395
0.000374127
0.000374127
0.00037423
0.00037423
0.000374072
0.000374072
0.000374112
0.000374112
0.000374022
0.000374022
0.000374458
0.000374458
0.000374164
0.000374164
0.000374112
0.000374112
0.000374066
0.000374066
0.000295804
0.000295804
0.000374116
0.000374116
0.000374131
0.000374131
0.000374174
0.000374174
0.000374146
0.000374146
0.000294344
0.000294344
0.000377191
0.000377191
0.000374115
0.000374115
0.000293907
0.000293907
0.000374106
0.000374106
0.000374288
0.000374288
0.000374073
0.000374073
0.000374092
0.000374092
0.000374096
0.000374096
0.000298569
0.000298569
0.000373199
0.000373199
0.00029613
0.00029613
0.000374581
0.000374581
0.000377589
0.000377589
0.000374651
0.000374651
0.000374349
0.000374349
0.000373961
0.000373961
0.000374135
0.000374135
0.000375251
0.000375251
0.000375079
0.000375079
0.000374169
0.000374169
0.000374138
0.000374138
0.000374101
0.000374101
0.000374608
0.000374608
0.000374114
0.000374114
0.000295077
0.000295077
0.000375707
0.000375707
0.000374144
0.000374144
0.000295319
0.000295319
0.000374475
0.000374475
0.000374664
0.000374664
0.0003741
0.0003741
0.000374061
0.000374061
0.000374783
0.000374783
0.000374124
0.000374124
0.000295073
0.000295073
0.000374088
0.000374088
0.000374088
0.000374088
0.000379
0.000379
0.000374052
0.000374052
0.000374103
0.000374103
0.000374408
0.000374408
0.000372587
0.000372587
0.000374103
0.000374103
0.000374096
0.000374096
0.000374098
0.000374098
0.000375913
0.000375913
0.000374073
0.000374073
0.000374065
0.000374065
0.000374057
0.000374057
0.000374094
0.000374094
0.000295175
0.000295175
0.00037409
0.00037409
0.000374246
0.000374246
0.000374091
0.000374091
0.000374054
0.000374054
0.000374675
0.000374675
0.000361303
0.000361303
0.000294406
0.000294406
0.00037422
0.00037422
0.000296938
0.000296938
0.000374125
0.000374125
0.000374311
0.000374311
7.25475e-05
7.25475e-05
3.3473e-05
3.3473e-05
3.3473e-05
0.000362719
0.000362719
0.000374289
0.000374289
0.000376288
0.000376288
0.000374092
0.000374092
0.000374104
0.000374104
0.000295318
0.000295318
0.000374082
0.000374082
0.000374137
0.000374137
0.000374087
0.000374087
0.000374113
0.000374113
0.000374103
0.000374103
0.000374163
0.000374163
0.000374048
0.000374048
0.000373407
0.000373407
0.000374092
0.000374092
0.000378857
0.000378857
7.66361e-05
7.66361e-05
0.000375135
0.000375135
6.66781e-05
6.66781e-05
0.000374071
0.000374071
0.000374114
0.000374114
0.000374065
0.000374065
0.000376468
0.000376468
0.000374077
0.000374077
0.000374042
0.000374042
0.000374671
0.000374671
0.000294719
0.000294719
0.000295245
0.000295245
0.000374407
0.000374407
0.000290116
0.000290116
0.000368542
0.000368542
0.000292529
0.000292529
0.000374189
0.000374189
0.000290648
0.000290648
0.000374093
0.000374093
0.000374307
0.000374307
0.000376542
0.000376542
0.000374073
0.000374073
0.000374094
0.000374094
0.000374074
0.000374074
0.000374067
0.000374067
0.000374097
0.000374097
0.00037408
0.00037408
0.000374243
0.000374243
0.000374079
0.000374079
0.000294796
0.000294796
0.000374074
0.000374074
0.000374367
0.000374367
0.000375228
0.000375228
0.000374064
0.000374064
0.000374072
0.000374072
0.000374096
0.000374096
0.000374077
0.000374077
0.000374034
0.000374034
0.000295619
0.000295619
0.000374617
0.000374617
0.000371702
0.000371702
0.000375289
0.000375289
0.000290605
0.000290605
0.000374336
0.000374336
0.000374081
0.000374081
0.000374781
0.000374781
0.000295356
0.000295356
0.000374087
0.000374087
0.00037404
0.00037404
0.000374901
0.000374901
0.000374073
0.000374073
0.000374061
0.000374061
0.000377086
0.000377086
0.000375403
0.000375403
0.000358506
0.000358506
0.000374081
0.000374081
0.000374045
0.000374045
0.000374006
0.000374006
0.000374265
0.000374265
0.000374064
0.000374064
0.000289945
0.000289945
0.000298267
0.000298267
0.000374469
0.000374469
0.000294042
0.000294042
0.000374218
0.000374218
0.000374073
0.000374073
0.000374061
0.000374061
0.000290744
0.000290744
0.000375741
0.000375741
0.000295283
0.000295283
7.80503e-05
7.80503e-05
0.000374048
0.000374048
0.000374083
0.000374083
0.000374125
0.000374125
0.000373932
0.000373932
0.000374061
0.000374061
0.000374152
0.000374152
0.000374026
0.000374026
0.000374417
0.000374417
0.000374554
0.000374554
0.00037402
0.00037402
0.000374086
0.000374086
0.000375827
0.000375827
0.000374056
0.000374056
0.000374101
0.000374101
0.000374074
0.000374074
0.000374075
0.000374075
0.000374253
0.000374253
0.000378868
0.000378868
0.000374048
0.000374048
0.000374057
0.000374057
0.000374052
0.000374052
0.000374056
0.000374056
0.000294711
0.000294711
0.000374111
0.000374111
0.000375335
0.000375335
2.73398e-05
2.73398e-05
2.73398e-05
0.000374949
0.000374949
8.56415e-05
8.56415e-05
0.00037406
0.00037406
0.000374051
0.000374051
0.000337998
0.000337998
0.000374025
0.000374025
0.00037406
0.00037406
0.000374048
0.000374048
0.000374164
0.000374164
0.000374032
0.000374032
0.000374649
0.000374649
0.000374071
0.000374071
0.000374058
0.000374058
0.00029609
0.00029609
0.00037423
0.00037423
0.000374058
0.000374058
0.000374019
0.000374019
0.000374046
0.000374046
0.000372579
0.000372579
0.000290696
0.000290696
0.000374096
0.000374096
0.000374469
0.000374469
0.000374056
0.000374056
0.000286709
0.000286709
0.000374012
0.000374012
0.000374055
0.000374055
0.000373394
0.000373394
0.000374048
0.000374048
0.000374059
0.000374059
0.000374062
0.000374062
0.000375161
0.000375161
0.000374035
0.000374035
0.000373998
0.000373998
0.000374532
0.000374532
0.000374043
0.000374043
0.000285819
0.000285819
0.0003787
0.0003787
0.000374019
0.000374019
9.02278e-05
9.02278e-05
0.000374061
0.000374061
0.000289872
0.000289872
0.000374037
0.000374037
0.000374134
0.000374134
0.000286565
0.000286565
0.000374025
0.000374025
0.000374042
0.000374042
0.000374056
0.000374056
0.000375386
0.000375386
0.00037407
0.00037407
0.000374082
0.000374082
0.000374037
0.000374037
0.000375113
0.000375113
8.24944e-05
8.24944e-05
0.00037431
0.00037431
0.000374882
0.000374882
0.000375006
0.000375006
0.000375276
0.000375276
0.000374184
0.000374184
0.000374005
0.000374005
0.000374266
0.000374266
0.000374049
0.000374049
0.000287037
0.000287037
0.000374036
0.000374036
0.000362643
0.000362643
0.000374036
0.000374036
0.000374039
0.000374039
0.000374647
0.000374647
0.000373903
0.000373903
0.00037404
0.00037404
0.000374558
0.000374558
0.00037404
0.00037404
0.000285686
0.000285686
0.000375352
0.000375352
2.31331e-05
2.31331e-05
2.31331e-05
0.00036854
0.00036854
0.000374055
0.000374055
0.000373989
0.000373989
0.000374035
0.000374035
0.000374033
0.000374033
0.000291247
0.000291247
0.000286593
0.000286593
0.000374236
0.000374236
0.00037403
0.00037403
0.000295007
0.000295007
0.000374848
0.000374848
0.000374044
0.000374044
0.000376096
0.000376096
0.000374358
0.000374358
0.000374666
0.000374666
0.000374042
0.000374042
0.000374028
0.000374028
0.000374164
0.000374164
0.00037403
0.00037403
0.000373984
0.000373984
0.00037404
0.00037404
0.000374341
0.000374341
0.000374107
0.000374107
0.000373988
0.000373988
0.000374042
0.000374042
0.000374055
0.000374055
0.00029539
0.00029539
4.16265e-05
4.16265e-05
0.000374137
0.000374137
0.000366061
0.000366061
8.85797e-05
8.85797e-05
0.000374041
0.000374041
0.000374022
0.000374022
0.00037404
0.00037404
0.000374026
0.000374026
0.000374187
0.000374187
0.000373972
0.000373972
0.000374028
0.000374028
3.32795e-05
3.32795e-05
3.32795e-05
0.00037399
0.00037399
0.000374073
0.000374073
3.54145e-05
3.54145e-05
3.54145e-05
0.000373992
0.000373992
3.30375e-05
3.30375e-05
3.30375e-05
0.000374028
0.000374028
0.000374126
0.000374126
0.000294144
0.000294144
0.000370957
0.000370957
0.000373991
0.000373991
0.000375029
0.000375029
0.00037257
0.00037257
0.00037404
0.00037404
0.000374378
0.000374378
0.000374021
0.000374021
0.000374021
0.000374021
0.000373382
0.000373382
0.000378399
0.000378399
0.000373989
0.000373989
0.000287016
0.000287016
0.00037402
0.00037402
0.000374255
0.000374255
0.000285223
0.000285223
0.000374009
0.000374009
0.000374024
0.000374024
0.000374061
0.000374061
0.000373141
0.000373141
0.000374173
0.000374173
0.000374024
0.000374024
0.000373957
0.000373957
0.000373985
0.000373985
0.000374017
0.000374017
0.000374051
0.000374051
0.000374013
0.000374013
0.000293947
0.000293947
0.000290472
0.000290472
0.000373913
0.000373913
0.000374208
0.000374208
0.00037404
0.00037404
0.000371503
0.000371503
0.00037398
0.00037398
0.000373915
0.000373915
0.000288702
0.000288702
0.00037391
0.00037391
0.000374074
0.000374074
0.000374093
0.000374093
0.000374022
0.000374022
0.000374016
0.000374016
0.000373877
0.000373877
0.000373908
0.000373908
0.000374114
0.000374114
0.000373916
0.000373916
0.000374298
0.000374298
0.000374187
0.000374187
0.000375528
0.000375528
0.000374898
0.000374898
0.00029458
0.00029458
0.000373973
0.000373973
0.000373962
0.000373962
0.00037414
0.00037414
0.000374025
0.000374025
0.000374978
0.000374978
0.000374722
0.000374722
0.000374024
0.000374024
0.000374025
0.000374025
0.000373915
0.000373915
0.00037401
0.00037401
0.000374638
0.000374638
0.000374244
0.000374244
0.000374722
0.000374722
4.57033e-05
4.57033e-05
0.000376657
0.000376657
0.000373896
0.000373896
0.000374025
0.000374025
0.000373912
0.000373912
0.000374039
0.000374039
0.000294538
0.000294538
0.000295381
0.000295381
0.000285923
0.000285923
0.00037389
0.00037389
0.00037386
0.00037386
0.000374058
0.000374058
0.00036262
0.00036262
0.00036857
0.00036857
0.000373907
0.000373907
0.000375671
0.000375671
0.000295343
0.000295343
0.000374004
0.000374004
0.000373943
0.000373943
0.000374171
0.000374171
0.000374897
0.000374897
0.000374049
0.000374049
0.000374126
0.000374126
0.000374004
0.000374004
0.000369638
0.000369638
0.000374007
0.000374007
0.000374006
0.000374006
0.000374026
0.000374026
0.0003739
0.0003739
0.000374466
0.000374466
0.000373998
0.000373998
0.000373965
0.000373965
0.000296117
0.000296117
0.000375088
0.000375088
0.000374003
0.000374003
0.000374388
0.000374388
0.000374039
0.000374039
0.000373501
0.000373501
0.000374009
0.000374009
0.000373876
0.000373876
0.000373496
0.000373496
0.000286446
0.000286446
0.000374002
0.000374002
0.000373768
0.000373768
0.0003742
0.0003742
0.000373999
0.000373999
0.00036702
0.00036702
0.000372564
0.000372564
0.000374141
0.000374141
0.000373372
0.000373372
0.000373893
0.000373893
0.000373493
0.000373493
0.000374009
0.000374009
0.000374026
0.000374026
8.85811e-05
8.85811e-05
0.000374102
0.000374102
0.000373489
0.000373489
0.000373993
0.000373993
7.39898e-05
7.39898e-05
0.00037401
0.00037401
0.000373483
0.000373483
0.000365764
0.000365764
0.00037392
0.00037392
0.000373517
0.000373517
0.000365078
0.000365078
0.000374009
0.000374009
0.00037413
0.00037413
0.000373994
0.000373994
0.000373477
0.000373477
0.000374089
0.000374089
7.41879e-05
7.41879e-05
7.3903e-05
7.3903e-05
0.000373956
0.000373956
0.000374011
0.000374011
0.000374173
0.000374173
0.000295924
0.000295924
0.000374026
0.000374026
0.000373855
0.000373855
0.000372783
0.000372783
0.00037347
0.00037347
0.000373516
0.000373516
7.56412e-05
7.56412e-05
0.000373991
0.000373991
0.000350193
0.000350193
0.000373482
0.000373482
0.000373993
0.000373993
0.000374055
0.000374055
0.000373991
0.000373991
0.000373938
0.000373938
0.000374041
0.000374041
2.82249e-05
2.82249e-05
2.82249e-05
2.75335e-05
2.75335e-05
2.75335e-05
0.000374958
0.000374958
0.000373974
0.000373974
0.000373884
0.000373884
0.000374646
0.000374646
0.000372779
0.000372779
0.000373987
0.000373987
0.000373993
0.000373993
0.000373859
0.000373859
0.000374106
0.000374106
0.000374688
0.000374688
0.000374605
0.000374605
0.000373926
0.000373926
0.000374012
0.000374012
0.000372774
0.000372774
7.32114e-05
7.32114e-05
0.000365239
0.000365239
0.000374087
0.000374087
0.000374033
0.000374033
0.000374135
0.000374135
0.000372766
0.000372766
0.000372796
0.000372796
0.000373982
0.000373982
0.000374196
0.000374196
0.000370787
0.000370787
0.000368608
0.000368608
0.000372757
0.000372757
0.000374092
0.000374092
3.36344e-05
3.36344e-05
3.36344e-05
0.000362628
0.000362628
0.000373469
0.000373469
0.000373463
0.000373463
7.41292e-05
7.41292e-05
0.000373946
0.000373946
0.000372749
0.000372749
7.39077e-05
7.39077e-05
8.15865e-05
8.15865e-05
0.000374013
0.000374013
0.000365499
0.000365499
0.000374126
0.000374126
0.00037407
0.00037407
0.000374196
0.000374196
0.000374536
0.000374536
0.000373974
0.000373974
0.000374024
0.000374024
0.000295284
0.000295284
0.000373995
0.000373995
0.000373994
0.000373994
3.70419e-05
3.70419e-05
3.70419e-05
7.67628e-05
7.67628e-05
0.000373875
0.000373875
8.30916e-05
8.30916e-05
0.000372559
0.000372559
0.000373996
0.000373996
0.000358062
0.000358062
0.000372741
0.000372741
0.00037447
0.00037447
0.00037283
0.00037283
0.000372788
0.000372788
0.000373363
0.000373363
0.000374911
0.000374911
0.000374053
0.000374053
0.000373998
0.000373998
0.000290032
0.000290032
0.00029522
0.00029522
0.000374036
0.000374036
0.000374027
0.000374027
0.000372769
0.000372769
0.000374104
0.000374104
0.000372864
0.000372864
0.000373981
0.000373981
0.000369121
0.000369121
8.86265e-05
8.86265e-05
0.000373456
0.000373456
0.000373978
0.000373978
0.000373975
0.000373975
0.000103082
0.000103082
0.000369098
0.000369098
0.000373978
0.000373978
0.000285794
0.000285794
7.382e-05
7.382e-05
0.00037404
0.00037404
0.000288039
0.000288039
0.00037397
0.00037397
0.000369079
0.000369079
0.000373448
0.000373448
0.000374019
0.000374019
0.000374132
0.000374132
0.000373999
0.000373999
0.000369166
0.000369166
0.000374012
0.000374012
0.000369062
0.000369062
0.000373935
0.000373935
0.00029426
0.00029426
0.00035392
0.00035392
0.000374032
0.000374032
0.00036905
0.00036905
0.00037425
0.00037425
0.000373833
0.000373833
0.000374091
0.000374091
0.000374286
0.000374286
0.000290522
0.000290522
0.00037404
0.00037404
0.000372733
0.000372733
0.000374452
0.000374452
3.21292e-05
3.21292e-05
3.21292e-05
3.01745e-05
3.01745e-05
3.01745e-05
0.00037398
0.00037398
0.000373864
0.000373864
0.000369043
0.000369043
0.000294851
0.000294851
0.000374119
0.000374119
0.000373912
0.000373912
0.000372753
0.000372753
0.000354348
0.000354348
0.000101014
0.000101014
0.000374263
0.000374263
0.000373449
0.000373449
0.00037398
0.00037398
0.000374512
0.000374512
0.000373959
0.000373959
0.000373949
0.000373949
0.000373962
0.000373962
0.00036936
0.00036936
0.000374009
0.000374009
0.000363382
0.000363382
0.000374317
0.000374317
0.000374006
0.000374006
0.000374
0.000374
0.000368649
0.000368649
0.000362642
0.000362642
0.000374096
0.000374096
0.00036904
0.00036904
0.000373984
0.000373984
0.00036336
0.00036336
3.29508e-05
3.29508e-05
3.29508e-05
0.000373982
0.000373982
0.000363344
0.000363344
0.000373941
0.000373941
0.000363317
0.000363317
0.000373986
0.000373986
7.57969e-05
7.57969e-05
0.000372365
0.000372365
0.000293666
0.000293666
8.83323e-05
8.83323e-05
0.000373985
0.000373985
0.000373994
0.000373994
0.000363293
0.000363293
3.70226e-05
3.70226e-05
3.70226e-05
0.000294404
0.000294404
0.000372725
0.000372725
0.000373299
0.000373299
0.000369213
0.000369213
0.000363274
0.000363274
0.000363463
0.000363463
0.000374498
0.000374498
0.000373963
0.000373963
0.000368675
0.000368675
0.000372553
0.000372553
0.000369213
0.000369213
0.000356593
0.000356593
0.000373925
0.000373925
0.000374087
0.000374087
0.000373958
0.000373958
0.000369442
0.000369442
0.000373347
0.000373347
0.000355457
0.000355457
0.000373978
0.000373978
0.000373522
0.000373522
8.86901e-05
8.86901e-05
0.00037393
0.00037393
9.80524e-05
9.80524e-05
0.000373966
0.000373966
0.000374037
0.000374037
0.000373986
0.000373986
0.000373854
0.000373854
0.000373527
0.000373527
0.000363259
0.000363259
0.00037392
0.00037392
0.000291569
0.000291569
0.000373997
0.000373997
0.000372689
0.000372689
0.000373516
0.000373516
0.000373962
0.000373962
0.000373967
0.000373967
0.000369039
0.000369039
3.69457e-05
3.69457e-05
3.69457e-05
0.000373966
0.000373966
0.000373441
0.000373441
0.00028821
0.00028821
0.000374149
0.000374149
0.000373522
0.000373522
0.000349194
0.000349194
0.000373913
0.000373913
3.70221e-05
3.70221e-05
3.70221e-05
0.000363834
0.000363834
0.000373519
0.000373519
0.000295696
0.000295696
3.74686e-05
3.74686e-05
3.74686e-05
0.00034856
0.00034856
0.000372716
0.000372716
0.000374199
0.000374199
0.000295477
0.000295477
0.000369205
0.000369205
0.000372834
0.000372834
0.000373984
0.000373984
7.13871e-05
7.13871e-05
0.000372791
0.000372791
0.000373512
0.000373512
0.00037284
0.00037284
0.000363247
0.000363247
0.00037397
0.00037397
3.68547e-05
3.68547e-05
3.68547e-05
0.000372802
0.000372802
0.00037435
0.00037435
0.000363475
0.000363475
0.000373968
0.000373968
0.000374121
0.000374121
0.000363525
0.000363525
0.000373971
0.000373971
0.000373967
0.000373967
0.000373795
0.000373795
0.000373181
0.000373181
0.000373778
0.000373778
0.000374087
0.000374087
3.58008e-05
3.58008e-05
3.58008e-05
3.69724e-05
3.69724e-05
3.69724e-05
0.000294578
0.000294578
0.000364136
0.000364136
0.000369252
0.000369252
3.69615e-05
3.69615e-05
3.69615e-05
0.000373972
0.000373972
0.000372816
0.000372816
6.64338e-05
6.64338e-05
0.000373904
0.000373904
0.000369041
0.000369041
0.000372795
0.000372795
0.000374392
0.000374392
6.60578e-05
6.60578e-05
3.75433e-05
3.75433e-05
3.75433e-05
0.000369205
0.000369205
0.000373525
0.000373525
9.49297e-05
9.49297e-05
3.09031e-05
3.09031e-05
3.09031e-05
3.12876e-05
3.12876e-05
3.12876e-05
0.000368678
0.000368678
0.000294278
0.000294278
0.000363664
0.000363664
0.000362662
0.000362662
0.000373914
0.000373914
0.000374031
0.000374031
0.000373947
0.000373947
0.000373508
0.000373508
0.000373959
0.000373959
0.00037397
0.00037397
3.61645e-05
3.61645e-05
3.61645e-05
0.000373956
0.000373956
3.5603e-05
3.5603e-05
3.5603e-05
3.66429e-05
3.66429e-05
3.66429e-05
0.000374077
0.000374077
0.000372809
0.000372809
0.000291389
0.000291389
4.42821e-05
4.42821e-05
4.42821e-05
0.000373951
0.000373951
0.000363487
0.000363487
0.000373843
0.000373843
9.04742e-05
9.04742e-05
0.000369066
0.000369066
9.04268e-05
9.04268e-05
0.000373956
0.000373956
8.87645e-05
8.87645e-05
0.000294718
0.000294718
0.000289738
0.000289738
9.03946e-05
9.03946e-05
0.000374191
0.000374191
7.52069e-05
7.52069e-05
0.000372815
0.000372815
0.000373433
0.000373433
7.43421e-05
7.43421e-05
9.03759e-05
9.03759e-05
0.000369156
0.000369156
9.03738e-05
9.03738e-05
0.00037127
0.00037127
7.80856e-05
7.80856e-05
9.03802e-05
9.03802e-05
0.000363237
0.000363237
0.000369521
0.000369521
0.000363448
0.000363448
0.000363864
0.000363864
5.06496e-05
5.06496e-05
5.06496e-05
4.82507e-05
4.82507e-05
4.82507e-05
9.03932e-05
9.03932e-05
0.000373954
0.000373954
0.000372501
0.000372501
0.000373893
0.000373893
0.000373954
0.000373954
0.000369162
0.000369162
0.000372708
0.000372708
0.000369034
0.000369034
0.000373944
0.000373944
0.000374204
0.000374204
0.000373958
0.000373958
9.0614e-05
9.0614e-05
0.000369014
0.000369014
0.000285129
0.000285129
0.000373503
0.000373503
0.000373393
0.000373393
0.000373957
0.000373957
0.000373225
0.000373225
0.0003744
0.0003744
3.68929e-05
3.68929e-05
3.68929e-05
0.000287689
0.000287689
9.04121e-05
9.04121e-05
0.00037432
0.00037432
0.000374406
0.000374406
0.000373955
0.000373955
0.000369044
0.000369044
0.000372812
0.000372812
0.000363437
0.000363437
0.000369186
0.000369186
0.000373881
0.000373881
4.77073e-05
4.77073e-05
4.77073e-05
0.000372173
0.000372173
0.000373527
0.000373527
0.000367719
0.000367719
9.05753e-05
9.05753e-05
0.000359984
0.000359984
0.000363493
0.000363493
0.000369073
0.000369073
0.000372821
0.000372821
0.00037393
0.00037393
9.06255e-05
9.06255e-05
0.000373943
0.000373943
0.000373903
0.000373903
9.0629e-05
9.0629e-05
0.000373496
0.000373496
0.000374144
0.000374144
9.3828e-05
9.3828e-05
0.00036365
0.00036365
0.000374144
0.000374144
0.000373951
0.000373951
9.04362e-05
9.04362e-05
0.000363329
0.000363329
0.00037394
0.00037394
0.000373833
0.000373833
9.0705e-05
9.0705e-05
0.000373944
0.000373944
0.000363229
0.000363229
0.000363344
0.000363344
0.000373868
0.000373868
3.69606e-05
3.69606e-05
3.69606e-05
0.000373943
0.000373943
0.000346805
0.000346805
0.000373935
0.000373935
0.000374085
0.000374085
0.000373941
0.000373941
0.000363367
0.000363367
0.000293632
0.000293632
0.000374021
0.000374021
0.000290082
0.000290082
0.000374068
0.000374068
0.000362929
0.000362929
0.000372806
0.000372806
3.74816e-05
3.74816e-05
3.74816e-05
9.21319e-05
9.21319e-05
9.03234e-05
9.03234e-05
4.62929e-05
4.62929e-05
4.62929e-05
0.000373425
0.000373425
7.56376e-05
7.56376e-05
0.000373931
0.000373931
0.000369207
0.000369207
0.00028705
0.00028705
8.88431e-05
8.88431e-05
3.68195e-05
3.68195e-05
3.68195e-05
0.000357778
0.000357778
0.000373916
0.000373916
0.000374276
0.000374276
0.000374367
0.000374367
0.000293273
0.000293273
0.000372291
0.000372291
0.000373411
0.000373411
9.07993e-05
9.07993e-05
0.000373487
0.000373487
0.000362632
0.000362632
0.000373903
0.000373903
0.000373929
0.000373929
0.00036351
0.00036351
0.000373928
0.000373928
0.000372701
0.000372701
0.000368575
0.000368575
0.000365327
0.000365327
9.04647e-05
9.04647e-05
0.000373854
0.000373854
0.000373924
0.000373924
0.000367387
0.000367387
0.000373892
0.000373892
0.00028886
0.00028886
3.78083e-05
3.78083e-05
3.78083e-05
0.000369103
0.000369103
7.42882e-05
7.42882e-05
3.78202e-05
3.78202e-05
3.78202e-05
0.000373477
0.000373477
3.78296e-05
3.78296e-05
3.78296e-05
0.000373841
0.000373841
0.000373521
0.000373521
3.78316e-05
3.78316e-05
3.78316e-05
0.000372799
0.000372799
9.04261e-05
9.04261e-05
3.78273e-05
3.78273e-05
3.78273e-05
0.000373889
0.000373889
0.000367711
0.000367711
9.09025e-05
9.09025e-05
3.78171e-05
3.78171e-05
3.78171e-05
3.78019e-05
3.78019e-05
3.78019e-05
0.000373822
0.000373822
0.000374188
0.000374188
0.000373827
0.000373827
0.00037282
0.00037282
0.00036905
0.00036905
0.000373914
0.000373914
0.000363403
0.000363403
0.000295344
0.000295344
3.00825e-05
3.00825e-05
3.00825e-05
2.97676e-05
2.97676e-05
2.97676e-05
3.77821e-05
3.77821e-05
3.77821e-05
0.000373418
0.000373418
0.000369225
0.000369225
0.000373467
0.000373467
9.0201e-05
9.0201e-05
0.000373912
0.000373912
7.56904e-05
7.56904e-05
9.02513e-05
9.02513e-05
0.000373881
0.000373881
0.000373457
0.000373457
9.01782e-05
9.01782e-05
9.08832e-05
9.08832e-05
0.000371976
0.000371976
0.000284604
0.000284604
3.77582e-05
3.77582e-05
3.77582e-05
9.02123e-05
9.02123e-05
0.00037279
0.00037279
3.67443e-05
3.67443e-05
3.67443e-05
0.000360788
0.000360788
0.000373871
0.000373871
0.000373446
0.000373446
0.000372353
0.000372353
0.000373811
0.000373811
3.77867e-05
3.77867e-05
3.77867e-05
3.77484e-05
3.77484e-05
3.77484e-05
0.00036352
0.00036352
0.00037278
0.00037278
3.77071e-05
3.77071e-05
3.77071e-05
0.000373938
0.000373938
9.04969e-05
9.04969e-05
0.000373813
0.000373813
0.000363222
0.000363222
3.69588e-05
3.69588e-05
3.69588e-05
3.70193e-05
3.70193e-05
3.70193e-05
3.76347e-05
3.76347e-05
3.76347e-05
9.04867e-05
9.04867e-05
0.000372063
0.000372063
0.000360039
0.000360039
0.00037401
0.00037401
0.000372758
0.000372758
0.000372769
0.000372769
0.000374187
0.000374187
0.000360855
0.000360855
0.00037341
0.00037341
0.000374099
0.000374099
0.000373866
0.000373866
3.7658e-05
3.7658e-05
3.7658e-05
0.000374127
0.000374127
0.000367826
0.000367826
0.000372693
0.000372693
8.96153e-05
8.96153e-05
0.000374081
0.000374081
3.7731e-05
3.7731e-05
3.7731e-05
0.000374068
0.000374068
0.000294268
0.000294268
3.65e-05
3.65e-05
3.65e-05
7.43997e-05
7.43997e-05
0.000373405
0.000373405
0.000373799
0.000373799
0.000373428
0.000373428
0.000369278
0.000369278
3.79003e-05
3.79003e-05
3.79003e-05
0.000369267
0.000369267
3.66709e-05
3.66709e-05
3.66709e-05
8.89218e-05
8.89218e-05
8.65436e-05
8.65436e-05
0.000372745
0.000372745
0.000374003
0.000374003
0.000373506
0.000373506
0.000373402
0.000373402
0.000374174
0.000374174
0.000369287
0.000369287
9.02063e-05
9.02063e-05
0.000372685
0.000372685
4.23452e-05
4.23452e-05
4.23452e-05
3.9906e-05
3.9906e-05
3.9906e-05
0.00035563
0.00035563
3.75969e-05
3.75969e-05
3.75969e-05
0.000369242
0.000369242
8.92261e-05
8.92261e-05
0.000373765
0.000373765
0.000374277
0.000374277
0.000369059
0.000369059
0.000372802
0.000372802
0.000369256
0.000369256
0.000369111
0.000369111
0.000282852
0.000282852
0.000374082
0.000374082
3.7701e-05
3.7701e-05
3.7701e-05
3.75125e-05
3.75125e-05
3.75125e-05
0.000373758
0.000373758
3.79723e-05
3.79723e-05
3.79723e-05
3.6667e-05
3.6667e-05
3.6667e-05
0.000374005
0.000374005
0.000363524
0.000363524
0.000363527
0.000363527
3.82338e-05
3.82338e-05
3.82338e-05
0.000373387
0.000373387
3.7867e-05
3.7867e-05
3.7867e-05
9.05493e-05
9.05493e-05
0.000373923
0.000373923
0.000374228
0.000374228
3.79743e-05
3.79743e-05
3.79743e-05
8.94662e-05
8.94662e-05
0.000372677
0.000372677
3.79594e-05
3.79594e-05
3.79594e-05
0.000374248
0.000374248
0.000369284
0.000369284
3.6299e-05
3.6299e-05
3.6299e-05
0.000373306
0.000373306
0.000363424
0.000363424
0.00037269
0.00037269
8.89493e-05
8.89493e-05
0.000369067
0.000369067
0.000374103
0.000374103
3.70093e-05
3.70093e-05
3.70093e-05
3.68901e-05
3.68901e-05
3.68901e-05
0.000373912
0.000373912
0.000281811
0.000281811
0.000363528
0.000363528
0.000374008
0.000374008
0.000372387
0.000372387
0.000373994
0.000373994
0.000363516
0.000363516
0.00036353
0.00036353
3.79904e-05
3.79904e-05
3.79904e-05
0.00037338
0.00037338
0.000373486
0.000373486
0.000372666
0.000372666
0.000374063
0.000374063
0.000373278
0.000373278
0.000361001
0.000361001
7.57403e-05
7.57403e-05
3.62801e-05
3.62801e-05
3.62801e-05
0.000369156
0.000369156
0.000374148
0.000374148
0.000367995
0.000367995
0.000362158
0.000362158
0.00037443
0.00037443
9.07981e-05
9.07981e-05
3.78235e-05
3.78235e-05
3.78235e-05
0.000373465
0.000373465
0.000369092
0.000369092
9.08563e-05
9.08563e-05
0.000373907
0.000373907
9.05327e-05
9.05327e-05
3.76683e-05
3.76683e-05
3.76683e-05
0.000363467
0.000363467
0.000372156
0.000372156
0.000372617
0.000372617
0.000369074
0.000369074
3.86787e-05
3.86787e-05
3.86787e-05
3.84115e-05
3.84115e-05
3.84115e-05
0.000363219
0.000363219
8.97592e-05
8.97592e-05
9.07383e-05
9.07383e-05
9.09131e-05
9.09131e-05
0.000367911
0.000367911
0.000367416
0.000367416
0.000372118
0.000372118
0.00037344
0.00037344
0.000369082
0.000369082
7.44634e-05
7.44634e-05
3.60393e-05
3.60393e-05
3.60393e-05
0.00037277
0.00037277
0.000362994
0.000362994
0.000372427
0.000372427
9.01892e-05
9.01892e-05
3.80051e-05
3.80051e-05
3.80051e-05
0.000372724
0.000372724
0.000373878
0.000373878
0.000363531
0.000363531
0.000373246
0.000373246
0.000363211
0.000363211
0.000368184
0.000368184
0.000373861
0.000373861
9.09649e-05
9.09649e-05
3.81257e-05
3.81257e-05
3.81257e-05
0.000369081
0.000369081
8.80172e-05
8.80172e-05
0.000363217
0.000363217
3.75573e-05
3.75573e-05
3.75573e-05
0.000361516
0.000361516
3.76127e-05
3.76127e-05
3.76127e-05
9.06138e-05
9.06138e-05
3.77752e-05
3.77752e-05
3.77752e-05
0.000373299
0.000373299
3.87932e-05
3.87932e-05
3.87932e-05
0.000372675
0.000372675
9.0199e-05
9.0199e-05
0.000368965
0.000368965
0.000363386
0.000363386
3.75027e-05
3.75027e-05
3.75027e-05
9.09679e-05
9.09679e-05
0.000367784
0.000367784
9.06135e-05
9.06135e-05
9.06565e-05
9.06565e-05
3.7558e-05
3.7558e-05
3.7558e-05
0.000369047
0.000369047
3.65839e-05
3.65839e-05
3.65839e-05
0.000368977
0.000368977
3.74487e-05
3.74487e-05
3.74487e-05
0.000359184
0.000359184
0.00037258
0.00037258
0.00036165
0.00036165
3.77556e-05
3.77556e-05
3.77556e-05
3.7998e-05
3.7998e-05
3.7998e-05
9.01935e-05
9.01935e-05
9.02168e-05
9.02168e-05
9.06771e-05
9.06771e-05
9.05686e-05
9.05686e-05
3.76683e-05
3.76683e-05
3.76683e-05
3.73926e-05
3.73926e-05
3.73926e-05
0.000367062
0.000367062
0.000368895
0.000368895
0.000371911
0.000371911
0.000363207
0.000363207
3.74484e-05
3.74484e-05
3.74484e-05
3.72817e-05
3.72817e-05
3.72817e-05
9.03026e-05
9.03026e-05
0.000359066
0.000359066
0.000368689
0.000368689
0.000367321
0.000367321
0.000363202
0.000363202
0.000363285
0.000363285
0.000371943
0.000371943
0.000363157
0.000363157
3.7365e-05
3.7365e-05
3.7365e-05
9.10551e-05
9.10551e-05
0.000362717
0.000362717
3.8988e-05
3.8988e-05
3.8988e-05
9.05047e-05
9.05047e-05
3.74954e-05
3.74954e-05
3.74954e-05
9.03446e-05
9.03446e-05
0.000358277
0.000358277
0.000362068
0.000362068
3.56311e-05
3.56311e-05
3.56311e-05
7.15783e-05
7.15783e-05
3.65028e-05
3.65028e-05
3.65028e-05
3.65028e-05
3.47359e-05
3.47359e-05
3.47359e-05
3.47359e-05
8.70913e-05
8.70913e-05
3.56062e-05
3.56062e-05
3.56062e-05
3.74741e-05
3.74741e-05
3.74741e-05
9.07518e-05
9.07518e-05
3.77229e-05
3.77229e-05
3.77229e-05
9.07028e-05
9.07028e-05
3.7517e-05
3.7517e-05
3.7517e-05
3.75964e-05
3.75964e-05
3.75964e-05
9.07994e-05
9.07994e-05
3.74291e-05
3.74291e-05
3.74291e-05
3.76331e-05
3.76331e-05
3.76331e-05
9.05719e-05
9.05719e-05
9.03161e-05
9.03161e-05
3.77854e-05
3.77854e-05
3.77854e-05
3.80094e-05
3.80094e-05
3.80094e-05
3.76605e-05
3.76605e-05
3.76605e-05
9.04069e-05
9.04069e-05
3.78837e-05
3.78837e-05
3.78837e-05
9.02505e-05
9.02505e-05
3.72154e-05
3.72154e-05
3.72154e-05
3.58625e-05
3.58625e-05
3.58625e-05
3.59089e-05
3.59089e-05
3.59089e-05
9.0169e-05
9.0169e-05
3.72752e-05
3.72752e-05
3.72752e-05
3.73789e-05
3.73789e-05
3.73789e-05
9.08053e-05
9.08053e-05
3.79585e-05
3.79585e-05
3.79585e-05
0.000358088
0.000358088
0.000295593
0.000295593
0.000362701
0.000362701
0.000363117
0.000363117
0.00036293
0.00036293
8.89543e-05
8.89543e-05
3.64428e-05
3.64428e-05
3.64428e-05
0.000295277
0.000295277
0.000370051
0.000370051
0.000286338
0.000286338
3.55124e-05
3.55124e-05
3.55124e-05
0.000358514
0.000358514
0.000374174
0.000374174
0.000361564
0.000361564
0.000358863
0.000358863
8.87589e-05
8.87589e-05
8.32919e-05
8.32919e-05
0.000295663
0.000295663
0.000290933
0.000290933
3.31536e-05
3.31536e-05
3.31536e-05
3.51098e-05
3.51098e-05
3.51098e-05
3.36043e-05
3.36043e-05
3.36043e-05
0.000374159
0.000374159
0.000340726
0.000340726
0.000295296
0.000295296
0.000374213
0.000374213
3.43323e-05
3.43323e-05
3.43323e-05
0.000365327
0.000365327
0.000374413
0.000374413
0.000294888
0.000294888
2.46628e-05
2.46628e-05
2.46628e-05
2.64469e-05
2.64469e-05
2.64469e-05
3.59674e-05
3.59674e-05
3.59674e-05
3.41625e-05
3.41625e-05
3.41625e-05
3.62822e-05
3.62822e-05
3.62822e-05
3.42385e-05
3.42385e-05
3.42385e-05
3.44487e-05
3.44487e-05
3.44487e-05
3.42873e-05
3.42873e-05
3.42873e-05
0.000295306
0.000295306
6.67692e-05
6.67692e-05
0.000286933
0.000286933
2.7489e-05
2.7489e-05
2.7489e-05
2.58474e-05
2.58474e-05
2.58474e-05
2.71414e-05
2.71414e-05
2.71414e-05
6.7547e-05
6.7547e-05
0.000374381
0.000374381
0.000374147
0.000374147
3.06266e-05
3.06266e-05
3.06266e-05
1.98264e-05
1.98264e-05
1.98264e-05
1.79636e-05
1.79636e-05
1.79636e-05
0.000291416
0.000291416
0.000294252
0.000294252
5.17375e-05
5.17375e-05
0.0003565
0.0003565
0.000295668
0.000295668
0.000368041
0.000368041
0.000331002
0.000331002
8.36865e-05
8.36865e-05
3.15353e-05
3.15353e-05
3.15353e-05
8.06832e-05
8.06832e-05
7.55507e-05
7.55507e-05
8.16191e-05
8.16191e-05
7.40581e-05
7.40581e-05
7.56913e-05
7.56913e-05
7.58326e-05
7.58326e-05
2.35874e-05
2.35874e-05
2.35874e-05
2.39265e-05
2.39265e-05
2.39265e-05
0.000295141
0.000295141
0.00037435
0.00037435
0.000355255
0.000355255
0.0002957
0.0002957
4.2861e-05
4.2861e-05
7.23237e-05
7.23237e-05
5.45886e-05
5.45886e-05
0.000352889
0.000352889
0.000364805
0.000364805
7.52189e-05
7.52189e-05
0.000374316
0.000374316
0.000356359
0.000356359
0.000369006
0.000369006
0.000368275
0.000368275
3.21226e-05
3.21226e-05
3.21226e-05
0.000362261
0.000362261
0.000364039
0.000364039
0.000342593
0.000342593
7.92084e-05
7.92084e-05
0.000377042
0.000377042
0.000354527
0.000354527
0.000374289
0.000374289
2.91632e-05
2.91632e-05
2.91632e-05
0.000357122
0.000357122
0.000376207
0.000376207
0.000355592
0.000355592
5.65578e-05
5.65578e-05
2.92722e-05
2.92722e-05
2.92722e-05
0.000372099
0.000372099
0.000374265
0.000374265
0.000375722
0.000375722
0.000342433
0.000342433
0.000337925
0.000337925
2.77938e-05
2.77938e-05
2.77938e-05
0.000374243
0.000374243
0.000376329
0.000376329
0.000352744
0.000352744
0.000376849
0.000376849
0.000374223
0.000374223
7.86997e-05
7.86997e-05
0.000374206
0.000374206
0.000376278
0.000376278
0.000363778
0.000363778
0.000374171
0.000374171
0.00036919
0.00036919
0.000357458
0.000357458
0.000363456
0.000363456
2.03763e-05
2.03763e-05
2.03763e-05
0.000374181
0.000374181
6.46367e-05
6.46367e-05
2.65075e-05
2.65075e-05
2.65075e-05
0.000375909
0.000375909
)
;
    }
}


// ************************************************************************* //
