/*--------------------------------*- C++ -*----------------------------------*\
  =========                 |
  \\      /  F ield         | OpenFOAM: The Open Source CFD Toolbox
   \\    /   O peration     | Website:  https://openfoam.org
    \\  /    A nd           | Version:  8
     \\/     M anipulation  |
\*---------------------------------------------------------------------------*/
FoamFile
{
    version     2.0;
    format      ascii;
    class       volScalarField;
    location    "0.7";
    object      p;
}
// * * * * * * * * * * * * * * * * * * * * * * * * * * * * * * * * * * * * * //

dimensions      [1 -1 -2 0 0 0 0];

internalField   nonuniform List<scalar> 
1924
(
0
-5.73427
-7.88108
-7.43287
-6.02305
-7.90095
-7.68919
-8.57716
-8.45758
-6.27261
-8.8659
-9.05981
1.14882
-9.79641
-28.2402
-29.428
-0.377608
-9.8898
26.1852
-11.4736
85.6841
-11.173
-2.66723
-11.3744
-10.9557
-13.5521
-14.2593
-5.6843
-6.52955
-3.11376
-6.61007
-11.5191
-0.35824
-3.58013
-5.96444
-2.14073
-12.4815
-6.43222
-2.91285
-4.912
-13.0642
46.7635
-13.0022
3.17242
-5.80842
-7.35552
-4.63131
-5.87835
337.387
191.514
170.551
3.07902
-10.5961
174.14
-8.59834
-5.95749
14.4174
-5.71932
-5.62234
-20.3977
7.25371
-27.0008
42.1604
-2.6942
171.64
-5.97424
-24.4838
-6.68319
-7.07958
154.988
-7.62769
-28.0289
-2.67204
-3.38318
-3.24775
-9.29641
-6.0836
-3.62645
-5.53453
92.3783
-6.80647
-15.9749
-4.55956
31.7268
12.7694
-7.07468
-5.81138
-25.8085
287.577
-4.94564
-22.137
-16.5402
-7.94268
-7.98115
-6.08688
172.265
-6.35752
-7.65969
-19.9864
-8.51519
-7.57413
-7.73401
-20.9369
-18.3376
-8.57487
-4.55807
-7.99422
-8.93152
-19.2566
-7.85718
-6.61573
-7.27826
-6.05601
-4.06161
-5.38442
60.7846
-8.04653
-33.32
-6.46698
-5.67783
71.5873
770.031
163.942
28.3954
-26.7985
-10.2089
-9.32882
-3.64836
-7.83275
692.288
-6.5419
-8.33629
-11.2007
-4.53433
-3.72346
-9.01055
-6.81623
-7.29022
-12.7261
-5.95954
-5.98445
-25.8423
-3.62172
1.70428
-8.93444
536.914
-9.60996
-8.32082
-19.2222
-5.9254
-4.22292
859.111
-8.7833
-8.99135
-8.28718
-11.7831
788.77
-6.82005
-6.99591
-4.43535
-3.87045
-9.73329
-10.2634
753.029
-3.43887
-10.2878
-13.4285
846.34
-5.58456
-8.62605
-6.29408
-10.0265
-4.38335
-18.8284
-6.18376
-9.77348
-3.27265
-6.41539
-0.770953
-11.7892
-13.5729
-35.7058
-4.33737
-14.2843
466.126
-5.39293
-8.60764
-13.9264
-5.99348
-4.26815
-9.29129
-9.73668
-6.99136
-11.4828
-14.7397
839.704
-14.3534
-11.3534
-12.4057
-10.8129
14.6615
-5.48539
-12.3821
-10.9874
-5.73214
-13.7767
-14.1338
-8.0869
-7.77906
-15.1662
731.213
-8.94359
-20.5362
-14.7969
-13.9911
-4.26386
-18.3813
-10.1945
-13.9822
-3.47404
-11.0191
-4.78373
-12.9622
-24.2985
-11.1675
-14.4225
-7.49082
-5.0599
-15.6428
-11.9299
-7.66164
-21.4819
-13.5435
-8.65157
-15.4545
-4.84945
-16.6864
-16.7682
-14.0776
816.439
-41.6911
-13.0705
-13.0094
-7.94253
-5.55396
-7.61494
-13.0645
-6.55634
-4.19631
-4.65035
-5.40547
735.506
-15.7381
-9.78832
-5.91195
-25.4129
-14.1086
-12.5792
-12.5849
-16.2802
-13.3041
-14.7228
-18.6128
-4.54188
-11.2556
-2.99788
86.7235
-3.9486
-9.49636
4.1284
-11.2691
-4.06719
-7.18378
-13.0982
-21.9853
-6.68948
-12.2346
-15.663
-11.3817
-12.7697
73.3383
833.298
-21.0011
-17.1626
110.25
-4.04213
-7.53768
723.902
-17.8915
-13.2021
-15.3377
-2.71104
-17.3356
-19.0455
131.19
-2.3693
-26.1344
-8.02671
-3.64615
-24.5104
787.384
-13.4721
-13.2638
-18.0951
-14.0209
-13.5771
65.1472
-12.1797
-12.7052
-5.42519
-7.86492
-4.21127
-17.1379
-9.55016
-6.40976
39.0084
-14.188
-17.4756
-16.3098
-14.4455
-2.84171
-11.2251
-13.5278
-2.93493
-14.1665
-5.48254
-13.4499
-13.1842
-6.93114
-8.21062
-12.7312
-24.8168
-9.14256
-14.334
-3.15501
-18.0804
-21.0998
-17.7658
-18.3436
-15.0489
-5.01279
-3.72562
-10.4757
-7.65132
-28.2755
-31.7824
-7.69794
-28.5495
-3.0983
-13.5785
-12.4997
-5.55437
-2.23671
-17.4263
-7.66372
-4.21775
642.1
-20.4924
-12.0646
173.393
-19.5333
-26.4441
-15.3858
-22.5703
-11.5938
-15.6667
-9.93979
-10.7417
-18.3027
-18.2329
-11.6056
-14.468
-12.5912
-42.9546
-16.9297
30.0118
-28.85
-29.8329
-10.9315
-30.9079
-33.0455
-3.87362
-13.622
-15.0552
-11.9858
-10.3853
-2.93618
-23.5023
-15.087
-17.3876
-3.42851
-8.82391
-13.8313
-25.9827
-18.9467
-5.88594
-14.2961
-10.6755
-8.3224
-35.2027
457.42
-3.31105
-7.4774
-8.63012
938.661
-21.0015
-8.20693
-27.8003
-11.9559
-13.1444
-19.7715
-8.29567
-21.4
-18.0127
-19.1494
-17.3543
-5.99786
-22.3476
-8.28362
-7.03295
-18.5799
-10.6656
-7.38372
-7.87358
-11.3369
-14.3281
-6.33888
-2.69868
-9.69852
-18.0667
-21.9489
-5.4315
-18.8095
-6.84209
-19.033
-17.7395
-12.5065
141.267
-19.0046
-11.048
-12.0106
-15.9044
-15.0254
-1.56501
-32.5036
-0.398305
-20.3272
-3.08366
-14.0378
-23.6759
-33.0941
-9.28197
-16.3547
-9.18059
-15.0032
-14.6006
-9.55845
-30.6491
-6.37082
-37.8293
-4.46808
-10.4888
39.869
-5.83282
-9.00848
-25.0342
-28.7011
-19.4101
-19.0958
-5.30377
-13.2401
-8.12436
-2.70899
-8.48478
-10.1923
-4.09606
-2.58146
-22.3006
-35.6738
-41.1352
-20.9731
-19.66
-19.9453
-31.0382
-10.074
-12.1451
-17.0547
-50.7675
-18.3047
-6.90398
106.658
-17.9144
-7.69737
-7.38895
-17.5897
-6.66871
-39.0455
-21.6232
-16.6399
-2.63108
-15.3864
-33.4647
-11.4618
-11.2615
-5.51469
-17.0058
-24.8423
-15.665
-9.17341
-11.3769
-3.46505
-5.93974
-22.4773
-16.3944
-24.9703
-26.6279
-10.9513
-14.8413
-20.0574
-43.1233
-6.70562
-28.8663
-4.75656
-9.90766
-17.771
-16.8479
-2.78692
0.69092
-14.5225
-20.1898
-4.77322
-23.1083
-8.70343
-5.17465
-8.33497
-31.3663
-20.0227
-10.1492
8.83471
-13.122
-10.161
-2.60254
50.2686
-3.2186
-7.49496
-17.3405
-2.59748
-2.41925
-37.2033
-9.30573
-16.952
-19.6381
-45.2755
-7.92195
-16.4648
-6.65917
1.1464
159.99
-2.29255
-2.56447
-12.2416
-5.6905
-9.09625
-20.2778
-11.3732
-8.5179
-4.31174
-7.38673
-2.68832
-9.54625
-6.6118
-17.8681
-16.1779
-21.8376
-2.84127
-25.9153
-0.817128
-8.64169
-13.853
-7.18116
-11.299
-45.9201
-21.6726
-22.9165
177.12
22.9022
-19.388
-1.84568
-5.11376
-3.37624
-14.98
-7.59714
51.3741
157.45
100.081
-11.8954
-28.0762
-5.6739
-34.5273
-4.32468
174.893
-22.9201
-20.9393
-2.52438
-8.72506
-24.2266
-18.314
-3.5772
-8.96706
-1.00235
-14.1149
-38.1081
-2.09723
-6.83015
-10.4207
-41.9157
-17.9741
-9.44659
173.035
-1.97326
-8.61741
-4.5625
-7.88762
-12.8847
-21.0463
-2.66861
1.05206
-47.1991
-19.8821
-4.59041
-51.4304
-16.529
-5.58342
-3.10079
-8.26687
167.927
-16.1662
-0.0961812
-17.0192
-7.45658
-18.5809
-19.5235
-9.51999
-15.8703
-16.594
-31.5362
-12.1288
-50.7065
-17.3158
-10.9529
-5.64889
-20.1085
-6.33012
-19.0955
1.09416
-21.8741
-3.55091
-3.30521
-15.5975
-5.35498
-7.97408
6.96072
-2.72512
-5.53912
-23.0079
-2.43532
-14.0961
-54.0768
-7.82534
-8.95897
-10.4899
-3.66564
123.387
-7.49144
-36.937
-4.86935
-21.5298
-53.7341
63.1769
-0.547188
-14.5382
-17.3653
-43.6697
-34.3807
-13.9524
-21.8059
-26.891
139.898
-10.1666
4.24937
-3.02181
-21.678
-7.90657
-15.8132
-3.50367
-24.8764
-1.9082
-2.88447
-9.64658
-12.4621
-3.76545
-2.06516
-16.3778
-7.39728
180.819
-16.6277
-17.9376
-15.4811
-8.59553
-8.1901
-7.26826
30.7658
-18.2588
203.536
-15.1511
-20.2009
-19.0417
-2.5554
-29.4936
157.653
-2.74181
-57.4174
-3.34764
2.28269
-58.3154
144.687
-0.587798
237.053
-9.05545
-6.08879
-19.5805
-3.65738
-1.92145
-11.6448
-38.928
-14.6274
-29.4942
-17.1129
-49.7492
-1.89142
124.528
-21.4013
-3.37703
242.184
-8.5457
-0.57365
-8.86178
1.27113
-7.8132
-5.21468
-13.8289
-16.321
-22.4128
-3.12543
-2.64326
-19.4359
-2.42821
242.509
481.74
-57.4494
-2.5351
-22.6207
-59.9567
-3.83741
-13.5345
-0.916339
-15.0974
-8.92469
6.78305
-16.0759
-67.1879
-15.815
-2.36861
-17.338
-7.51156
-12.218
-8.6991
-14.8527
4.93491
-17.1436
-0.960983
-2.85328
-23.2426
-9.15309
-16.5655
-2.56464
-57.8353
-16.543
-22.0844
-2.25793
-1.99962
-1.31393
-18.3566
-17.4874
-12.1875
-3.35788
-10.1
195.63
-16.7175
-1.32372
64.8185
-9.363
-14.2782
-2.22525
-2.76348
-42.5547
-2.16415
-69.3083
-17.9379
-9.25094
-2.50169
-6.81087
-2.88093
205.773
-5.04792
1.67349
-56.7222
37.4118
-13.9266
-7.23093
-0.941895
-20.3016
-33.0926
16.0068
-27.3316
-5.66577
-10.2847
-38.4238
-18.3364
1.04699
-72.509
-2.63112
-7.60719
-15.5301
-14.2246
-15.2464
-2.696
-53.006
-3.90341
581.599
-8.79377
218.836
-16.094
-14.58
757.303
-0.725912
-16.2953
-14.0944
-73.6996
-0.228579
-23.2062
-19.9824
5.69772
-2.57938
-77.6184
-16.5229
-0.441913
-9.27745
182.811
-2.47325
-44.8363
-40.1002
-16.4387
-2.50571
-0.373739
-16.1532
87.7751
-14.3678
4.03956
-0.657487
-3.32527
-1.61728
1.11856
-23.2685
-10.869
-2.42337
-2.41129
0.495502
337.553
-16.5314
-1.85128
-6.19713
-72.9335
-2.54751
-16.3036
-14.1086
-16.0015
-9.40137
-21.1914
-30.4523
-12.9249
-2.37798
148.954
-57.2198
-14.9792
-12.13
-7.69925
-88.4315
-0.548897
-70.7921
2.39984
-2.43172
-9.3781
416.513
-14.9787
-13.7044
-23.6496
23.4112
-15.945
-29.136
-15.6721
-2.28389
-6.21922
228.297
295.522
-15.893
11.8003
-14.6912
-10.7185
-2.3061
-2.47065
-79.8182
-13.7553
323.081
-4.00108
0.834752
-2.093
-20.8275
-24.5477
-16.2789
-13.3121
-91.3371
-14.3097
0.209591
-15.598
-7.3152
-64.979
1.21374
-16.3755
-16.0306
-2.07969
208.505
-3.24616
191.708
460.888
-16.1886
-13.7873
-15.2007
4.43874
-96.3715
0.0828952
-13.7727
-1.13802
0.865272
-42.2165
113.575
0.667139
66.7909
4.45666
-89.991
5.04266
-2.22675
-5.06954
-23.6776
154.583
-14.139
-45.852
-13.6475
-15.5312
57.7603
-1.78887
-10.4569
-2.28226
-15.1755
-71.6566
-1.94997
-16.3115
-16.0826
-26.6188
-8.80851
-103.237
-16.2546
0.687856
-14.6494
-14.5046
-17.0722
-13.6893
7.81793
-1.36365
1.52128
-9.76575
-13.4961
-1.84754
-14.8194
2.34437
-2.04197
0.468646
-49.5512
-60.0897
2.98758
-14.1497
15.2913
0.482381
-85.5384
-1.23884
-8.02755
-95.7868
-9.94932
-8.76496
37.6344
-14.3081
12.1395
-110.962
-15.8572
-6.82263
-4.01705
-15.4636
-16.3485
-8.3514
-13.7192
-18.6901
-64.6416
-14.7032
415.689
-1.75133
-1.37285
-14.1968
-13.6235
-12.4966
-4.85877
-2.93175
6.35312
0.877468
-3.10435
-29.5904
413.459
292.999
-15.1268
-10.7163
-1.74379
-13.6211
2.18957
-105.871
-25.2145
-18.4907
-110.036
-15.0772
-1.76335
-16.1153
-15.8339
-13.3145
-14.5971
-31.1445
5.30507
-13.7578
-6.05765
-17.9068
-14.6333
-40.0985
-12.1192
2.71238
-16.3965
1.95857
3.37789
-1.40868
5.28806
-1.2937
-84.3047
-14.0396
-1.4098
124.014
-120.005
45.629
-14.0605
-0.759112
-16.4723
-11.1078
590.283
-101.947
-9.75539
-13.705
-2.44758
-15.2313
-14.9394
186.958
11.7406
1.19926
-1.18995
-16.1361
-124.108
-16.6481
-15.6376
-72.1614
-2.46061
-2.36239
-13.5734
-14.5698
-97.6277
-6.1364
-9.71284
16.3826
4.4749
-14.605
1.15028
-2.1966
-15.8777
169.427
2.4116
-16.3905
-41.7454
-15.465
13.1513
-23.4881
232.967
265.862
-21.644
3.99193
-13.7028
-9.88583
2.23502
-14.5408
-16.5446
6.60284
-124.901
-7.34804
-3.8536
-8.71949
-12.2856
-5.82259
-2.46643
-1.26174
-92.9555
-12.635
-118.177
-11.7782
2.81967
-13.9863
-2.72838
-1.27759
242.645
-15.8966
-120.405
339.195
359.452
7.43812
-13.6381
-2.0691
-13.4786
-15.1125
-2.2094
370.165
-10.6484
-0.811777
-125.426
-62.1675
-79.2157
-17.9127
10.2608
-7.41804
7.20093
-16.3335
-16.6362
432.532
-1.77475
-13.6005
146.07
70.7652
-16.0753
0.00703605
-13.9751
-23.9757
1.22359
1.68146
33.2723
-24.0753
-49.5351
-14.7184
19.3199
-4.7219
-27.645
-14.6484
2.9471
-133.112
1.23438
-16.9287
4.59275
565.62
-13.2731
-16.5084
-15.6142
-1.39799
0.124774
-16.3244
7.04108
-1.85271
-104.939
574.51
-15.0581
-6.70742
12.3092
-6.44301
-105.678
-13.6664
3.75402
-6.76262
-11.177
-13.6423
406.858
0.373975
-72.2104
-13.5453
-53.4687
21.4745
-133.292
-8.32999
11.6834
-125.926
-13.3078
-3.26985
288.765
198.739
-16.7259
-13.0612
-13.4055
16.1553
-115.527
20.5003
12.2958
173
-0.866546
-1.91099
-12.6975
-16.8406
-7.51071
-95.2271
-57.5247
-117.843
1.50395
-4.31312
6.19744
-41.1011
-41.4503
-9.83807
177.345
288.009
-129.771
-12.7781
-16.7965
1.68074
-0.410895
-17.0376
-3.67404
-50.7935
-9.2036
-7.57379
-1.66888
-0.332092
125.451
707.674
-16.5838
-19.7656
-12.703
656.332
193.674
-13.7282
25.7336
0.485395
-13.2409
5.35812
-10.9753
-16.6095
0.154203
41.0699
-1.1943
0.396454
-15.2069
-133.153
-16.5111
1.36384
32.2053
176.428
-2.06879
-60.5435
499.834
-24.6457
-0.512781
-16.6959
-133.75
-14.8338
-14.3033
-37.4137
-12.7115
-8.65631
528.249
-6.94395
17.2787
-97.4397
-130.992
-17.1812
-12.8616
-2.41676
-16.7194
-11.446
591.581
-83.8875
-16.7827
0.302467
-0.826343
-2.45408
2.42279
-114.247
-5.23586
-2.29395
186.339
-10.3175
-0.289689
-4.94898
11.8736
-45.411
-13.3024
167.684
-83.3659
-4.95765
-20.182
-12.078
-17.6673
-2.30241
-47.9991
-1.90227
-3.72805
-1.67307
-96.1832
-2.28508
-18.0681
-16.9154
24.2057
1.28449
29.5311
-115.321
-2.49286
-2.10275
353.243
-0.712302
-24.1362
686.753
-18.4597
-7.31704
8.99321
1.1014
-13.6816
-104.026
-21.1487
207.614
-1.83629
-19.2424
-124.107
2.25635
299.03
192.371
128.337
409.093
-26.8676
224.077
-17.2689
-128.903
-17.1093
1.93244
-129.496
-18.596
75.5723
-17.3524
-1.99686
-2.11846
-122.075
-117.454
525.146
-1.49613
-16.6755
3.23028
-17.2583
10.7358
32.2169
-0.467496
-6.95187
444.002
338.334
187.06
-16.7784
-54.9214
721.196
0.441648
-14.1313
9.93593
0.124248
-3.76687
-8.48728
1.76113
354.632
-14.5878
-14.568
170.044
-10.0814
-24.101
779.457
-0.953556
-16.0271
-16.6227
42.6285
-2.57883
-16.4187
-55.4864
-11.5141
-98.0236
-16.9951
-9.25338
-19.451
1.186
-83.1747
115.767
4.27445
3.91507
-17.9777
42.919
-8.79962
571.037
590.998
-12.9313
-29.6421
-6.75141
-20.5774
-9.24018
4.26307
56.289
5.39954
-15.2999
-0.657199
4.30784
-116.624
181.873
-57.5653
1.86672
1.65949
-104.43
-114.687
-23.1521
-13.2903
-16.7292
-17.6024
-16.9214
-1.7069
-68.8928
-0.370639
-53.3257
2.75648
-116.776
-13.6991
-91.2688
-15.6438
-18.9887
-19.546
-18.4272
-9.30098
-72.5792
-24.3221
-1.56888
-16.1523
1.74536
-15.8712
-91.5143
-19.6994
-101.225
385.772
-113.057
515.162
-100.957
167.029
1.83828
790.237
22.5338
-0.768894
1.69928
-19.5191
716.712
-16.2918
10.0967
581.741
407.341
509.035
193.324
-23.2432
0.940474
-11.172
320.509
8.29179
8.10998
-12.5425
-23.6227
243.615
-20.468
-14.7236
7.19165
-17.3324
-18.4585
167.319
4.02892
-22.6124
-26.1091
-14.3134
7.22879
-14.671
386.451
5.31233
-95.4509
128.144
27.175
-30.9509
5.87354
-22.9393
-99.5012
-38.9958
-18.0882
3.91488
1.20007
-16.705
11.9228
112.234
6.62247
1.34575
-15.2103
-8.668
-18.4103
-100.511
-11.2393
-14.3221
-97.3818
21.8126
306.262
198.266
-4.19719
-20.6805
2.88753
-30.1648
-82.9882
-13.5457
711.505
-60.7613
-12.5709
-23.9993
-63.2377
300.407
83.0674
318.951
-0.163999
-90.4461
-33.5357
479.932
11.164
-12.8828
-17.2352
14.1687
-11.7027
7.60921
9.55736
9.36422
-32.8198
25.2491
-93.8598
4.5905
-13.8358
-8.15855
784.197
-84.0777
2.52413
2.05501
90.508
6.83551
-88.7623
-19.2475
-26.7346
-35.6917
17.1176
-11.4701
-61.0554
-11.5085
-16.2994
-26.5752
18.3862
-24.2807
655.611
7.94734
-16.3937
-72.6013
81.8158
33.6486
320.261
14.3809
-11.0525
-11.2167
-26.7969
5.67721
-35.3882
779.277
455.614
3.00047
-12.2648
-56.6873
-73.1551
-6.2659
6.14315
-18.2567
-84.1572
-13.6527
-0.799911
2.69213
3.85338
48.6592
-32.2935
13.6277
-9.9839
-3.50775
-21.6479
-77.0697
-40.8177
-73.8876
578.37
-38.4521
-13.7185
238.059
-9.90714
-84.4839
500.547
-19.5985
-21.8981
-30.4267
-0.274293
-8.11331
1.13317
-6.0186
-64.965
-8.9641
-69.0458
20.0418
-2.89125
-65.8753
-24.4886
-9.12992
191.614
-5.99025
-78.7614
-6.30017
8.87891
-29.5509
-5.32285
638.223
365.1
-29.3372
513.984
-20.12
11.4125
22.1857
15.7243
-13.9014
-35.2391
-84.3324
23.0199
-41.222
-4.85748
14.6725
-6.39943
24.7961
707.957
775.316
3.40451
2.11834
26.6277
360.17
-8.96742
-23.278
-4.57064
-5.98244
-41.6591
-16.822
4.31988
-5.40949
20.7008
7.09975
3.41279
-6.88379
-10.036
12.1774
17.9782
-16.9294
27.982
-31.6715
-4.5225
21.0184
321.827
2.21197
21.7056
2.20799
513.13
383.941
-47.1081
15.6902
31.6656
-61.3247
-70.8573
-13.3387
25.849
-51.2577
32.8681
-21.3015
35.5451
23.3786
35.8865
25.38
-3.16077
5.48694
-33.3102
-15.671
33.4442
-24.8638
-23.3929
-18.7823
34.0407
7.89472
15.7703
36.33
-5.85442
-48.463
-6.09817
40.3635
15.5187
-60.6408
-2.67382
-60.9721
-9.532
588.423
12.326
42.0638
73.8986
30.9713
40.4953
33.6651
-7.97102
-27.5761
6.94521
-40.4644
42.3651
-29.8734
42.3703
41.7419
22.4142
39.4401
3.4892
40.6245
146.459
168.772
58.2498
33.9401
40.2827
0.975771
-11.7526
38.6313
-5.11334
43.6114
43.6569
6.42132
4.87757
32.5518
37.5192
38.7497
42.4754
38.0575
577.222
705.598
41.2944
769.543
41.2082
770.878
7.32195
2.67496
-34.5414
21.6184
55.6206
-43.831
4.26056
2.84016
-16.3496
-23.8236
27.4556
27.9385
-42.8584
27.61
24.9509
32.801
28.9955
40.0112
354.198
345.359
178.968
152.965
40.0373
51.7754
21.1035
42.2335
-4.84049
26.8464
13.7767
19.8579
570.525
696.305
178.392
78.1822
96.2443
757.016
523.631
-8.03643
172.879
473.932
698.367
648.97
-5.13214
153.027
28.0535
729.16
171.257
-7.7932
596.6
88.5515
-9.44203
353.242
163.987
-9.0654
145.635
472.916
307.793
511.276
558.702
469.807
577.753
519.127
542.646
9.22138
108.998
281.88
538.86
551.509
546.506
287.586
-9.558
-7.21178
517.616
268.567
291.308
332.531
267.456
470.476
67.8293
-5.02945
235.75
810.46
762.71
511.047
590.148
621.996
577.876
586.157
639.39
603.795
917.972
816.51
45.6528
-9.66141
326.825
-5.35892
598.583
496.863
235.726
398.046
175.667
484.289
-9.44739
393.401
150.497
183.839
492.401
220.701
344.624
265.999
468.731
-8.83637
209.444
-9.44456
516.828
298.558
-11.0755
371.061
301.641
448.28
160.238
-9.24151
-12.3502
480.54
321.52
967.712
-9.42163
-8.58702
286.946
-9.8109
-9.01818
453.026
-8.88434
-10.1763
106.804
-7.86792
112.286
153.411
223.293
488.301
-8.0486
911.836
951.042
-11.1977
)
;

boundaryField
{
    patch0
    {
        type            calculated;
        value           nonuniform List<scalar> 
4010
(
1.42109e-14
1.42109e-14
-5.73427
-5.73427
-7.88108
-7.88108
-7.43287
-7.43287
-6.02305
-6.02305
-7.90095
-7.90095
-7.68919
-7.68919
-8.57716
-8.57716
-8.45758
-8.45758
-6.27261
-6.27261
-8.8659
-8.8659
-9.05981
-9.05981
1.14882
1.14882
-9.79641
-9.79641
-28.2402
-28.2402
-29.428
-29.428
-0.377608
-0.377608
-9.8898
-9.8898
26.1852
26.1852
-11.4736
-11.4736
85.6841
85.6841
-11.173
-11.173
-2.66723
-2.66723
-11.3744
-11.3744
-10.9557
-10.9557
-13.5521
-13.5521
-14.2593
-14.2593
-5.6843
-5.6843
-6.52955
-6.52955
-3.11376
-3.11376
-6.61007
-6.61007
-11.5191
-11.5191
-0.35824
-0.35824
-3.58013
-3.58013
-5.96444
-5.96444
-2.14073
-2.14073
-12.4815
-12.4815
-6.43222
-6.43222
-2.91285
-2.91285
-4.912
-4.912
-13.0642
-13.0642
46.7635
46.7635
-13.0022
-13.0022
3.17242
3.17242
-5.80842
-5.80842
-7.35552
-7.35552
-4.63131
-4.63131
-5.87835
-5.87835
337.387
337.387
191.514
191.514
170.551
170.551
3.07902
3.07902
-10.5961
-10.5961
174.14
174.14
-8.59834
-8.59834
-5.95749
-5.95749
14.4174
14.4174
-5.71932
-5.71932
-5.62234
-5.62234
-20.3977
-20.3977
7.25371
7.25371
-27.0008
-27.0008
42.1604
42.1604
-2.6942
-2.6942
171.64
171.64
-5.97424
-5.97424
-24.4838
-24.4838
-6.68319
-6.68319
-7.07958
-7.07958
154.988
154.988
-7.62769
-7.62769
-28.0289
-28.0289
-2.67204
-2.67204
-3.38318
-3.38318
-3.24775
-3.24775
-9.29641
-9.29641
-6.0836
-6.0836
-3.62645
-3.62645
-5.53453
-5.53453
92.3783
92.3783
-6.80647
-6.80647
-15.9749
-15.9749
-4.55956
-4.55956
31.7268
31.7268
12.7694
12.7694
-7.07468
-7.07468
-5.81138
-5.81138
-25.8085
-25.8085
287.577
287.577
-4.94564
-4.94564
-22.137
-22.137
-16.5402
-16.5402
-7.94268
-7.94268
-7.98115
-7.98115
-6.08688
-6.08688
172.265
172.265
-6.35752
-6.35752
-7.65969
-7.65969
-19.9864
-19.9864
-8.51519
-8.51519
-7.57413
-7.57413
-7.73401
-7.73401
-20.9369
-20.9369
-18.3376
-18.3376
-8.57487
-8.57487
-4.55807
-4.55807
-7.99422
-7.99422
-8.93152
-8.93152
-19.2566
-19.2566
-7.85718
-7.85718
-6.61573
-6.61573
-7.27826
-7.27826
-6.05601
-6.05601
-4.06161
-4.06161
-5.38442
-5.38442
60.7846
60.7846
-8.04653
-8.04653
-33.32
-33.32
-6.46698
-6.46698
-5.67783
-5.67783
71.5873
71.5873
770.031
770.031
163.942
163.942
28.3954
28.3954
-26.7985
-26.7985
-10.2089
-10.2089
-9.32882
-9.32882
-3.64836
-3.64836
-7.83275
-7.83275
692.288
692.288
-6.5419
-6.5419
-8.33629
-8.33629
-11.2007
-11.2007
-4.53433
-4.53433
-3.72346
-3.72346
-9.01055
-9.01055
-6.81623
-6.81623
-7.29022
-7.29022
-12.7261
-12.7261
-5.95954
-5.95954
-5.98445
-5.98445
-25.8423
-25.8423
-3.62172
-3.62172
-3.16366
1.70428
1.70428
6.05573
-8.93444
-8.93444
536.914
536.914
-9.60996
-9.60996
-8.32082
-8.32082
-19.2222
-19.2222
-5.9254
-5.9254
-4.22292
-4.22292
859.111
859.111
952.851
-8.7833
-8.7833
-8.99135
-8.99135
-8.28718
-8.28718
-11.7831
-11.7831
788.77
788.77
-6.82005
-6.82005
-6.99591
-6.99591
-4.43535
-4.43535
-3.87045
-3.87045
-9.73329
-9.73329
-10.2634
-10.2634
753.029
753.029
-3.43887
-3.43887
-10.2878
-10.2878
-13.4285
-13.4285
846.34
846.34
-5.58456
-5.58456
-8.62605
-8.62605
-6.29408
-6.29408
-10.0265
-10.0265
-4.38335
-4.38335
-18.8284
-18.8284
-6.18376
-6.18376
-9.77348
-9.77348
-3.27265
-3.27265
-6.41539
-6.41539
-0.770953
-0.770953
-11.7892
-11.7892
-13.5729
-13.5729
-35.7058
-35.7058
-4.33737
-4.33737
-14.2843
-14.2843
466.126
466.126
-5.39293
-5.39293
-8.60764
-8.60764
-13.9264
-13.9264
-5.99348
-5.99348
-4.26815
-4.26815
-9.29129
-9.29129
-9.73668
-9.73668
-6.99136
-6.99136
-11.4828
-11.4828
-14.7397
-14.7397
839.704
839.704
933.444
-14.3534
-14.3534
-11.3534
-11.3534
-12.4057
-12.4057
-10.8129
-10.8129
14.6615
14.6615
-5.48539
-5.48539
-12.3821
-12.3821
-10.9874
-10.9874
-5.73214
-5.73214
-13.7767
-13.7767
-14.1338
-14.1338
-8.0869
-8.0869
-7.77906
-7.77906
-15.1662
-15.1662
-14.0756
731.213
731.213
-8.94359
-8.94359
-20.5362
-20.5362
-14.7969
-14.7969
-13.9911
-13.9911
-4.26386
-4.26386
-18.3813
-18.3813
-10.1945
-10.1945
-13.9822
-13.9822
-3.47404
-3.47404
-11.0191
-11.0191
-4.78373
-4.78373
-12.9622
-12.9622
-24.2985
-24.2985
-11.1675
-11.1675
-14.4225
-14.4225
-7.49082
-7.49082
-5.0599
-5.0599
-15.6428
-15.6428
-11.9299
-11.9299
-7.66164
-7.66164
-21.4819
-21.4819
-13.5435
-13.5435
-8.65157
-8.65157
-15.4545
-15.4545
-4.84945
-4.84945
-4.22761
-16.6864
-16.6864
-16.7682
-16.7682
-14.0776
-14.0776
816.439
816.439
910.18
-41.6911
-41.6911
-13.0705
-13.0705
-13.0094
-13.0094
-7.94253
-7.94253
-5.55396
-5.55396
-7.61494
-7.61494
-13.0645
-13.0645
-6.55634
-6.55634
-4.19631
-4.19631
-4.65035
-4.65035
-5.40547
-5.40547
735.506
735.506
-15.7381
-15.7381
-9.78832
-9.78832
-5.91195
-5.91195
-25.4129
-25.4129
-14.1086
-14.1086
-12.5792
-12.5792
-12.5849
-12.5849
-16.2802
-16.2802
-13.3041
-13.3041
-14.7228
-14.7228
-18.6128
-18.6128
-4.54188
-4.54188
-11.2556
-11.2556
-2.99788
-2.99788
86.7235
86.7235
-3.9486
-3.9486
-9.49636
-9.49636
4.1284
4.1284
-11.2691
-11.2691
-4.06719
-4.06719
-7.18378
-7.18378
-13.0982
-13.0982
-21.9853
-21.9853
-6.68948
-6.68948
-12.2346
-12.2346
-15.663
-15.663
-11.3817
-11.3817
-12.7697
-12.7697
73.3383
73.3383
833.298
833.298
900.086
-21.0011
-21.0011
-17.1626
-17.1626
110.25
110.25
-4.04213
-4.04213
-7.53768
-7.53768
723.902
723.902
-17.8915
-17.8915
-13.2021
-13.2021
-15.3377
-15.3377
-2.71104
-2.71104
-17.3356
-17.3356
-19.0455
-19.0455
131.19
131.19
-2.3693
-2.3693
-26.1344
-26.1344
-8.02671
-8.02671
-3.64615
-3.64615
-24.5104
-24.5104
787.384
787.384
877.163
-13.4721
-13.4721
-13.2638
-13.2638
-18.0951
-18.0951
-14.0209
-14.0209
-13.5771
-13.5771
65.1472
65.1472
-12.1797
-12.1797
-12.7052
-12.7052
-5.42519
-5.42519
-7.86492
-7.86492
-4.21127
-4.21127
-17.1379
-17.1379
-9.55016
-9.55016
-6.40976
-6.40976
39.0084
39.0084
-14.188
-14.188
-17.4756
-17.4756
-16.3098
-16.3098
-14.4455
-14.4455
-2.84171
-2.84171
-11.2251
-11.2251
-13.5278
-13.5278
-2.93493
-2.93493
-14.1665
-14.1665
-5.48254
-5.48254
-13.4499
-13.4499
-13.1842
-13.1842
-6.93114
-6.93114
-8.21062
-8.21062
-12.7312
-12.7312
-24.8168
-24.8168
-9.14256
-9.14256
-14.334
-14.334
-3.15501
-3.15501
-18.0804
-18.0804
-21.0998
-21.0998
-17.7658
-17.7658
-18.3436
-18.3436
-15.0489
-15.0489
-5.01279
-5.01279
-3.72562
-3.72562
-10.4757
-10.4757
-7.65132
-7.65132
-28.2755
-28.2755
-31.7824
-31.7824
-7.69794
-7.69794
-28.5495
-28.5495
-3.0983
-3.0983
-13.5785
-13.5785
-12.4997
-12.4997
-5.55437
-5.55437
-2.23671
-2.23671
-17.4263
-17.4263
-7.66372
-7.66372
-4.21775
-4.21775
642.1
642.1
-20.4924
-20.4924
-12.0646
-12.0646
173.393
173.393
-19.5333
-19.5333
-26.4441
-26.4441
-15.3858
-15.3858
-22.5703
-22.5703
-11.5938
-11.5938
-15.6667
-15.6667
-9.93979
-9.93979
-10.7417
-10.7417
-18.3027
-18.3027
-18.2329
-18.2329
-11.6056
-11.6056
-14.468
-14.468
-12.5912
-12.5912
-42.9546
-42.9546
-16.9297
-16.9297
30.0118
30.0118
-28.85
-28.85
-29.8329
-29.8329
-10.9315
-10.9315
-30.9079
-30.9079
-33.0455
-33.0455
-3.87362
-3.87362
-13.622
-13.622
-15.0552
-15.0552
-11.9858
-11.9858
-10.3853
-10.3853
-2.93618
-2.93618
-23.5023
-23.5023
-15.087
-15.087
-17.3876
-17.3876
-3.42851
-3.42851
-8.82391
-8.82391
-13.8313
-13.8313
-25.9827
-25.9827
-18.9467
-18.9467
-5.88594
-5.88594
-4.47093
-14.2961
-14.2961
-10.6755
-10.6755
-8.3224
-8.3224
-35.2027
-35.2027
457.42
457.42
-3.31105
-3.31105
-7.4774
-7.4774
-8.63012
-8.63012
938.661
938.661
987.031
-21.0015
-21.0015
-8.20693
-8.20693
-27.8003
-27.8003
-11.9559
-11.9559
-13.1444
-13.1444
-19.7715
-19.7715
-8.29567
-8.29567
-21.4
-21.4
-18.0127
-18.0127
-19.1494
-19.1494
-17.3543
-17.3543
-5.99786
-5.99786
-22.3476
-22.3476
-8.28362
-8.28362
-7.03295
-7.03295
-18.5799
-18.5799
-10.6656
-10.6656
-7.38372
-7.38372
-7.87358
-7.87358
-11.3369
-11.3369
-14.3281
-14.3281
-6.33888
-6.33888
-2.69868
-2.69868
-9.69852
-9.69852
-18.0667
-18.0667
-21.9489
-21.9489
-5.4315
-5.4315
-18.8095
-18.8095
-6.84209
-6.84209
-19.033
-19.033
-17.7395
-17.7395
-12.5065
-12.5065
141.267
141.267
-19.0046
-19.0046
-11.048
-11.048
-12.0106
-12.0106
-15.9044
-15.9044
-15.0254
-15.0254
-1.56501
-1.56501
-32.5036
-32.5036
-0.398305
-0.398305
4.32274
-20.3272
-20.3272
-3.08366
-3.08366
-14.0378
-14.0378
-23.6759
-23.6759
-33.0941
-33.0941
-9.28197
-9.28197
-16.3547
-16.3547
-9.18059
-9.18059
-15.0032
-15.0032
-14.6006
-14.6006
-9.55845
-9.55845
-30.6491
-30.6491
-6.37082
-6.37082
-37.8293
-37.8293
-4.46808
-4.46808
-10.4888
-10.4888
39.869
39.869
-5.83282
-5.83282
-9.00848
-9.00848
-25.0342
-25.0342
-28.7011
-28.7011
-19.4101
-19.4101
-19.0958
-19.0958
-5.30377
-5.30377
-13.2401
-13.2401
-8.12436
-8.12436
-2.70899
-2.70899
-8.48478
-8.48478
-10.1923
-10.1923
-4.09606
-4.09606
-2.58146
-2.58146
-22.3006
-22.3006
-35.6738
-35.6738
-41.1352
-41.1352
-20.9731
-20.9731
-19.66
-19.66
-19.9453
-19.9453
-31.0382
-31.0382
-10.074
-10.074
-12.1451
-12.1451
-17.0547
-17.0547
-50.7675
-50.7675
-18.3047
-18.3047
-6.90398
-6.90398
106.658
106.658
-17.9144
-17.9144
-7.69737
-7.69737
-7.38895
-7.38895
-17.5897
-17.5897
-6.66871
-6.66871
-39.0455
-39.0455
-21.6232
-21.6232
-16.6399
-16.6399
-2.63108
-2.63108
-15.3864
-15.3864
-33.4647
-33.4647
-11.4618
-11.4618
-11.2615
-11.2615
-5.51469
-5.51469
-17.0058
-17.0058
-24.8423
-24.8423
-15.665
-15.665
-9.17341
-9.17341
-11.3769
-11.3769
-3.46505
-3.46505
-5.93974
-5.93974
-22.4773
-22.4773
-16.3944
-16.3944
-24.9703
-24.9703
-26.6279
-26.6279
-10.9513
-10.9513
-14.8413
-14.8413
-20.0574
-20.0574
-43.1233
-43.1233
-6.70562
-6.70562
-28.8663
-28.8663
-4.75656
-4.75656
-9.90766
-9.90766
-17.771
-17.771
-16.8479
-16.8479
-2.78692
-2.78692
0.69092
0.69092
-14.5225
-14.5225
-20.1898
-20.1898
-4.77322
-4.77322
-23.1083
-23.1083
-8.70343
-8.70343
-5.17465
-5.17465
-8.33497
-8.33497
-31.3663
-31.3663
-20.0227
-20.0227
-10.1492
-10.1492
8.83471
8.83471
-13.122
-13.122
-10.161
-10.161
-2.60254
-2.60254
50.2686
50.2686
-3.2186
-3.2186
-7.49496
-7.49496
-17.3405
-17.3405
-2.59748
-2.59748
-2.41925
-2.41925
-37.2033
-37.2033
-9.30573
-9.30573
-16.952
-16.952
-19.6381
-19.6381
-45.2755
-45.2755
-7.92195
-7.92195
-16.4648
-16.4648
-6.65917
-6.65917
1.1464
1.1464
159.99
159.99
-2.29255
-2.29255
-2.56447
-2.56447
-12.2416
-12.2416
-5.6905
-5.6905
-9.09625
-9.09625
-20.2778
-20.2778
-11.3732
-11.3732
-8.5179
-8.5179
-4.31174
-4.31174
-7.38673
-7.38673
-2.68832
-2.68832
-9.54625
-9.54625
-6.6118
-6.6118
-17.8681
-17.8681
-16.1779
-16.1779
-21.8376
-21.8376
-2.84127
-2.84127
-25.9153
-25.9153
-0.817128
-0.817128
-8.64169
-8.64169
-13.853
-13.853
-7.18116
-7.18116
-11.299
-11.299
-45.9201
-45.9201
-21.6726
-21.6726
-22.9165
-22.9165
177.12
177.12
22.9022
22.9022
-19.388
-19.388
-1.84568
-1.84568
-5.11376
-5.11376
-3.37624
-3.37624
-14.98
-14.98
-7.59714
-7.59714
51.3741
51.3741
157.45
157.45
100.081
100.081
-11.8954
-11.8954
-28.0762
-28.0762
-5.6739
-5.6739
-34.5273
-34.5273
-4.32468
-4.32468
174.893
174.893
-22.9201
-22.9201
-20.9393
-20.9393
-2.52438
-2.52438
-8.72506
-8.72506
-24.2266
-24.2266
-18.314
-18.314
-3.5772
-3.5772
-8.96706
-8.96706
-1.00235
-1.00235
-14.1149
-14.1149
-38.1081
-38.1081
-2.09723
-2.09723
-6.83015
-6.83015
-10.4207
-10.4207
-41.9157
-41.9157
-17.9741
-17.9741
-9.44659
-9.44659
173.035
173.035
-1.97326
-1.97326
-8.61741
-8.61741
-4.5625
-4.5625
-7.88762
-7.88762
-12.8847
-12.8847
-21.0463
-21.0463
-2.66861
-2.66861
1.05206
1.05206
-47.1991
-47.1991
-19.8821
-19.8821
-4.59041
-4.59041
-51.4304
-51.4304
-16.529
-16.529
-5.58342
-5.58342
-3.10079
-3.10079
-8.26687
-8.26687
167.927
167.927
-16.1662
-16.1662
-0.0961812
-0.0961812
-17.0192
-17.0192
-7.45658
-7.45658
-18.5809
-18.5809
-19.5235
-19.5235
-9.51999
-9.51999
-15.8703
-15.8703
-16.594
-16.594
-31.5362
-31.5362
-12.1288
-12.1288
-50.7065
-50.7065
-17.3158
-17.3158
-10.9529
-10.9529
-5.64889
-5.64889
-20.1085
-20.1085
-6.33012
-6.33012
-19.0955
-19.0955
1.09416
1.09416
-21.8741
-21.8741
-3.55091
-3.55091
-3.30521
-3.30521
-15.5975
-15.5975
-5.35498
-5.35498
-7.97408
-7.97408
6.96072
6.96072
-2.72512
-2.72512
-5.53912
-5.53912
-23.0079
-23.0079
-2.43532
-2.43532
-14.0961
-14.0961
-54.0768
-54.0768
-7.82534
-7.82534
-8.95897
-8.95897
-10.4899
-10.4899
-3.66564
-3.66564
123.387
123.387
-7.49144
-7.49144
-36.937
-36.937
-4.86935
-4.86935
-21.5298
-21.5298
-53.7341
-53.7341
63.1769
63.1769
-0.547188
-0.547188
-14.5382
-14.5382
-17.3653
-17.3653
-43.6697
-43.6697
-34.3807
-34.3807
-13.9524
-13.9524
-21.8059
-21.8059
-26.891
-26.891
139.898
139.898
-10.1666
-10.1666
4.24937
4.24937
-3.02181
-3.02181
-21.678
-21.678
-7.90657
-7.90657
-15.8132
-15.8132
-3.50367
-3.50367
-24.8764
-24.8764
-1.9082
-1.9082
-2.88447
-2.88447
-9.64658
-9.64658
-12.4621
-12.4621
-3.76545
-3.76545
-2.06516
-2.06516
-16.3778
-16.3778
-7.39728
-7.39728
180.819
180.819
-16.6277
-16.6277
-17.9376
-17.9376
-15.4811
-15.4811
-8.59553
-8.59553
-8.1901
-8.1901
-7.26826
-7.26826
30.7658
30.7658
-18.2588
-18.2588
203.536
203.536
-15.1511
-15.1511
-20.2009
-20.2009
-19.0417
-19.0417
-2.5554
-2.5554
-29.4936
-29.4936
157.653
157.653
-2.74181
-2.74181
-57.4174
-57.4174
-3.34764
-3.34764
2.28269
2.28269
-58.3154
-58.3154
144.687
144.687
-0.587798
-0.587798
-7.56965
237.053
237.053
-9.05545
-9.05545
-6.08879
-6.08879
-19.5805
-19.5805
-3.65738
-3.65738
-1.92145
-1.92145
-11.6448
-11.6448
-38.928
-38.928
-14.6274
-14.6274
-29.4942
-29.4942
-17.1129
-17.1129
-49.7492
-49.7492
-1.89142
-1.89142
124.528
124.528
-21.4013
-21.4013
-3.37703
-3.37703
242.184
242.184
-8.5457
-8.5457
-0.57365
-0.57365
-8.86178
-8.86178
1.27113
1.27113
-7.8132
-7.8132
-5.21468
-5.21468
-13.8289
-13.8289
-16.321
-16.321
-22.4128
-22.4128
-3.12543
-3.12543
-2.64326
-2.64326
-19.4359
-19.4359
-2.42821
-2.42821
242.509
242.509
481.74
481.74
-57.4494
-57.4494
-2.5351
-2.5351
-22.6207
-22.6207
-59.9567
-59.9567
-3.83741
-3.83741
-13.5345
-13.5345
-0.916339
-0.916339
-15.0974
-15.0974
-8.92469
-8.92469
6.78305
6.78305
-16.0759
-16.0759
-67.1879
-67.1879
-15.815
-15.815
-2.36861
-2.36861
-17.338
-17.338
-7.51156
-7.51156
-12.218
-12.218
-8.6991
-8.6991
-14.8527
-14.8527
4.93491
4.93491
-17.1436
-17.1436
-0.960983
-0.960983
-2.85328
-2.85328
-23.2426
-23.2426
-9.15309
-9.15309
-16.5655
-16.5655
-2.56464
-2.56464
-57.8353
-57.8353
-16.543
-16.543
-22.0844
-22.0844
-2.25793
-2.25793
-1.99962
-1.99962
-1.31393
-1.31393
-18.3566
-18.3566
-17.4874
-17.4874
-12.1875
-12.1875
-3.35788
-3.35788
-10.1
-10.1
195.63
195.63
-16.7175
-16.7175
-1.32372
-1.32372
64.8185
64.8185
-9.363
-9.363
-14.2782
-14.2782
-2.22525
-2.22525
-2.76348
-2.76348
-42.5547
-42.5547
-2.16415
-2.16415
-69.3083
-69.3083
-17.9379
-17.9379
-9.25094
-9.25094
-2.50169
-2.50169
-6.81087
-6.81087
-2.88093
-2.88093
205.773
205.773
-5.04792
-5.04792
1.67349
1.67349
-56.7222
-56.7222
37.4118
37.4118
-13.9266
-13.9266
-7.23093
-7.23093
-0.941895
-0.941895
-20.3016
-20.3016
-33.0926
-33.0926
16.0068
16.0068
-27.3316
-27.3316
-5.66577
-5.66577
-10.2847
-10.2847
-38.4238
-38.4238
-18.3364
-18.3364
1.04699
1.04699
-72.509
-72.509
-2.63112
-2.63112
-7.60719
-7.60719
-15.5301
-15.5301
-14.2246
-14.2246
-15.2464
-15.2464
-2.696
-2.696
-53.006
-53.006
-3.90341
-3.90341
581.599
581.599
607.759
-8.79377
-8.79377
218.836
218.836
-16.094
-16.094
-14.58
-14.58
757.303
757.303
-0.725912
-0.725912
-16.2953
-16.2953
-14.0944
-14.0944
-73.6996
-73.6996
-0.228579
-0.228579
-23.2062
-23.2062
-19.9824
-19.9824
5.69772
5.69772
-2.57938
-2.57938
-77.6184
-77.6184
-16.5229
-16.5229
-0.441913
-0.441913
-9.27745
-9.27745
182.811
182.811
-2.47325
-2.47325
-44.8363
-44.8363
-40.1002
-40.1002
-16.4387
-16.4387
-2.50571
-2.50571
-0.373739
-0.373739
-16.1532
-16.1532
87.7751
87.7751
-14.3678
-14.3678
4.03956
4.03956
-0.657487
-0.657487
-3.32527
-3.32527
-1.61728
-1.61728
1.11856
1.11856
-23.2685
-23.2685
-10.869
-10.869
-2.42337
-2.42337
-2.41129
-2.41129
0.495502
0.495502
337.553
337.553
-16.5314
-16.5314
-1.85128
-1.85128
-6.19713
-6.19713
-72.9335
-72.9335
-2.54751
-2.54751
-16.3036
-16.3036
-14.1086
-14.1086
-16.0015
-16.0015
-9.40137
-9.40137
-21.1914
-21.1914
-30.4523
-30.4523
-12.9249
-12.9249
-2.37798
-2.37798
148.954
148.954
-57.2198
-57.2198
-14.9792
-14.9792
-12.13
-12.13
-7.69925
-7.69925
-88.4315
-88.4315
-0.548897
-0.548897
-70.7921
-70.7921
2.39984
2.39984
-2.43172
-2.43172
-9.3781
-9.3781
416.513
416.513
-14.9787
-14.9787
-13.7044
-13.7044
-23.6496
-23.6496
23.4112
23.4112
-15.945
-15.945
-29.136
-29.136
-15.6721
-15.6721
-2.28389
-2.28389
-6.21922
-6.21922
228.297
228.297
228.537
295.522
295.522
-15.893
-15.893
11.8003
11.8003
-14.6912
-14.6912
-10.7185
-10.7185
-2.3061
-2.3061
-2.47065
-2.47065
-79.8182
-79.8182
-13.7553
-13.7553
323.081
323.081
-4.00108
-4.00108
0.834752
0.834752
-2.093
-2.093
-20.8275
-20.8275
-24.5477
-24.5477
-16.2789
-16.2789
-13.3121
-13.3121
-91.3371
-91.3371
-14.3097
-14.3097
0.209591
0.209591
-15.598
-15.598
-7.3152
-7.3152
-64.979
-64.979
1.21374
1.21374
-16.3755
-16.3755
-16.0306
-16.0306
-2.07969
-2.07969
208.505
208.505
-3.24616
-3.24616
191.708
191.708
460.888
460.888
-16.1886
-16.1886
-13.7873
-13.7873
-15.2007
-15.2007
4.43874
4.43874
-96.3715
-96.3715
0.0828952
0.0828952
-13.7727
-13.7727
-1.13802
-1.13802
-1.26115
0.865272
0.865272
-42.2165
-42.2165
113.575
113.575
106.377
0.667139
0.667139
66.7909
66.7909
43.8303
4.45666
4.45666
-89.991
-89.991
5.04266
5.04266
-2.22675
-2.22675
-5.06954
-5.06954
-23.6776
-23.6776
154.583
154.583
-14.139
-14.139
-45.852
-45.852
-13.6475
-13.6475
-15.5312
-15.5312
57.7603
57.7603
-1.78887
-1.78887
-10.4569
-10.4569
-2.28226
-2.28226
-15.1755
-15.1755
-71.6566
-71.6566
-1.94997
-1.94997
-16.3115
-16.3115
-16.0826
-16.0826
-26.6188
-26.6188
-8.80851
-8.80851
-103.237
-103.237
-16.2546
-16.2546
0.687856
0.687856
-14.6494
-14.6494
-14.5046
-14.5046
-17.0722
-17.0722
-13.6893
-13.6893
7.81793
7.81793
-1.36365
-1.36365
1.52128
1.52128
-9.76575
-9.76575
-13.4961
-13.4961
-1.84754
-1.84754
-14.8194
-14.8194
2.34437
2.34437
-2.04197
-2.04197
0.468646
0.468646
-49.5512
-49.5512
-60.0897
-60.0897
2.98758
2.98758
-14.1497
-14.1497
15.2913
15.2913
0.482381
0.482381
-85.5384
-85.5384
-1.23884
-1.23884
-8.02755
-8.02755
-95.7868
-95.7868
-9.94932
-9.94932
-8.76496
-8.76496
37.6344
37.6344
-14.3081
-14.3081
12.1395
12.1395
-110.962
-110.962
-15.8572
-15.8572
-6.82263
-6.82263
-4.01705
-4.01705
-15.4636
-15.4636
-16.3485
-16.3485
-8.3514
-8.3514
-13.7192
-13.7192
-18.6901
-18.6901
-64.6416
-64.6416
-14.7032
-14.7032
415.689
415.689
-1.75133
-1.75133
-1.37285
-1.37285
-14.1968
-14.1968
-13.6235
-13.6235
-12.4966
-12.4966
-4.85877
-4.85877
-2.93175
-2.93175
6.35312
6.35312
0.877468
0.877468
-3.10435
-3.10435
-29.5904
-29.5904
413.459
413.459
292.999
292.999
-15.1268
-15.1268
-10.7163
-10.7163
-1.74379
-1.74379
-13.6211
-13.6211
2.18957
2.18957
-105.871
-105.871
-25.2145
-25.2145
-18.4907
-18.4907
-110.036
-110.036
-15.0772
-15.0772
-1.76335
-1.76335
-16.1153
-16.1153
-15.8339
-15.8339
-13.3145
-13.3145
-14.5971
-14.5971
-31.1445
-31.1445
5.30507
5.30507
-13.7578
-13.7578
-6.05765
-6.05765
-17.9068
-17.9068
-14.6333
-14.6333
-40.0985
-40.0985
-12.1192
-12.1192
2.71238
2.71238
-16.3965
-16.3965
1.95857
1.95857
3.37789
3.37789
-1.40868
-1.40868
5.28806
5.28806
-1.2937
-1.2937
-84.3047
-84.3047
-14.0396
-14.0396
-1.4098
-1.4098
124.014
124.014
-120.005
-120.005
45.629
45.629
-14.0605
-14.0605
-0.759112
-0.759112
-16.4723
-16.4723
-11.1078
-11.1078
590.283
590.283
-101.947
-101.947
-9.75539
-9.75539
-13.705
-13.705
-2.44758
-2.44758
-15.2313
-15.2313
-14.9394
-14.9394
186.958
186.958
11.7406
11.7406
1.19926
1.19926
-1.18995
-1.18995
-16.1361
-16.1361
-124.108
-124.108
-16.6481
-16.6481
-15.6376
-15.6376
-72.1614
-72.1614
-2.46061
-2.46061
-2.36239
-2.36239
-13.5734
-13.5734
-14.5698
-14.5698
-97.6277
-97.6277
-6.1364
-6.1364
-9.71284
-9.71284
16.3826
16.3826
4.4749
4.4749
-14.605
-14.605
1.15028
1.15028
-2.1966
-2.1966
-15.8777
-15.8777
169.427
169.427
2.4116
2.4116
-16.3905
-16.3905
-41.7454
-41.7454
-15.465
-15.465
13.1513
13.1513
-23.4881
-23.4881
232.967
232.967
263.69
265.862
265.862
296.61
-21.644
-21.644
3.99193
3.99193
-13.7028
-13.7028
-9.88583
-9.88583
2.23502
2.23502
-14.5408
-14.5408
-16.5446
-16.5446
6.60284
6.60284
-124.901
-124.901
-7.34804
-7.34804
-3.8536
-3.8536
-8.71949
-8.71949
-12.2856
-12.2856
-5.82259
-5.82259
-2.46643
-2.46643
-1.26174
-1.26174
-92.9555
-92.9555
-12.635
-12.635
-118.177
-118.177
-11.7782
-11.7782
2.81967
2.81967
-13.9863
-13.9863
-2.72838
-2.72838
-1.27759
-1.27759
242.645
242.645
-15.8966
-15.8966
-120.405
-120.405
339.195
339.195
376.595
359.452
359.452
7.43812
7.43812
-13.6381
-13.6381
-2.0691
-2.0691
-13.4786
-13.4786
-15.1125
-15.1125
-2.2094
-2.2094
370.165
370.165
-10.6484
-10.6484
-0.811777
-0.811777
-125.426
-125.426
-62.1675
-62.1675
-79.2157
-79.2157
-17.9127
-17.9127
10.2608
10.2608
-7.41804
-7.41804
7.20093
7.20093
-16.3335
-16.3335
-16.6362
-16.6362
432.532
432.532
482.958
-1.77475
-1.77475
-13.6005
-13.6005
146.07
146.07
70.7652
70.7652
-16.0753
-16.0753
0.00703605
0.00703605
-13.9751
-13.9751
-23.9757
-23.9757
1.22359
1.22359
1.68146
1.68146
33.2723
33.2723
-24.0753
-24.0753
-49.5351
-49.5351
-14.7184
-14.7184
19.3199
19.3199
-4.7219
-4.7219
-27.645
-27.645
-14.6484
-14.6484
2.9471
2.9471
-133.112
-133.112
1.23438
1.23438
-16.9287
-16.9287
4.59275
4.59275
565.62
565.62
-13.2731
-13.2731
-16.5084
-16.5084
-15.6142
-15.6142
-1.39799
-1.39799
0.124774
0.124774
-16.3244
-16.3244
7.04108
7.04108
-1.85271
-1.85271
-104.939
-104.939
574.51
574.51
-15.0581
-15.0581
-6.70742
-6.70742
12.3092
12.3092
-6.44301
-6.44301
-105.678
-105.678
-13.6664
-13.6664
3.75402
3.75402
-6.76262
-6.76262
-11.177
-11.177
-13.6423
-13.6423
406.858
406.858
0.373975
0.373975
-72.2104
-72.2104
-13.5453
-13.5453
-53.4687
-53.4687
21.4745
21.4745
-133.292
-133.292
-8.32999
-8.32999
11.6834
11.6834
-125.926
-125.926
-13.3078
-13.3078
-3.26985
-3.26985
288.765
288.765
321.483
198.739
198.739
174.943
-16.7259
-16.7259
-13.0612
-13.0612
-13.4055
-13.4055
16.1553
16.1553
-115.527
-115.527
20.5003
20.5003
12.2958
12.2958
173
173
-0.866546
-0.866546
-1.91099
-1.91099
-12.6975
-12.6975
-16.8406
-16.8406
-7.51071
-7.51071
-95.2271
-95.2271
-57.5247
-57.5247
-117.843
-117.843
1.50395
1.50395
-4.31312
-4.31312
6.19744
6.19744
-41.1011
-41.1011
-41.4503
-41.4503
-9.83807
-9.83807
177.345
177.345
288.009
288.009
-129.771
-129.771
-12.7781
-12.7781
-16.7965
-16.7965
1.68074
1.68074
-0.410895
-0.410895
-0.67107
-17.0376
-17.0376
-3.67404
-3.67404
-50.7935
-50.7935
-9.2036
-9.2036
-7.57379
-7.57379
-1.66888
-1.66888
-0.332092
-0.332092
125.451
125.451
707.674
707.674
-16.5838
-16.5838
-19.7656
-19.7656
-12.703
-12.703
656.332
656.332
718.679
193.674
193.674
-13.7282
-13.7282
25.7336
25.7336
0.485395
0.485395
-13.2409
-13.2409
5.35812
5.35812
-10.9753
-10.9753
-16.6095
-16.6095
0.154203
0.154203
41.0699
41.0699
-1.1943
-1.1943
0.396454
0.396454
-15.2069
-15.2069
-133.153
-133.153
-16.5111
-16.5111
1.36384
1.36384
32.2053
32.2053
176.428
176.428
-2.06879
-2.06879
-60.5435
-60.5435
499.834
499.834
-24.6457
-24.6457
-0.512781
-0.512781
-16.6959
-16.6959
-133.75
-133.75
-14.8338
-14.8338
-14.3033
-14.3033
-37.4137
-37.4137
-12.7115
-12.7115
-8.65631
-8.65631
528.249
528.249
-6.94395
-6.94395
17.2787
17.2787
-97.4397
-97.4397
-130.992
-130.992
-17.1812
-17.1812
-12.8616
-12.8616
-2.41676
-2.41676
-2.44859
-16.7194
-16.7194
-11.446
-11.446
591.581
591.581
-83.8875
-83.8875
-16.7827
-16.7827
0.302467
0.302467
-0.826343
-0.826343
-2.45408
-2.45408
-2.4859
2.42279
2.42279
-114.247
-114.247
-5.23586
-5.23586
-2.29395
-2.29395
-2.32578
186.339
186.339
-10.3175
-10.3175
-0.289689
-0.289689
-4.94898
-4.94898
11.8736
11.8736
-45.411
-45.411
-13.3024
-13.3024
167.684
167.684
-83.3659
-83.3659
-4.95765
-4.95765
-20.182
-20.182
-12.078
-12.078
-17.6673
-17.6673
-2.30241
-2.30241
-2.33424
-47.9991
-47.9991
-1.90227
-1.90227
-3.72805
-3.72805
-1.67307
-1.67307
-96.1832
-96.1832
-2.28508
-2.28508
-18.0681
-18.0681
-16.9154
-16.9154
24.2057
24.2057
1.28449
1.28449
29.5311
29.5311
-115.321
-115.321
-2.49286
-2.49286
-2.46104
-2.10275
-2.10275
-2.13458
353.243
353.243
-0.712302
-0.712302
-24.1362
-24.1362
686.753
686.753
744.028
-18.4597
-18.4597
-7.31704
-7.31704
8.99321
8.99321
1.1014
1.1014
-13.6816
-13.6816
-104.026
-104.026
-21.1487
-21.1487
207.614
207.614
-1.83629
-1.83629
-1.86812
-19.2424
-19.2424
-124.107
-124.107
2.25635
2.25635
299.03
299.03
327.439
192.371
192.371
168.998
128.337
128.337
409.093
409.093
-26.8676
-26.8676
224.077
224.077
-17.2689
-17.2689
-128.903
-128.903
-17.1093
-17.1093
1.93244
1.93244
-129.496
-129.496
-18.596
-18.596
75.5723
75.5723
62.5772
-17.3524
-17.3524
-1.99686
-1.99686
-1.96503
-2.11846
-2.11846
-2.15029
-122.075
-122.075
-117.454
-117.454
525.146
525.146
-1.49613
-1.49613
-1.52796
-16.6755
-16.6755
3.23028
3.23028
-17.2583
-17.2583
10.7358
10.7358
32.2169
32.2169
-0.467496
-0.467496
-6.95187
-6.95187
444.002
444.002
338.334
338.334
187.06
187.06
-16.7784
-16.7784
-54.9214
-54.9214
721.196
721.196
0.441648
0.441648
-14.1313
-14.1313
9.93593
9.93593
0.124248
0.124248
-3.76687
-3.76687
-8.48728
-8.48728
1.76113
1.76113
354.632
354.632
-14.5878
-14.5878
-14.568
-14.568
170.044
170.044
-10.0814
-10.0814
-24.101
-24.101
779.457
779.457
862.914
-0.953556
-0.953556
-0.985383
-16.0271
-16.0271
-16.6227
-16.6227
42.6285
42.6285
-2.57883
-2.57883
-16.4187
-16.4187
-55.4864
-55.4864
-11.5141
-11.5141
-98.0236
-98.0236
-16.9951
-16.9951
-9.25338
-9.25338
-19.451
-19.451
1.186
1.186
-83.1747
-83.1747
115.767
115.767
4.27445
4.27445
3.91507
3.91507
-17.9777
-17.9777
42.919
42.919
-8.79962
-8.79962
571.037
571.037
616.276
590.998
590.998
-12.9313
-12.9313
-29.6421
-29.6421
-6.75141
-6.75141
-20.5774
-20.5774
-9.24018
-9.24018
4.26307
4.26307
56.289
56.289
5.39954
5.39954
-15.2999
-15.2999
-0.657199
-0.657199
-0.689027
4.30784
4.30784
-116.624
-116.624
181.873
181.873
-57.5653
-57.5653
1.86672
1.86672
1.65949
1.65949
-104.43
-104.43
-114.687
-114.687
-23.1521
-23.1521
-13.2903
-13.2903
-16.7292
-16.7292
-17.6024
-17.6024
-16.9214
-16.9214
-1.7069
-1.7069
-68.8928
-68.8928
-0.370639
-0.370639
-53.3257
-53.3257
2.75648
2.75648
-116.776
-116.776
-13.6991
-13.6991
-91.2688
-91.2688
-15.6438
-15.6438
-18.9887
-18.9887
-19.546
-19.546
-18.4272
-18.4272
-9.30098
-9.30098
-72.5792
-72.5792
-24.3221
-24.3221
-1.56888
-1.56888
-1.60074
-16.1523
-16.1523
1.74536
1.74536
-15.8712
-15.8712
-91.5143
-91.5143
-19.6994
-19.6994
-101.225
-101.225
385.772
385.772
-113.057
-113.057
515.162
515.162
-100.957
-100.957
167.029
167.029
1.83828
1.83828
790.237
790.237
853.893
22.5338
22.5338
-0.768894
-0.768894
1.69928
1.69928
1.66745
-19.5191
-19.5191
716.712
716.712
-16.2918
-16.2918
10.0967
10.0967
581.741
581.741
407.341
407.341
509.035
509.035
554.267
193.324
193.324
-23.2432
-23.2432
0.940474
0.940474
-11.172
-11.172
320.509
320.509
8.29179
8.29179
8.10998
8.10998
-12.5425
-12.5425
-23.6227
-23.6227
243.615
243.615
-20.468
-20.468
-14.7236
-14.7236
7.19165
7.19165
-17.3324
-17.3324
-18.4585
-18.4585
167.319
167.319
4.02892
4.02892
-22.6124
-22.6124
-26.1091
-26.1091
-14.3134
-14.3134
7.22879
7.22879
-14.671
-14.671
386.451
386.451
5.31233
5.31233
-6.09267
-95.4509
-95.4509
128.144
128.144
27.175
27.175
16.839
-30.9509
-30.9509
5.87354
5.87354
-4.34823
-22.9393
-22.9393
-99.5012
-99.5012
-38.9958
-38.9958
-47.1549
-18.0882
-18.0882
3.91488
3.91488
1.20007
1.20007
-2.8304
-16.705
-16.705
11.9228
11.9228
112.234
112.234
6.62247
6.62247
4.51023
1.34575
1.34575
0.0977986
-15.2103
-15.2103
-8.668
-8.668
-18.4103
-18.4103
-100.511
-100.511
-11.2393
-11.2393
-14.3221
-14.3221
-97.3818
-97.3818
21.8126
21.8126
306.262
306.262
330.736
198.266
198.266
178.764
-4.19719
-4.19719
-5.02986
-20.6805
-20.6805
2.88753
2.88753
-30.1648
-30.1648
-82.9882
-82.9882
-13.5457
-13.5457
711.505
711.505
-60.7613
-60.7613
-12.5709
-12.5709
-23.9993
-23.9993
-63.2377
-63.2377
300.407
300.407
83.0674
83.0674
318.951
318.951
-0.163999
-0.163999
-0.746281
-90.4461
-90.4461
-33.5357
-33.5357
479.932
479.932
538.79
11.164
11.164
-12.8828
-12.8828
-17.2352
-17.2352
14.1687
14.1687
-11.7027
-11.7027
7.60921
7.60921
-5.6455
9.55736
9.55736
-6.33198
9.36422
9.36422
-32.8198
-32.8198
25.2491
25.2491
5.27497
-93.8598
-93.8598
4.5905
4.5905
-13.8358
-13.8358
-8.15855
-8.15855
784.197
784.197
847.591
-84.0777
-84.0777
-84.3858
2.52413
2.52413
2.21237
2.05501
2.05501
90.508
90.508
6.83551
6.83551
-88.7623
-88.7623
-19.2475
-19.2475
-26.7346
-26.7346
-35.6917
-35.6917
17.1176
17.1176
-11.4701
-11.4701
-61.0554
-61.0554
-11.5085
-11.5085
-16.2994
-16.2994
-41.5804
-26.5752
-26.5752
18.3862
18.3862
-24.2807
-24.2807
655.611
655.611
7.94734
7.94734
-16.3937
-16.3937
-16.8823
-72.6013
-72.6013
81.8158
81.8158
33.6486
33.6486
9.26186
320.261
320.261
14.3809
14.3809
-11.0525
-11.0525
-11.2167
-11.2167
-26.7969
-26.7969
5.67721
5.67721
5.30433
-35.3882
-35.3882
779.277
779.277
842.933
455.614
455.614
3.00047
3.00047
-12.2648
-12.2648
-56.6873
-56.6873
-73.1551
-73.1551
-6.2659
-6.2659
6.14315
6.14315
-18.2567
-18.2567
-84.1572
-84.1572
-13.6527
-13.6527
-0.799911
-0.799911
-0.768084
2.69213
2.69213
2.6603
3.85338
3.85338
48.6592
48.6592
20.5456
-32.2935
-32.2935
13.6277
13.6277
-9.9839
-9.9839
-3.50775
-3.50775
-21.6479
-21.6479
-77.0697
-77.0697
-40.8177
-40.8177
-73.8876
-73.8876
578.37
578.37
-38.4521
-38.4521
-13.7185
-13.7185
-14.1432
238.059
238.059
209.926
-9.90714
-9.90714
-84.4839
-84.4839
-84.6455
500.547
500.547
559.202
-19.5985
-19.5985
-21.8981
-21.8981
-30.4267
-30.4267
-0.274293
-0.274293
-0.47968
-8.11331
-8.11331
1.13317
1.13317
0.702334
-6.0186
-6.0186
-64.965
-64.965
-8.9641
-8.9641
-69.0458
-69.0458
-69.229
20.0418
20.0418
-2.89125
-2.89125
-65.8753
-65.8753
-66.0442
-24.4886
-24.4886
-9.12992
-9.12992
191.614
191.614
159.786
-5.99025
-5.99025
-78.7614
-78.7614
-6.30017
-6.30017
8.87891
8.87891
-29.5509
-29.5509
-5.32285
-5.32285
638.223
638.223
664.019
365.1
365.1
336.988
-29.3372
-29.3372
513.984
513.984
-20.12
-20.12
11.4125
11.4125
22.1857
22.1857
15.7243
15.7243
-13.9014
-13.9014
-35.2391
-35.2391
-84.3324
-84.3324
-84.4916
23.0199
23.0199
-41.222
-41.222
-4.85748
-4.85748
14.6725
14.6725
-6.39943
-6.39943
24.7961
24.7961
707.957
707.957
775.316
775.316
838.972
3.40451
3.40451
2.11834
2.11834
26.6277
26.6277
360.17
360.17
-8.96742
-8.96742
-23.278
-23.278
-4.57064
-4.57064
-5.04417
-5.98244
-5.98244
-41.6591
-41.6591
-16.822
-16.822
4.31988
4.31988
-5.40949
-5.40949
20.7008
20.7008
20.4712
7.09975
7.09975
3.41279
3.41279
-6.88379
-6.88379
-10.036
-10.036
12.1774
12.1774
12.1456
17.9782
17.9782
17.9464
-16.9294
-16.9294
27.982
27.982
-31.6715
-31.6715
-4.5225
-4.5225
21.0184
21.0184
321.827
321.827
2.21197
2.21197
21.7056
21.7056
2.20799
2.20799
513.13
513.13
383.941
383.941
352.113
-47.1081
-47.1081
15.6902
15.6902
31.6656
31.6656
-61.3247
-61.3247
-70.8573
-70.8573
-71.0156
-13.3387
-13.3387
25.849
25.849
-51.2577
-51.2577
32.8681
32.8681
-21.3015
-21.3015
35.5451
35.5451
23.3786
23.3786
35.8865
35.8865
25.38
25.38
25.3481
-3.16077
-3.16077
5.48694
5.48694
-33.3102
-33.3102
-15.671
-15.671
-16.153
33.4442
33.4442
-24.8638
-24.8638
-25.3508
-23.3929
-23.3929
-18.7823
-18.7823
-19.2691
34.0407
34.0407
7.89472
7.89472
7.8629
15.7703
15.7703
36.33
36.33
-5.85442
-5.85442
-48.463
-48.463
-6.09817
-6.09817
-6.54638
40.3635
40.3635
15.5187
15.5187
-60.6408
-60.6408
-2.67382
-2.67382
-60.9721
-60.9721
-61.2589
-9.532
-9.532
588.423
588.423
643.743
12.326
12.326
42.0638
42.0638
41.6669
73.8986
73.8986
30.9713
30.9713
40.4953
40.4953
33.6651
33.6651
33.6332
-7.97102
-7.97102
-8.12747
-27.5761
-27.5761
6.94521
6.94521
-40.4644
-40.4644
42.3651
42.3651
-29.8734
-29.8734
-30.3605
42.3703
42.3703
41.9866
41.7419
41.7419
22.4142
22.4142
39.4401
39.4401
3.4892
3.4892
40.6245
40.6245
40.5926
146.459
146.459
146.002
168.772
168.772
58.2498
58.2498
33.9401
33.9401
40.2827
40.2827
0.975771
0.975771
-11.7526
-11.7526
38.6313
38.6313
-5.11334
-5.11334
43.6114
43.6114
43.5796
43.6569
43.6569
6.42132
6.42132
4.87757
4.87757
4.84574
32.5518
32.5518
37.5192
37.5192
37.4555
38.7497
38.7497
42.4754
42.4754
38.0575
38.0575
577.222
577.222
545.394
705.598
705.598
41.2944
41.2944
41.2307
41.3262
769.543
769.543
833.199
737.715
41.2082
41.2082
770.878
770.878
834.534
7.32195
7.32195
7.14348
2.67496
2.67496
-34.5414
-34.5414
-35.0284
21.6184
21.6184
55.6206
55.6206
55.4828
-43.831
-43.831
-44.1179
4.26056
4.26056
2.84016
2.84016
2.63414
-16.3496
-16.3496
-16.6221
-23.8236
-23.8236
27.4556
27.4556
27.9385
27.9385
27.8748
-42.8584
-42.8584
-43.0159
27.61
27.61
27.5464
24.9509
24.9509
32.801
32.801
32.737
28.9955
28.9955
40.0112
40.0112
39.9475
354.198
354.198
353.73
345.359
345.359
345.126
178.968
178.968
152.965
152.965
152.789
40.0373
40.0373
39.8309
51.7754
51.7754
21.1035
21.1035
20.9482
42.2335
42.2335
-4.84049
-4.84049
26.8464
26.8464
13.7767
13.7767
19.8579
19.8579
570.525
570.525
696.305
696.305
741.759
178.392
178.392
78.1822
78.1822
96.2443
96.2443
757.016
757.016
800.609
523.631
523.631
-8.03643
-8.03643
172.879
172.879
473.932
473.932
698.367
698.367
648.97
648.97
-5.13214
-5.13214
153.027
153.027
28.0535
28.0535
10.8747
729.16
729.16
750.783
171.257
171.257
142.918
-7.7932
-7.7932
596.6
596.6
88.5515
88.5515
-9.44203
-9.44203
353.242
353.242
324.902
163.987
163.987
-9.0654
-9.0654
145.635
145.635
472.916
472.916
488.472
307.793
307.793
296.251
511.276
511.276
454.596
558.702
558.702
502.022
469.807
469.807
409.167
577.753
577.753
521.073
519.127
519.127
462.447
542.646
542.646
485.966
9.22138
9.22138
108.998
108.998
281.88
281.88
538.86
538.86
589.383
551.509
551.509
602.474
546.506
546.506
597.47
287.586
287.586
-9.558
-9.558
-7.21178
-7.21178
517.616
517.616
562.468
268.567
268.567
307.807
291.308
291.308
330.548
332.531
332.531
267.456
267.456
470.476
470.476
67.8293
67.8293
-5.02945
-5.02945
235.75
235.75
810.46
810.46
762.71
762.71
511.047
511.047
561.735
590.148
590.148
621.996
621.996
577.876
577.876
586.157
586.157
639.39
639.39
603.795
603.795
917.972
917.972
944.132
816.51
816.51
790.35
45.6528
45.6528
-9.66141
-9.66141
326.825
326.825
-5.35892
-5.35892
598.583
598.583
496.863
496.863
235.726
235.726
398.046
398.046
175.667
175.667
484.289
484.289
-9.44739
-9.44739
393.401
393.401
150.497
150.497
183.839
183.839
492.401
492.401
513.537
220.701
220.701
344.624
344.624
265.999
265.999
468.731
468.731
-8.83637
-8.83637
209.444
209.444
-9.44456
-9.44456
516.828
516.828
546.06
298.558
298.558
-11.0755
-11.0755
371.061
371.061
301.641
301.641
448.28
448.28
471.455
160.238
160.238
-9.24151
-9.24151
-12.3502
-12.3502
480.54
480.54
321.52
321.52
967.712
967.712
1020.03
-9.42163
-9.42163
-8.58702
-8.58702
286.946
286.946
-9.8109
-9.8109
-9.01818
-9.01818
453.026
453.026
-8.88434
-8.88434
-10.1763
-10.1763
106.804
106.804
-7.86792
-7.86792
112.286
112.286
153.411
153.411
223.293
223.293
488.301
488.301
462.545
-8.0486
-8.0486
911.836
911.836
951.042
951.042
999.412
-11.1977
-11.1977
)
;
    }
}


// ************************************************************************* //
