/*--------------------------------*- C++ -*----------------------------------*\
  =========                 |
  \\      /  F ield         | OpenFOAM: The Open Source CFD Toolbox
   \\    /   O peration     | Website:  https://openfoam.org
    \\  /    A nd           | Version:  8
     \\/     M anipulation  |
\*---------------------------------------------------------------------------*/
FoamFile
{
    version     2.0;
    format      ascii;
    class       volScalarField;
    location    "0.7";
    object      p_rgh;
}
// * * * * * * * * * * * * * * * * * * * * * * * * * * * * * * * * * * * * * //

dimensions      [1 -1 -2 0 0 0 0];

internalField   nonuniform List<scalar> 
1924
(
106.07
-4.23647
3.45689
-3.05131
-4.46069
-4.5326
-5.20122
-1.75502
-4.99381
-2.18737
-5.7165
-5.84169
223.558
-6.40986
-24.522
-25.6443
102.287
-4.02958
705.596
-1.91545
1069.58
-9.01897
69.172
-7.64314
-8.72824
-7.78803
3.72048
-4.03151
-4.87095
-0.811907
9.56286
-9.1651
142.702
34.565
-4.25217
15.7341
-10.0922
-4.72033
-1.33548
36.1928
-10.5589
1003.18
-10.4052
67.8129
-4.16744
-5.70458
17.1105
-4.06574
1000.37
1034.4
172.468
239.809
-8.54195
175.688
-5.98648
-4.13524
427.46
-4.02294
-3.97169
-16.5169
85.2964
-23.298
814.584
-1.27638
172.198
-4.11852
-20.796
16.0655
-5.37689
301.909
17.5203
-24.3061
-1.20706
-0.977942
-1.41366
-7.75928
-4.12215
-1.72154
-3.6143
835.607
-4.09673
7.23376
-1.55892
945.19
465.759
13.345
-4.10862
-22.2235
1016.99
94.6466
-18.5946
7.57057
-6.24279
-5.86249
17.3099
172.713
-4.3451
-4.93
-15.5223
-7.08339
-2.12013
79.337
-10.2823
0.181414
-2.53176
-2.38126
-4.54476
-4.47823
-15.8531
-4.34837
-4.50883
-5.47474
-4.39598
-0.303725
-3.52533
957.384
3.6417
-29.4076
-4.46156
-3.71682
770.497
957.511
1031.49
373.026
-23.1874
2.68101
-7.23047
-1.63917
-1.62749
865.524
-4.37686
1.51785
46.8442
-0.653328
75.5206
3.82524
-5.00938
-5.43279
0.742123
-4.24618
-4.17837
-22.2926
17.3906
201.315
3.71112
860.57
-0.425296
20.4027
-14.5593
-4.18516
-2.07885
952.851
-6.76045
4.83115
1.76159
1.45883
976.251
-4.9444
-4.73989
16.5403
0.021433
-7.78591
2.92085
940.51
2.45254
2.96356
-5.9806
988.45
-3.56762
-0.98974
-4.78108
-6.89701
-2.14639
-15.6364
-4.31766
-4.64743
-1.55315
13.2515
9.91356
-7.81849
-10.2926
-31.8941
-2.48211
-9.48693
1031.88
-3.89369
-6.87134
-11.6082
-3.86858
-1.57812
-3.2717
-2.7909
-4.66563
-8.27988
-12.365
933.444
-11.8686
-1.68627
0.395241
-6.62815
537.461
-3.9431
1.43414
1.25367
-4.16978
-11.5131
-10.7798
-6.45396
22.895
39.2817
918.694
-5.27284
-3.05405
-12.2849
-11.6365
-2.1952
-13.7572
1.20636
-2.87992
-1.41798
1.85833
-2.79907
-9.07451
-14.5388
2.20316
-11.8982
-5.07573
-2.63623
-13.1589
-6.42728
2.6998
-17.6668
-0.44877
-0.537125
-12.7611
26.1952
1.1885
-2.03779
-11.3562
910.18
-37.7808
-10.9419
-7.16342
-6.25487
15.9825
17.8032
1.69503
-4.58963
-2.28177
-2.29373
-3.84783
896.034
-13.1964
4.00385
-3.72757
-21.1986
-7.79499
-10.4492
0.640684
-1.2128
-3.72269
-12.3307
-15.3757
-2.52719
-8.82999
-1.14687
1014.73
-1.71299
-7.55509
480.352
-9.24455
-1.31314
-5.62589
-10.7988
-18.5494
-3.88633
-3.70389
-12.9656
2.7184
-1.72076
729.184
900.086
-17.5724
-14.5081
770.647
-2.20307
-5.04527
880.47
-2.20252
-11.0171
-12.8552
-1.05652
-14.5278
-7.0761
1045.46
-0.200219
-22.5492
-4.04285
-1.47048
-14.4628
877.163
-3.39963
-10.0808
-14.1538
1.5865
-11.1062
1001.7
-9.04706
-10.5193
-3.35413
-6.34385
9.69926
-14.3891
-7.50756
-4.11555
877.104
-7.91797
-1.46954
-13.7913
-12.0604
-1.06084
-9.35464
-7.39626
-1.55568
-10.4573
-2.8651
-11.1536
-10.8279
-4.90943
-5.56795
-8.20554
-21.0694
-6.93839
1.62384
-1.1066
-15.2136
-16.7701
-15.1472
-15.5047
-11.1707
-2.46316
-0.719949
-8.24049
-6.05225
-24.6068
-28.0543
-6.13048
-24.8079
-1.53499
-11.0401
-4.51365
-4.03932
13.1798
-14.0523
26.3424
-1.79882
991.668
-7.85492
-9.92746
173.718
-16.5522
-18.2527
-12.0755
-19.0163
-8.60062
-12.2668
-7.77345
-8.93627
-15.4205
-15.5469
-8.40027
-12.0219
-10.2833
-38.9695
7.40588
686.972
-24.8725
-26.1253
-8.50728
-27.1102
-29.2483
-1.51835
-11.2675
-12.5648
-9.98309
-7.24308
-0.955133
-19.8859
8.55128
-13.1473
26.2806
-6.63212
-11.3647
-22.2101
-16.1345
52.1246
-8.10986
-8.31487
-5.56339
-31.3569
844.851
-1.07938
2.00189
-6.6241
987.031
-16.3156
-5.21697
-24.0034
-9.75511
2.39132
-16.3305
-6.2409
-18.363
-5.49965
-15.5056
-13.5845
-3.19285
-16.49
-4.01394
-4.92342
-14.9132
-8.80517
-4.45741
45.1477
-3.29017
-10.9543
-3.9805
-1.1067
-7.47048
-14.8671
-18.0216
-2.69015
-15.4879
-4.98854
-16.1254
-13.6053
-9.19356
873.911
-13.308
-8.49799
-9.99093
-3.61654
-12.4337
6.33637
-28.5849
192.445
-14.5856
-0.915636
-11.5118
-19.935
-29.271
-7.11368
-13.6378
-6.32385
-8.08953
-11.9618
-6.36923
-26.8965
-4.57883
-33.9114
-1.85818
-8.06975
988.682
-3.99887
0.743378
-21.2125
-24.7824
-16.3772
-5.35451
-1.60075
8.0802
-6.0769
-0.862314
-5.36563
-8.37771
-1.54982
-1.18252
-19.149
-31.6947
-37.2176
-16.3801
-16.6391
-15.1811
-27.0585
-7.7186
8.69487
-13.8701
-46.6676
-14.9244
-4.43677
936.972
-14.5992
-5.71418
-5.21925
-14.025
-3.67687
-35.0665
-17.6986
-13.517
-1.26003
-11.8853
-29.6417
-9.49288
-8.65065
55.5688
-13.1022
-21.1203
4.31925
-6.94046
-8.00252
-1.04612
-3.01157
-18.6829
-13.6149
-21.0491
-22.6494
-8.40498
-8.8236
-11.999
-39.1447
-3.92532
-25.063
-1.95569
-6.59484
-14.9577
-5.62742
-0.749926
9.68954
7.67748
-15.5456
-3.03921
-19.8914
-6.52477
11.9582
-2.38413
-27.265
-14.4663
-8.2699
339.374
8.20134
-7.74193
-1.18409
789.162
-0.863327
-4.31216
-13.9652
-0.942423
-1.16354
-33.1018
-6.45346
-13.6403
-15.2926
-41.2972
-5.87484
-13.2741
17.0689
10.7275
253.944
4.22277
-1.10024
2.03966
-2.60832
-6.49936
-16.4776
-9.34192
-6.06368
-1.57454
-5.12868
-0.905734
-7.18965
-3.49266
-14.0495
-13.0509
-17.9216
-0.613313
-21.8145
15.474
12.2837
-10.2882
2.51254
-8.68888
-41.8188
-8.42159
-18.9387
205.507
435.073
-15.6959
12.3091
-2.12193
-1.95836
7.79726
-5.54317
573.706
323.768
677.798
-8.39428
-23.9138
-3.35136
-30.3645
-2.69472
175.218
-19.1355
-17.5713
-1.31665
-6.48525
-20.8074
5.09344
-0.96731
-7.39414
0.790482
8.18009
-34.0654
19.9303
-4.30257
-7.87431
-37.7527
-15.1138
-7.74376
173.472
-0.784492
-5.24364
-1.63432
-5.559
-8.76887
-15.1391
-0.695276
10.1708
-43.0362
4.00725
22.6484
-47.3278
-13.1536
-3.17869
-1.55272
-6.09186
168.268
-12.8546
16.848
-13.512
-4.14646
-14.456
-15.6088
-7.09868
-12.6792
-12.6283
-27.4924
-9.39122
-46.55
-13.7202
-8.96336
1.90947
-16.1321
-4.51291
-16.1233
10.8181
-17.7736
-1.86898
-0.758972
-7.2572
23.3619
-6.27705
64.5942
-0.560818
-2.35632
-18.8457
-1.164
-6.67655
-49.9142
-5.77841
-6.60135
-7.87928
-0.864777
940.807
-4.85716
-32.8263
-1.7502
-18.3882
-49.6327
670.624
11.8873
-10.8461
-13.602
-39.3837
-30.0884
-10.9393
-15.7399
-22.6056
838.907
-6.60185
12.3142
-1.54655
-18.3134
-5.4189
-12.2265
0.324478
-20.9486
22.9462
-0.465544
-7.09969
-9.65643
-0.773617
-0.296568
-12.8751
-4.78415
602.285
-13.0544
-14.0075
-12.0922
-5.09445
-5.95128
-0.678405
357.067
-14.2838
831.828
-0.621937
4.18842
-14.9429
-0.950327
-25.4116
488.48
-0.386536
-53.1315
-0.610433
11.54
-54.1461
1058.28
292.101
377.682
-7.53375
-2.71502
-15.4195
24.032
-0.914199
-8.90688
-34.578
-2.39177
-25.1295
-13.4036
-45.4015
-0.349777
614.692
-17.116
-0.448851
298.909
-5.99175
4.09544
-6.15138
11.1204
-5.63833
-1.90457
-10.8042
-12.2279
-19.2158
-2.11228
-1.57093
-16.4019
-0.83681
551.869
843.676
-53.1017
-0.689073
-18.2739
-55.6657
-0.654603
-10.4907
22.9629
-11.6435
-5.17848
14.3544
-12.5095
-62.9021
-12.1128
21.0355
-13.2404
-4.78884
-8.46232
-6.33234
-9.40193
13.0882
-13.1696
0.695696
-0.243388
-19.9263
-4.7633
0.279376
-0.527648
-53.667
-12.827
-18.1186
-0.329777
23.2081
0.353006
-14.4534
-13.3277
1.75004
-0.23873
-6.40793
200.034
-12.9361
3.30991
953.125
-7.78494
-9.97473
-0.824818
0.0373781
-38.469
-1.08235
-64.96
-13.6534
-5.96284
-0.27373
-3.24614
0.25726
270.633
8.91778
11.4041
-52.2507
117.855
-10.7764
-5.49352
0.481449
-17.1552
-29.0122
86.2851
-22.7135
-2.16469
7.59368
-33.9501
-13.9897
11.2131
-68.1905
0.360711
-1.67879
-11.3686
-11.2093
-11.1665
-0.149758
-48.4703
-0.529635
1000.16
-6.1361
296.084
-12.4002
-10.7495
1002.24
0.868867
-12.5224
-5.18749
-67.8868
1.57066
-19.8914
-15.4811
20.2699
0.157823
-73.15
-12.4268
1.02691
-5.61654
614.384
-0.0543223
-40.3003
-35.9537
-12.2803
-0.723338
1.20174
-11.8702
422.379
-10.8433
20.0416
23.4141
-0.01515
11.6093
2.774
-19.8777
6.63877
-0.768314
0.516891
15.0494
1019.87
-12.6209
-0.642099
8.93696
-68.3276
-0.574174
-12.1565
-10.9005
-11.6562
-6.64618
-16.6263
-25.8559
5.36927
0.804823
480.8
-52.8166
-11.0319
-8.24702
-3.94354
-83.4565
2.00295
-66.1623
11.9746
-0.267422
3.76909
665.134
-10.966
-10.5613
-19.555
72.1624
-12.049
-24.992
-11.3558
-0.819797
-2.52717
232.148
605.7
-11.4231
65.3687
-10.8441
6.63873
0.303794
-0.115372
-74.7823
-3.26943
833.333
-0.436343
20.4473
1.02615
-17.6136
-21.0518
-12.389
2.04085
-84.0904
-10.7613
1.86724
-11.3158
-4.71166
-59.3615
3.0638
-12.4023
-11.4859
0.721177
405.336
0.254919
199.73
560.363
-12.0307
-5.66232
-10.8562
12.2456
-90.1309
1.48795
-10.2873
4.02355
11.9905
-37.5544
446.937
2.42964
1078.21
12.8661
-83.6349
124.905
1.14703
10.5721
-20.3074
577.016
-9.66975
-41.5733
-10.4435
-11.1404
307.383
1.20297
6.49352
0.263986
-11.1316
-65.8915
-0.676833
-12.0359
-12.1536
-21.8045
-5.42867
-96.5174
-12.3076
12.9008
3.51541
-10.5295
-11.5518
-10.5499
200.831
-0.345424
3.30649
-7.75844
-8.96437
1.46257
-11.8931
4.38475
0.695235
2.06256
-44.8263
-55.3273
23.2109
-10.2487
63.3388
1.97142
-78.1201
13.9383
6.30802
-88.6411
-7.0345
-4.81828
472.591
-11.2975
64.9952
-103.488
-11.5767
-2.93961
-0.261343
-11.1201
-12.2652
8.1518
-10.2189
-14.5289
-57.4778
-10.6136
931.421
1.17684
1.80995
-9.7283
4.15827
-7.8399
-0.737976
-1.52461
21.3371
3.61402
0.587701
-24.8657
662.421
603.781
-11.2873
-7.83202
-0.717942
-10.265
3.95005
-98.6612
-21.7006
-12.549
-102.475
-10.7078
1.80139
-11.8575
-11.6424
-8.7835
-11.6593
-26.8689
13.4453
-10.559
-3.46996
-1.34922
-10.3293
-35.7538
-7.13867
4.61223
-12.3222
13.2582
5.45915
-0.326534
14.1994
1.82544
-77.1022
-10.2893
2.09128
482.177
-113.101
346.309
-10.9255
8.43274
-12.3327
-6.45158
715.22
-94.3322
2.67026
-10.0693
-0.601558
-10.7633
-10.1083
691.053
51.7782
2.88975
2.18382
-11.7941
-117.297
-12.3132
-12.6086
-66.7753
-0.423615
-0.707339
-10.1838
-10.0391
-90.3234
-3.63546
-4.99401
43.8619
6.49548
-11.6073
2.73623
0.0313588
-11.2973
171.085
6.12037
-12.1949
-36.2645
-10.9469
43.4798
-17.0208
263.69
296.61
-8.47365
33.4353
-10.3762
-5.74819
4.52473
-10.163
-12.4038
17.3102
-117.505
-3.27405
0.0930744
-5.22163
-7.62996
-1.99718
-0.111157
2.04837
-85.2426
-7.70495
-111.458
-6.75562
4.76085
-9.88667
1.15464
2.47811
553.746
-13.1456
-113.607
376.595
608.578
31.3304
-10.4491
0.540794
-9.89712
-12.1423
-0.745315
1134.61
-5.93011
2.88027
-119.81
-54.6205
-71.9129
-13.6339
37.7832
-2.53683
119.53
-11.8671
-12.3687
482.958
1.02611
-10.083
804.163
350.662
-11.5459
3.57177
-10.8501
-19.6326
2.84997
7.35011
136.182
-20.6942
-42.0908
-10.0629
387.939
-2.80804
-20.5252
-8.18737
19.7623
-127.837
3.16491
-12.4654
6.65489
665.963
-9.5225
-12.2425
-11.2274
1.59384
2.37853
-12.0053
7.93225
-0.643233
-97.4368
846.548
-10.5482
-4.25869
22.2501
-1.53506
-99.1161
-8.94808
5.65604
-1.91869
-8.54695
-9.13322
835.106
3.87506
-64.3873
-10.7378
-46.3167
42.8064
-127.879
-6.54101
234.174
-120.353
-9.63805
0.867793
1026.04
1048.22
-12.4608
-8.63916
-10.408
142.15
-110.375
43.731
30.8116
176.12
2.31625
2.16299
-9.04355
-12.5108
-3.24571
-87.3154
-49.6085
-112.099
3.19571
0.593661
8.19798
-36.1333
-33.6442
-4.99455
482.059
537.304
-124.496
-9.58938
-12.1422
3.87101
8.93556
-12.5093
-1.28897
-42.8768
-6.61531
-1.21422
-0.58581
3.61458
795.959
854.786
-11.8666
-14.0566
-9.95568
718.679
827.876
-9.83707
55.8976
4.25557
-10.3067
7.18053
-6.64644
-12.4395
4.03722
116.68
2.03183
4.15216
-10.2029
-127.828
-12.4005
3.58504
49.3063
179.749
2.96435
-54.2706
590.289
-16.8842
2.86099
-12.4297
-128.202
-9.99067
-9.19794
-29.5411
-9.58655
-3.2523
839.204
-2.03718
25.6848
-89.3024
-125.371
-12.6568
-9.45427
-0.634392
-12.3892
-6.39313
843.557
-76.3471
-11.0767
3.99452
4.26989
-0.480738
4.04994
-106.221
-3.01817
-0.129648
303.678
-6.57186
3.97527
-3.07915
129.513
-39.1452
-8.39631
231.88
-75.1367
0.273955
-14.8637
-8.76174
-13.0124
-0.711008
-42.621
2.42635
-0.337247
3.35933
-90.3139
-0.251219
-13.3508
-12.4576
59.2359
5.42213
51.0739
-110.037
-0.0739337
0.443489
836.361
0.788646
-18.6896
744.028
-13.6171
-2.01168
31.2889
6.19711
-10.071
-95.909
-16.6601
210.842
0.900912
-13.8029
-116.236
5.82109
1057.26
974.402
404.604
839.036
-21.3598
467.916
-13.076
-123.438
-12.8437
7.16059
-123.617
-13.6903
567.729
-12.6995
-0.723643
-0.717967
-116.729
-109.371
838.057
1.43204
-12.3464
7.88744
-12.4015
582.512
204.304
657.354
-1.91939
545.202
837.463
823.086
562.688
-46.618
848.247
5.73367
-8.41255
10.8274
287.941
1.67267
146.511
5.83511
840.218
82.8182
-11.0303
1019.22
-4.57663
-18.5667
862.914
2.16559
55.4357
-12.1024
96.1653
2.51926
-11.9618
-49.9901
-5.88757
-92.3397
-11.9632
-7.2971
-14.6088
592.78
-77.6066
813.969
9.52687
8.24368
-13.2601
60.1391
-6.88995
616.276
840.682
39.9405
-24.5775
-2.29394
-15.6721
-5.4311
9.58053
375.64
10.8212
-10.2037
2.65291
8.57279
-110.638
431.966
-31.5126
5.81339
7.15674
-98.6514
-108.385
-18.1204
594.356
-12.0155
-10.9027
616.916
3.69586
-61.2662
3.32141
-47.7635
7.21244
-111.219
34.4438
-85.6111
-11.1239
-13.6834
659.017
-13.5837
-5.55901
-67.0089
-19.2269
-0.54945
-11.5043
5.62838
-11.4149
-86.249
-14.7943
-95.4018
831.551
-107.554
832.778
-95.6015
565.831
7.58859
853.893
37.7486
26.048
5.20036
-14.6935
843.763
-11.4502
15.5584
835.674
529.305
554.267
829.603
-18.2119
5.46036
-6.64398
830.636
12.7477
12.6296
696.761
-17.2821
465.339
-15.437
-10.0123
13.0873
-12.4258
-12.7536
444.494
8.16656
26.1476
-21.0145
-9.66624
11.5574
-3.02349
832.07
643.982
-89.3065
828.358
668.028
-25.3607
700.941
-17.8449
-93.7959
564.765
-9.16657
36.1546
323.649
-11.671
16.4424
731.167
188.272
116.155
-1.15253
-6.5286
-13.3155
-93.7901
-6.929
-9.41897
-91.2376
230.324
921.695
901.433
77.4066
-15.8275
20.9117
-24.7553
-68.7854
-8.70693
838.817
-44.9657
-7.86009
-18.7785
-48.4896
750.54
306.23
828.2
60.3923
-76.484
-22.8506
538.79
15.6199
-7.8521
-12.0136
18.8156
-1.26064
670.332
708.713
20.6237
-26.4196
784.252
-88.2864
23.5166
-8.73823
-4.21373
847.591
-56.6568
30.2706
39.5227
231.079
11.1005
-83.2636
-13.9597
-21.2876
-27.1457
21.7645
2.96805
-55.5325
-6.5903
792.7
-17.6665
23.0967
-19.5
831.163
12.5951
37.36
-67.2453
717.256
667.706
829.51
19.0917
-6.20422
-5.99464
-21.3653
38.8628
-29.9357
842.933
566.252
6.94714
-6.97978
-51.1379
-67.4237
8.83078
10.8626
-12.8414
-70.1786
-4.02332
2.95579
6.57514
7.92736
779.615
8.05976
18.1473
-4.89005
1.17272
-17.1131
-71.2333
-35.1723
-65.9413
833.021
-31.3567
35.5504
800.725
-4.87696
-70.1023
559.202
-12.7605
-16.4087
-24.9274
18.0049
6.89092
39.477
35.6575
-58.2526
-3.1654
-52.7377
24.7523
11.98
-50.8474
-17.1115
-3.71859
828.174
-0.768966
-68.8075
-1.01294
13.2075
-24.6963
3.7004
896.188
758.658
-22.4492
832.291
21.7449
20.6733
27.0239
20.5793
-8.40044
-29.5432
-70.1677
27.9262
-31.2193
10.6424
20.1182
9.11317
29.634
835.269
838.972
12.5555
10.6569
31.5293
582.98
-7.29647
19.6131
37.5724
4.20299
-35.5251
21.9872
13.3994
21.5545
48.7089
12.7754
12.0129
8.4237
-4.84032
16.6334
22.6251
-12.4724
32.8835
11.1967
34.8812
30.1746
601.175
18.0071
31.8025
7.80411
831.411
829.533
-40.8214
37.5895
36.6981
-47.4285
-56.7648
-2.93712
32.2251
-16.5586
38.0098
-16.2925
40.6384
32.737
45.6636
30.2178
3.09574
9.62458
-28.3133
27.2245
38.4731
18.4755
19.4526
24.5413
43.2604
12.1597
26.0262
41.4225
2.39756
-39.8413
33.7918
79.9453
24.4715
-21.6225
17.3945
-20.8291
0.899546
643.743
22.9765
77.3814
83.4714
41.1566
45.7152
38.6939
5.95306
-13.7634
20.6649
2.40127
47.6486
13.482
76.5185
47.0264
32.873
44.6738
9.00909
45.8443
187.112
209.264
70.2928
42.4812
45.7008
6.78226
-1.82988
44.0692
3.17361
49.0222
49.1313
15.1288
8.95155
38.1706
43.1847
44.3515
47.8863
43.5677
831.846
832.91
46.9597
833.199
46.8099
834.534
34.4515
29.6853
8.80481
41.6309
75.7411
-5.38646
36.9557
35.3908
18.5229
11.6083
33.0585
33.6047
-28.8456
33.2761
30.5531
38.4961
39.0746
45.6766
395.777
386.472
217.282
182.895
73.8989
84.8821
34.9286
47.708
-2.95238
36.0053
24.5529
28.1036
681.933
741.759
819.502
755.756
830.88
800.609
747.627
-5.9541
175.149
755.014
785.171
1013.39
-3.15056
828.082
542.099
816.695
849.214
-5.65213
1009.39
760.453
-7.55974
861.182
846.375
-7.35614
819.41
529.153
418.044
905.856
953.282
860.427
972.333
913.707
937.226
203.669
843.634
846.5
1122.51
1135.6
1130.58
852.201
-7.89111
-5.34012
1004.29
778.685
801.427
843.605
832.747
861.096
501.324
-2.98058
1141.47
1013.97
1022.49
1037.25
901.097
959.896
884.863
924.057
977.29
941.695
1022.61
1025.79
819.934
-7.95266
1131.59
-3.21523
995.747
1131.48
791.156
1132.64
954.008
1033.05
-7.78084
1086.47
985.156
492.538
1136.15
1005.61
1123.69
902.287
1026.01
-5.88583
897.156
-7.73617
546.06
997.656
-8.06195
1108.01
856.612
1005.87
538.927
-7.57119
-9.32017
997.485
957.351
1020.03
-7.70008
-5.74392
980.767
-6.7774
-7.29216
1020.11
-6.98835
-7.19984
508.587
-6.11703
526.757
781.76
1132.03
998.825
-6.23077
1012.53
999.412
-8.22432
)
;

boundaryField
{
    patch0
    {
        type            fixedFluxPressure;
        gradient        uniform 0;
        value           nonuniform List<scalar> 
4010
(
106.07
106.07
-4.23647
-4.23647
3.45689
3.45689
-3.05131
-3.05131
-4.46069
-4.46069
-4.5326
-4.5326
-5.20122
-5.20122
-1.75502
-1.75502
-4.99381
-4.99381
-2.18737
-2.18737
-5.7165
-5.7165
-5.84169
-5.84169
223.558
223.558
-6.40986
-6.40986
-24.522
-24.522
-25.6443
-25.6443
102.287
102.287
-4.02958
-4.02958
705.596
705.596
-1.91545
-1.91545
1069.58
1069.58
-9.01897
-9.01897
69.172
69.172
-7.64314
-7.64314
-8.72824
-8.72824
-7.78803
-7.78803
3.72048
3.72048
-4.03151
-4.03151
-4.87095
-4.87095
-0.811907
-0.811907
9.56286
9.56286
-9.1651
-9.1651
142.702
142.702
34.565
34.565
-4.25217
-4.25217
15.7341
15.7341
-10.0922
-10.0922
-4.72033
-4.72033
-1.33548
-1.33548
36.1928
36.1928
-10.5589
-10.5589
1003.18
1003.18
-10.4052
-10.4052
67.8129
67.8129
-4.16744
-4.16744
-5.70458
-5.70458
17.1105
17.1105
-4.06574
-4.06574
1000.37
1000.37
1034.4
1034.4
172.468
172.468
239.809
239.809
-8.54195
-8.54195
175.688
175.688
-5.98648
-5.98648
-4.13524
-4.13524
427.46
427.46
-4.02294
-4.02294
-3.97169
-3.97169
-16.5169
-16.5169
85.2964
85.2964
-23.298
-23.298
814.584
814.584
-1.27638
-1.27638
172.198
172.198
-4.11852
-4.11852
-20.796
-20.796
16.0655
16.0655
-5.37689
-5.37689
301.909
301.909
17.5203
17.5203
-24.3061
-24.3061
-1.20706
-1.20706
-0.977942
-0.977942
-1.41366
-1.41366
-7.75928
-7.75928
-4.12215
-4.12215
-1.72154
-1.72154
-3.6143
-3.6143
835.607
835.607
-4.09673
-4.09673
7.23376
7.23376
-1.55892
-1.55892
945.19
945.19
465.759
465.759
13.345
13.345
-4.10862
-4.10862
-22.2235
-22.2235
1016.99
1016.99
94.6466
94.6466
-18.5946
-18.5946
7.57057
7.57057
-6.24279
-6.24279
-5.86249
-5.86249
17.3099
17.3099
172.713
172.713
-4.3451
-4.3451
-4.93
-4.93
-15.5223
-15.5223
-7.08339
-7.08339
-2.12013
-2.12013
79.337
79.337
-10.2823
-10.2823
0.181414
0.181414
-2.53176
-2.53176
-2.38126
-2.38126
-4.54476
-4.54476
-4.47823
-4.47823
-15.8531
-15.8531
-4.34837
-4.34837
-4.50883
-4.50883
-5.47474
-5.47474
-4.39598
-4.39598
-0.303725
-0.303725
-3.52533
-3.52533
957.384
957.384
3.6417
3.6417
-29.4076
-29.4076
-4.46156
-4.46156
-3.71682
-3.71682
770.497
770.497
957.511
957.511
1031.49
1031.49
373.026
373.026
-23.1874
-23.1874
2.68101
2.68101
-7.23047
-7.23047
-1.63917
-1.63917
-1.62749
-1.62749
865.524
865.524
-4.37686
-4.37686
1.51785
1.51785
46.8442
46.8442
-0.653328
-0.653328
75.5206
75.5206
3.82524
3.82524
-5.00938
-5.00938
-5.43279
-5.43279
0.742123
0.742123
-4.24618
-4.24618
-4.17837
-4.17837
-22.2926
-22.2926
17.3906
17.3906
17.3906
201.315
201.315
201.315
3.71112
3.71112
860.57
860.57
-0.425296
-0.425296
20.4027
20.4027
-14.5593
-14.5593
-4.18516
-4.18516
-2.07885
-2.07885
952.851
952.851
952.851
-6.76045
-6.76045
4.83115
4.83115
1.76159
1.76159
1.45883
1.45883
976.251
976.251
-4.9444
-4.9444
-4.73989
-4.73989
16.5403
16.5403
0.021433
0.021433
-7.78591
-7.78591
2.92085
2.92085
940.51
940.51
2.45254
2.45254
2.96356
2.96356
-5.9806
-5.9806
988.45
988.45
-3.56762
-3.56762
-0.98974
-0.98974
-4.78108
-4.78108
-6.89701
-6.89701
-2.14639
-2.14639
-15.6364
-15.6364
-4.31766
-4.31766
-4.64743
-4.64743
-1.55315
-1.55315
13.2515
13.2515
9.91356
9.91356
-7.81849
-7.81849
-10.2926
-10.2926
-31.8941
-31.8941
-2.48211
-2.48211
-9.48693
-9.48693
1031.88
1031.88
-3.89369
-3.89369
-6.87134
-6.87134
-11.6082
-11.6082
-3.86858
-3.86858
-1.57812
-1.57812
-3.2717
-3.2717
-2.7909
-2.7909
-4.66563
-4.66563
-8.27988
-8.27988
-12.365
-12.365
933.444
933.444
933.444
-11.8686
-11.8686
-1.68627
-1.68627
0.395241
0.395241
-6.62815
-6.62815
537.461
537.461
-3.9431
-3.9431
1.43414
1.43414
1.25367
1.25367
-4.16978
-4.16978
-11.5131
-11.5131
-10.7798
-10.7798
-6.45396
-6.45396
22.895
22.895
39.2817
39.2817
39.2817
918.694
918.694
-5.27284
-5.27284
-3.05405
-3.05405
-12.2849
-12.2849
-11.6365
-11.6365
-2.1952
-2.1952
-13.7572
-13.7572
1.20636
1.20636
-2.87992
-2.87992
-1.41798
-1.41798
1.85833
1.85833
-2.79907
-2.79907
-9.07451
-9.07451
-14.5388
-14.5388
2.20316
2.20316
-11.8982
-11.8982
-5.07573
-5.07573
-2.63623
-2.63623
-13.1589
-13.1589
-6.42728
-6.42728
2.6998
2.6998
-17.6668
-17.6668
-0.44877
-0.44877
-0.537125
-0.537125
-12.7611
-12.7611
26.1952
26.1952
26.1952
1.1885
1.1885
-2.03779
-2.03779
-11.3562
-11.3562
910.18
910.18
910.18
-37.7808
-37.7808
-10.9419
-10.9419
-7.16342
-7.16342
-6.25487
-6.25487
15.9825
15.9825
17.8032
17.8032
1.69503
1.69503
-4.58963
-4.58963
-2.28177
-2.28177
-2.29373
-2.29373
-3.84783
-3.84783
896.034
896.034
-13.1964
-13.1964
4.00385
4.00385
-3.72757
-3.72757
-21.1986
-21.1986
-7.79499
-7.79499
-10.4492
-10.4492
0.640684
0.640684
-1.2128
-1.2128
-3.72269
-3.72269
-12.3307
-12.3307
-15.3757
-15.3757
-2.52719
-2.52719
-8.82999
-8.82999
-1.14687
-1.14687
1014.73
1014.73
-1.71299
-1.71299
-7.55509
-7.55509
480.352
480.352
-9.24455
-9.24455
-1.31314
-1.31314
-5.62589
-5.62589
-10.7988
-10.7988
-18.5494
-18.5494
-3.88633
-3.88633
-3.70389
-3.70389
-12.9656
-12.9656
2.7184
2.7184
-1.72076
-1.72076
729.184
729.184
900.086
900.086
900.086
-17.5724
-17.5724
-14.5081
-14.5081
770.647
770.647
-2.20307
-2.20307
-5.04527
-5.04527
880.47
880.47
-2.20252
-2.20252
-11.0171
-11.0171
-12.8552
-12.8552
-1.05652
-1.05652
-14.5278
-14.5278
-7.0761
-7.0761
1045.46
1045.46
-0.200219
-0.200219
-22.5492
-22.5492
-4.04285
-4.04285
-1.47048
-1.47048
-14.4628
-14.4628
877.163
877.163
877.163
-3.39963
-3.39963
-10.0808
-10.0808
-14.1538
-14.1538
1.5865
1.5865
-11.1062
-11.1062
1001.7
1001.7
-9.04706
-9.04706
-10.5193
-10.5193
-3.35413
-3.35413
-6.34385
-6.34385
9.69926
9.69926
-14.3891
-14.3891
-7.50756
-7.50756
-4.11555
-4.11555
877.104
877.104
-7.91797
-7.91797
-1.46954
-1.46954
-13.7913
-13.7913
-12.0604
-12.0604
-1.06084
-1.06084
-9.35464
-9.35464
-7.39626
-7.39626
-1.55568
-1.55568
-10.4573
-10.4573
-2.8651
-2.8651
-11.1536
-11.1536
-10.8279
-10.8279
-4.90943
-4.90943
-5.56795
-5.56795
-8.20554
-8.20554
-21.0694
-21.0694
-6.93839
-6.93839
1.62384
1.62384
-1.1066
-1.1066
-15.2136
-15.2136
-16.7701
-16.7701
-15.1472
-15.1472
-15.5047
-15.5047
-11.1707
-11.1707
-2.46316
-2.46316
-0.719949
-0.719949
-8.24049
-8.24049
-6.05225
-6.05225
-24.6068
-24.6068
-28.0543
-28.0543
-6.13048
-6.13048
-24.8079
-24.8079
-1.53499
-1.53499
-11.0401
-11.0401
-4.51365
-4.51365
-4.03932
-4.03932
13.1798
13.1798
-14.0523
-14.0523
26.3424
26.3424
-1.79882
-1.79882
991.668
991.668
-7.85492
-7.85492
-9.92746
-9.92746
173.718
173.718
-16.5522
-16.5522
-18.2527
-18.2527
-12.0755
-12.0755
-19.0163
-19.0163
-8.60062
-8.60062
-12.2668
-12.2668
-7.77345
-7.77345
-8.93627
-8.93627
-15.4205
-15.4205
-15.5469
-15.5469
-8.40027
-8.40027
-12.0219
-12.0219
-10.2833
-10.2833
-38.9695
-38.9695
7.40588
7.40588
686.972
686.972
-24.8725
-24.8725
-26.1253
-26.1253
-8.50728
-8.50728
-27.1102
-27.1102
-29.2483
-29.2483
-1.51835
-1.51835
-11.2675
-11.2675
-12.5648
-12.5648
-9.98309
-9.98309
-7.24308
-7.24308
-0.955133
-0.955133
-19.8859
-19.8859
8.55128
8.55128
-13.1473
-13.1473
26.2806
26.2806
-6.63212
-6.63212
-11.3647
-11.3647
-22.2101
-22.2101
-16.1345
-16.1345
52.1246
52.1246
52.1246
-8.10986
-8.10986
-8.31487
-8.31487
-5.56339
-5.56339
-31.3569
-31.3569
844.851
844.851
-1.07938
-1.07938
2.00189
2.00189
-6.6241
-6.6241
987.031
987.031
987.031
-16.3156
-16.3156
-5.21697
-5.21697
-24.0034
-24.0034
-9.75511
-9.75511
2.39132
2.39132
-16.3305
-16.3305
-6.2409
-6.2409
-18.363
-18.363
-5.49965
-5.49965
-15.5056
-15.5056
-13.5845
-13.5845
-3.19285
-3.19285
-16.49
-16.49
-4.01394
-4.01394
-4.92342
-4.92342
-14.9132
-14.9132
-8.80517
-8.80517
-4.45741
-4.45741
45.1477
45.1477
-3.29017
-3.29017
-10.9543
-10.9543
-3.9805
-3.9805
-1.1067
-1.1067
-7.47048
-7.47048
-14.8671
-14.8671
-18.0216
-18.0216
-2.69015
-2.69015
-15.4879
-15.4879
-4.98854
-4.98854
-16.1254
-16.1254
-13.6053
-13.6053
-9.19356
-9.19356
873.911
873.911
-13.308
-13.308
-8.49799
-8.49799
-9.99093
-9.99093
-3.61654
-3.61654
-12.4337
-12.4337
6.33637
6.33637
-28.5849
-28.5849
192.445
192.445
192.445
-14.5856
-14.5856
-0.915636
-0.915636
-11.5118
-11.5118
-19.935
-19.935
-29.271
-29.271
-7.11368
-7.11368
-13.6378
-13.6378
-6.32385
-6.32385
-8.08953
-8.08953
-11.9618
-11.9618
-6.36923
-6.36923
-26.8965
-26.8965
-4.57883
-4.57883
-33.9114
-33.9114
-1.85818
-1.85818
-8.06975
-8.06975
988.682
988.682
-3.99887
-3.99887
0.743378
0.743378
-21.2125
-21.2125
-24.7824
-24.7824
-16.3772
-16.3772
-5.35451
-5.35451
-1.60075
-1.60075
8.0802
8.0802
-6.0769
-6.0769
-0.862314
-0.862314
-5.36563
-5.36563
-8.37771
-8.37771
-1.54982
-1.54982
-1.18252
-1.18252
-19.149
-19.149
-31.6947
-31.6947
-37.2176
-37.2176
-16.3801
-16.3801
-16.6391
-16.6391
-15.1811
-15.1811
-27.0585
-27.0585
-7.7186
-7.7186
8.69487
8.69487
-13.8701
-13.8701
-46.6676
-46.6676
-14.9244
-14.9244
-4.43677
-4.43677
936.972
936.972
-14.5992
-14.5992
-5.71418
-5.71418
-5.21925
-5.21925
-14.025
-14.025
-3.67687
-3.67687
-35.0665
-35.0665
-17.6986
-17.6986
-13.517
-13.517
-1.26003
-1.26003
-11.8853
-11.8853
-29.6417
-29.6417
-9.49288
-9.49288
-8.65065
-8.65065
55.5688
55.5688
-13.1022
-13.1022
-21.1203
-21.1203
4.31925
4.31925
-6.94046
-6.94046
-8.00252
-8.00252
-1.04612
-1.04612
-3.01157
-3.01157
-18.6829
-18.6829
-13.6149
-13.6149
-21.0491
-21.0491
-22.6494
-22.6494
-8.40498
-8.40498
-8.8236
-8.8236
-11.999
-11.999
-39.1447
-39.1447
-3.92532
-3.92532
-25.063
-25.063
-1.95569
-1.95569
-6.59484
-6.59484
-14.9577
-14.9577
-5.62742
-5.62742
-0.749926
-0.749926
9.68954
9.68954
7.67748
7.67748
-15.5456
-15.5456
-3.03921
-3.03921
-19.8914
-19.8914
-6.52477
-6.52477
11.9582
11.9582
-2.38413
-2.38413
-27.265
-27.265
-14.4663
-14.4663
-8.2699
-8.2699
339.374
339.374
8.20134
8.20134
-7.74193
-7.74193
-1.18409
-1.18409
789.162
789.162
-0.863327
-0.863327
-4.31216
-4.31216
-13.9652
-13.9652
-0.942423
-0.942423
-1.16354
-1.16354
-33.1018
-33.1018
-6.45346
-6.45346
-13.6403
-13.6403
-15.2926
-15.2926
-41.2972
-41.2972
-5.87484
-5.87484
-13.2741
-13.2741
17.0689
17.0689
10.7275
10.7275
253.944
253.944
4.22277
4.22277
-1.10024
-1.10024
2.03966
2.03966
-2.60832
-2.60832
-6.49936
-6.49936
-16.4776
-16.4776
-9.34192
-9.34192
-6.06368
-6.06368
-1.57454
-1.57454
-5.12868
-5.12868
-0.905734
-0.905734
-7.18965
-7.18965
-3.49266
-3.49266
-14.0495
-14.0495
-13.0509
-13.0509
-17.9216
-17.9216
-0.613313
-0.613313
-21.8145
-21.8145
15.474
15.474
12.2837
12.2837
-10.2882
-10.2882
2.51254
2.51254
-8.68888
-8.68888
-41.8188
-41.8188
-8.42159
-8.42159
-18.9387
-18.9387
205.507
205.507
435.073
435.073
-15.6959
-15.6959
12.3091
12.3091
-2.12193
-2.12193
-1.95836
-1.95836
7.79726
7.79726
-5.54317
-5.54317
573.706
573.706
323.768
323.768
677.798
677.798
-8.39428
-8.39428
-23.9138
-23.9138
-3.35136
-3.35136
-30.3645
-30.3645
-2.69472
-2.69472
175.218
175.218
-19.1355
-19.1355
-17.5713
-17.5713
-1.31665
-1.31665
-6.48525
-6.48525
-20.8074
-20.8074
5.09344
5.09344
-0.96731
-0.96731
-7.39414
-7.39414
0.790482
0.790482
8.18009
8.18009
-34.0654
-34.0654
19.9303
19.9303
-4.30257
-4.30257
-7.87431
-7.87431
-37.7527
-37.7527
-15.1138
-15.1138
-7.74376
-7.74376
173.472
173.472
-0.784492
-0.784492
-5.24364
-5.24364
-1.63432
-1.63432
-5.559
-5.559
-8.76887
-8.76887
-15.1391
-15.1391
-0.695276
-0.695276
10.1708
10.1708
-43.0362
-43.0362
4.00725
4.00725
22.6484
22.6484
-47.3278
-47.3278
-13.1536
-13.1536
-3.17869
-3.17869
-1.55272
-1.55272
-6.09186
-6.09186
168.268
168.268
-12.8546
-12.8546
16.848
16.848
-13.512
-13.512
-4.14646
-4.14646
-14.456
-14.456
-15.6088
-15.6088
-7.09868
-7.09868
-12.6792
-12.6792
-12.6283
-12.6283
-27.4924
-27.4924
-9.39122
-9.39122
-46.55
-46.55
-13.7202
-13.7202
-8.96336
-8.96336
1.90947
1.90947
-16.1321
-16.1321
-4.51291
-4.51291
-16.1233
-16.1233
10.8181
10.8181
-17.7736
-17.7736
-1.86898
-1.86898
-0.758972
-0.758972
-7.2572
-7.2572
23.3619
23.3619
-6.27705
-6.27705
64.5942
64.5942
-0.560818
-0.560818
-2.35632
-2.35632
-18.8457
-18.8457
-1.164
-1.164
-6.67655
-6.67655
-49.9142
-49.9142
-5.77841
-5.77841
-6.60135
-6.60135
-7.87928
-7.87928
-0.864777
-0.864777
940.807
940.807
-4.85716
-4.85716
-32.8263
-32.8263
-1.7502
-1.7502
-18.3882
-18.3882
-49.6327
-49.6327
670.624
670.624
11.8873
11.8873
-10.8461
-10.8461
-13.602
-13.602
-39.3837
-39.3837
-30.0884
-30.0884
-10.9393
-10.9393
-15.7399
-15.7399
-22.6056
-22.6056
838.907
838.907
-6.60185
-6.60185
12.3142
12.3142
-1.54655
-1.54655
-18.3134
-18.3134
-5.4189
-5.4189
-12.2265
-12.2265
0.324478
0.324478
-20.9486
-20.9486
22.9462
22.9462
-0.465544
-0.465544
-7.09969
-7.09969
-9.65643
-9.65643
-0.773617
-0.773617
-0.296568
-0.296568
-12.8751
-12.8751
-4.78415
-4.78415
602.285
602.285
-13.0544
-13.0544
-14.0075
-14.0075
-12.0922
-12.0922
-5.09445
-5.09445
-5.95128
-5.95128
-0.678405
-0.678405
357.067
357.067
-14.2838
-14.2838
831.828
831.828
-0.621937
-0.621937
4.18842
4.18842
-14.9429
-14.9429
-0.950327
-0.950327
-25.4116
-25.4116
488.48
488.48
-0.386536
-0.386536
-53.1315
-53.1315
-0.610433
-0.610433
11.54
11.54
-54.1461
-54.1461
1058.28
1058.28
292.101
292.101
292.101
377.682
377.682
-7.53375
-7.53375
-2.71502
-2.71502
-15.4195
-15.4195
24.032
24.032
-0.914199
-0.914199
-8.90688
-8.90688
-34.578
-34.578
-2.39177
-2.39177
-25.1295
-25.1295
-13.4036
-13.4036
-45.4015
-45.4015
-0.349777
-0.349777
614.692
614.692
-17.116
-17.116
-0.448851
-0.448851
298.909
298.909
-5.99175
-5.99175
4.09544
4.09544
-6.15138
-6.15138
11.1204
11.1204
-5.63833
-5.63833
-1.90457
-1.90457
-10.8042
-10.8042
-12.2279
-12.2279
-19.2158
-19.2158
-2.11228
-2.11228
-1.57093
-1.57093
-16.4019
-16.4019
-0.83681
-0.83681
551.869
551.869
843.676
843.676
-53.1017
-53.1017
-0.689073
-0.689073
-18.2739
-18.2739
-55.6657
-55.6657
-0.654603
-0.654603
-10.4907
-10.4907
22.9629
22.9629
-11.6435
-11.6435
-5.17848
-5.17848
14.3544
14.3544
-12.5095
-12.5095
-62.9021
-62.9021
-12.1128
-12.1128
21.0355
21.0355
-13.2404
-13.2404
-4.78884
-4.78884
-8.46232
-8.46232
-6.33234
-6.33234
-9.40193
-9.40193
13.0882
13.0882
-13.1696
-13.1696
0.695696
0.695696
-0.243388
-0.243388
-19.9263
-19.9263
-4.7633
-4.7633
0.279376
0.279376
-0.527648
-0.527648
-53.667
-53.667
-12.827
-12.827
-18.1186
-18.1186
-0.329777
-0.329777
23.2081
23.2081
0.353006
0.353006
-14.4534
-14.4534
-13.3277
-13.3277
1.75004
1.75004
-0.23873
-0.23873
-6.40793
-6.40793
200.034
200.034
-12.9361
-12.9361
3.30991
3.30991
953.125
953.125
-7.78494
-7.78494
-9.97473
-9.97473
-0.824818
-0.824818
0.0373781
0.0373781
-38.469
-38.469
-1.08235
-1.08235
-64.96
-64.96
-13.6534
-13.6534
-5.96284
-5.96284
-0.27373
-0.27373
-3.24614
-3.24614
0.25726
0.25726
270.633
270.633
8.91778
8.91778
11.4041
11.4041
-52.2507
-52.2507
117.855
117.855
-10.7764
-10.7764
-5.49352
-5.49352
0.481449
0.481449
-17.1552
-17.1552
-29.0122
-29.0122
86.2851
86.2851
-22.7135
-22.7135
-2.16469
-2.16469
7.59368
7.59368
-33.9501
-33.9501
-13.9897
-13.9897
11.2131
11.2131
-68.1905
-68.1905
0.360711
0.360711
-1.67879
-1.67879
-11.3686
-11.3686
-11.2093
-11.2093
-11.1665
-11.1665
-0.149758
-0.149758
-48.4703
-48.4703
-0.529635
-0.529635
1000.16
1000.16
1000.16
-6.1361
-6.1361
296.084
296.084
-12.4002
-12.4002
-10.7495
-10.7495
1002.24
1002.24
0.868867
0.868867
-12.5224
-12.5224
-5.18749
-5.18749
-67.8868
-67.8868
1.57066
1.57066
-19.8914
-19.8914
-15.4811
-15.4811
20.2699
20.2699
0.157823
0.157823
-73.15
-73.15
-12.4268
-12.4268
1.02691
1.02691
-5.61654
-5.61654
614.384
614.384
-0.0543223
-0.0543223
-40.3003
-40.3003
-35.9537
-35.9537
-12.2803
-12.2803
-0.723338
-0.723338
1.20174
1.20174
-11.8702
-11.8702
422.379
422.379
-10.8433
-10.8433
20.0416
20.0416
23.4141
23.4141
-0.01515
-0.01515
11.6093
11.6093
2.774
2.774
-19.8777
-19.8777
6.63877
6.63877
-0.768314
-0.768314
0.516891
0.516891
15.0494
15.0494
1019.87
1019.87
-12.6209
-12.6209
-0.642099
-0.642099
8.93696
8.93696
-68.3276
-68.3276
-0.574174
-0.574174
-12.1565
-12.1565
-10.9005
-10.9005
-11.6562
-11.6562
-6.64618
-6.64618
-16.6263
-16.6263
-25.8559
-25.8559
5.36927
5.36927
0.804823
0.804823
480.8
480.8
-52.8166
-52.8166
-11.0319
-11.0319
-8.24702
-8.24702
-3.94354
-3.94354
-83.4565
-83.4565
2.00295
2.00295
-66.1623
-66.1623
11.9746
11.9746
-0.267422
-0.267422
3.76909
3.76909
665.134
665.134
-10.966
-10.966
-10.5613
-10.5613
-19.555
-19.555
72.1624
72.1624
-12.049
-12.049
-24.992
-24.992
-11.3558
-11.3558
-0.819797
-0.819797
-2.52717
-2.52717
232.148
232.148
232.148
605.7
605.7
-11.4231
-11.4231
65.3687
65.3687
-10.8441
-10.8441
6.63873
6.63873
0.303794
0.303794
-0.115372
-0.115372
-74.7823
-74.7823
-3.26943
-3.26943
833.333
833.333
-0.436343
-0.436343
20.4473
20.4473
1.02615
1.02615
-17.6136
-17.6136
-21.0518
-21.0518
-12.389
-12.389
2.04085
2.04085
-84.0904
-84.0904
-10.7613
-10.7613
1.86724
1.86724
-11.3158
-11.3158
-4.71166
-4.71166
-59.3615
-59.3615
3.0638
3.0638
-12.4023
-12.4023
-11.4859
-11.4859
0.721177
0.721177
405.336
405.336
0.254919
0.254919
199.73
199.73
560.363
560.363
-12.0307
-12.0307
-5.66232
-5.66232
-10.8562
-10.8562
12.2456
12.2456
-90.1309
-90.1309
1.48795
1.48795
-10.2873
-10.2873
4.02355
4.02355
4.02355
11.9905
11.9905
-37.5544
-37.5544
446.937
446.937
446.937
2.42964
2.42964
1078.21
1078.21
1078.21
12.8661
12.8661
-83.6349
-83.6349
124.905
124.905
1.14703
1.14703
10.5721
10.5721
-20.3074
-20.3074
577.016
577.016
-9.66975
-9.66975
-41.5733
-41.5733
-10.4435
-10.4435
-11.1404
-11.1404
307.383
307.383
1.20297
1.20297
6.49352
6.49352
0.263986
0.263986
-11.1316
-11.1316
-65.8915
-65.8915
-0.676833
-0.676833
-12.0359
-12.0359
-12.1536
-12.1536
-21.8045
-21.8045
-5.42867
-5.42867
-96.5174
-96.5174
-12.3076
-12.3076
12.9008
12.9008
3.51541
3.51541
-10.5295
-10.5295
-11.5518
-11.5518
-10.5499
-10.5499
200.831
200.831
-0.345424
-0.345424
3.30649
3.30649
-7.75844
-7.75844
-8.96437
-8.96437
1.46257
1.46257
-11.8931
-11.8931
4.38475
4.38475
0.695235
0.695235
2.06256
2.06256
-44.8263
-44.8263
-55.3273
-55.3273
23.2109
23.2109
-10.2487
-10.2487
63.3388
63.3388
1.97142
1.97142
-78.1201
-78.1201
13.9383
13.9383
6.30802
6.30802
-88.6411
-88.6411
-7.0345
-7.0345
-4.81828
-4.81828
472.591
472.591
-11.2975
-11.2975
64.9952
64.9952
-103.488
-103.488
-11.5767
-11.5767
-2.93961
-2.93961
-0.261343
-0.261343
-11.1201
-11.1201
-12.2652
-12.2652
8.1518
8.1518
-10.2189
-10.2189
-14.5289
-14.5289
-57.4778
-57.4778
-10.6136
-10.6136
931.421
931.421
1.17684
1.17684
1.80995
1.80995
-9.7283
-9.7283
4.15827
4.15827
-7.8399
-7.8399
-0.737976
-0.737976
-1.52461
-1.52461
21.3371
21.3371
3.61402
3.61402
0.587701
0.587701
-24.8657
-24.8657
662.421
662.421
603.781
603.781
-11.2873
-11.2873
-7.83202
-7.83202
-0.717942
-0.717942
-10.265
-10.265
3.95005
3.95005
-98.6612
-98.6612
-21.7006
-21.7006
-12.549
-12.549
-102.475
-102.475
-10.7078
-10.7078
1.80139
1.80139
-11.8575
-11.8575
-11.6424
-11.6424
-8.7835
-8.7835
-11.6593
-11.6593
-26.8689
-26.8689
13.4453
13.4453
-10.559
-10.559
-3.46996
-3.46996
-1.34922
-1.34922
-10.3293
-10.3293
-35.7538
-35.7538
-7.13867
-7.13867
4.61223
4.61223
-12.3222
-12.3222
13.2582
13.2582
5.45915
5.45915
-0.326534
-0.326534
14.1994
14.1994
1.82544
1.82544
-77.1022
-77.1022
-10.2893
-10.2893
2.09128
2.09128
482.177
482.177
-113.101
-113.101
346.309
346.309
-10.9255
-10.9255
8.43274
8.43274
-12.3327
-12.3327
-6.45158
-6.45158
715.22
715.22
-94.3322
-94.3322
2.67026
2.67026
-10.0693
-10.0693
-0.601558
-0.601558
-10.7633
-10.7633
-10.1083
-10.1083
691.053
691.053
51.7782
51.7782
2.88975
2.88975
2.18382
2.18382
-11.7941
-11.7941
-117.297
-117.297
-12.3132
-12.3132
-12.6086
-12.6086
-66.7753
-66.7753
-0.423615
-0.423615
-0.707339
-0.707339
-10.1838
-10.1838
-10.0391
-10.0391
-90.3234
-90.3234
-3.63546
-3.63546
-4.99401
-4.99401
43.8619
43.8619
6.49548
6.49548
-11.6073
-11.6073
2.73623
2.73623
0.0313588
0.0313588
-11.2973
-11.2973
171.085
171.085
6.12037
6.12037
-12.1949
-12.1949
-36.2645
-36.2645
-10.9469
-10.9469
43.4798
43.4798
-17.0208
-17.0208
263.69
263.69
263.69
296.61
296.61
296.61
-8.47365
-8.47365
33.4353
33.4353
-10.3762
-10.3762
-5.74819
-5.74819
4.52473
4.52473
-10.163
-10.163
-12.4038
-12.4038
17.3102
17.3102
-117.505
-117.505
-3.27405
-3.27405
0.0930744
0.0930744
-5.22163
-5.22163
-7.62996
-7.62996
-1.99718
-1.99718
-0.111157
-0.111157
2.04837
2.04837
-85.2426
-85.2426
-7.70495
-7.70495
-111.458
-111.458
-6.75562
-6.75562
4.76085
4.76085
-9.88667
-9.88667
1.15464
1.15464
2.47811
2.47811
553.746
553.746
-13.1456
-13.1456
-113.607
-113.607
376.595
376.595
376.595
608.578
608.578
31.3304
31.3304
-10.4491
-10.4491
0.540794
0.540794
-9.89712
-9.89712
-12.1423
-12.1423
-0.745315
-0.745315
1134.61
1134.61
-5.93011
-5.93011
2.88027
2.88027
-119.81
-119.81
-54.6205
-54.6205
-71.9129
-71.9129
-13.6339
-13.6339
37.7832
37.7832
-2.53683
-2.53683
119.53
119.53
-11.8671
-11.8671
-12.3687
-12.3687
482.958
482.958
482.958
1.02611
1.02611
-10.083
-10.083
804.163
804.163
350.662
350.662
-11.5459
-11.5459
3.57177
3.57177
-10.8501
-10.8501
-19.6326
-19.6326
2.84997
2.84997
7.35011
7.35011
136.182
136.182
-20.6942
-20.6942
-42.0908
-42.0908
-10.0629
-10.0629
387.939
387.939
-2.80804
-2.80804
-20.5252
-20.5252
-8.18737
-8.18737
19.7623
19.7623
-127.837
-127.837
3.16491
3.16491
-12.4654
-12.4654
6.65489
6.65489
665.963
665.963
-9.5225
-9.5225
-12.2425
-12.2425
-11.2274
-11.2274
1.59384
1.59384
2.37853
2.37853
-12.0053
-12.0053
7.93225
7.93225
-0.643233
-0.643233
-97.4368
-97.4368
846.548
846.548
-10.5482
-10.5482
-4.25869
-4.25869
22.2501
22.2501
-1.53506
-1.53506
-99.1161
-99.1161
-8.94808
-8.94808
5.65604
5.65604
-1.91869
-1.91869
-8.54695
-8.54695
-9.13322
-9.13322
835.106
835.106
3.87506
3.87506
-64.3873
-64.3873
-10.7378
-10.7378
-46.3167
-46.3167
42.8064
42.8064
-127.879
-127.879
-6.54101
-6.54101
234.174
234.174
-120.353
-120.353
-9.63805
-9.63805
0.867793
0.867793
1026.04
1026.04
1026.04
1048.22
1048.22
1048.22
-12.4608
-12.4608
-8.63916
-8.63916
-10.408
-10.408
142.15
142.15
-110.375
-110.375
43.731
43.731
30.8116
30.8116
176.12
176.12
2.31625
2.31625
2.16299
2.16299
-9.04355
-9.04355
-12.5108
-12.5108
-3.24571
-3.24571
-87.3154
-87.3154
-49.6085
-49.6085
-112.099
-112.099
3.19571
3.19571
0.593661
0.593661
8.19798
8.19798
-36.1333
-36.1333
-33.6442
-33.6442
-4.99455
-4.99455
482.059
482.059
537.304
537.304
-124.496
-124.496
-9.58938
-9.58938
-12.1422
-12.1422
3.87101
3.87101
8.93556
8.93556
8.93556
-12.5093
-12.5093
-1.28897
-1.28897
-42.8768
-42.8768
-6.61531
-6.61531
-1.21422
-1.21422
-0.58581
-0.58581
3.61458
3.61458
795.959
795.959
854.786
854.786
-11.8666
-11.8666
-14.0566
-14.0566
-9.95568
-9.95568
718.679
718.679
718.679
827.876
827.876
-9.83707
-9.83707
55.8976
55.8976
4.25557
4.25557
-10.3067
-10.3067
7.18053
7.18053
-6.64644
-6.64644
-12.4395
-12.4395
4.03722
4.03722
116.68
116.68
2.03183
2.03183
4.15216
4.15216
-10.2029
-10.2029
-127.828
-127.828
-12.4005
-12.4005
3.58504
3.58504
49.3063
49.3063
179.749
179.749
2.96435
2.96435
-54.2706
-54.2706
590.289
590.289
-16.8842
-16.8842
2.86099
2.86099
-12.4297
-12.4297
-128.202
-128.202
-9.99067
-9.99067
-9.19794
-9.19794
-29.5411
-29.5411
-9.58655
-9.58655
-3.2523
-3.2523
839.204
839.204
-2.03718
-2.03718
25.6848
25.6848
-89.3024
-89.3024
-125.371
-125.371
-12.6568
-12.6568
-9.45427
-9.45427
-0.634392
-0.634392
-0.634392
-12.3892
-12.3892
-6.39313
-6.39313
843.557
843.557
-76.3471
-76.3471
-11.0767
-11.0767
3.99452
3.99452
4.26989
4.26989
-0.480738
-0.480738
-0.480738
4.04994
4.04994
-106.221
-106.221
-3.01817
-3.01817
-0.129648
-0.129648
-0.129648
303.678
303.678
-6.57186
-6.57186
3.97527
3.97527
-3.07915
-3.07915
129.513
129.513
-39.1452
-39.1452
-8.39631
-8.39631
231.88
231.88
-75.1367
-75.1367
0.273955
0.273955
-14.8637
-14.8637
-8.76174
-8.76174
-13.0124
-13.0124
-0.711008
-0.711008
-0.711008
-42.621
-42.621
2.42635
2.42635
-0.337247
-0.337247
3.35933
3.35933
-90.3139
-90.3139
-0.251219
-0.251219
-13.3508
-13.3508
-12.4576
-12.4576
59.2359
59.2359
5.42213
5.42213
51.0739
51.0739
-110.037
-110.037
-0.0739337
-0.0739337
-0.0739337
0.443489
0.443489
0.443489
836.361
836.361
0.788646
0.788646
-18.6896
-18.6896
744.028
744.028
744.028
-13.6171
-13.6171
-2.01168
-2.01168
31.2889
31.2889
6.19711
6.19711
-10.071
-10.071
-95.909
-95.909
-16.6601
-16.6601
210.842
210.842
0.900912
0.900912
0.900912
-13.8029
-13.8029
-116.236
-116.236
5.82109
5.82109
1057.26
1057.26
1057.26
974.402
974.402
974.402
404.604
404.604
839.036
839.036
-21.3598
-21.3598
467.916
467.916
-13.076
-13.076
-123.438
-123.438
-12.8437
-12.8437
7.16059
7.16059
-123.617
-123.617
-13.6903
-13.6903
567.729
567.729
567.729
-12.6995
-12.6995
-0.723643
-0.723643
-0.723643
-0.717967
-0.717967
-0.717967
-116.729
-116.729
-109.371
-109.371
838.057
838.057
1.43204
1.43204
1.43204
-12.3464
-12.3464
7.88744
7.88744
-12.4015
-12.4015
582.512
582.512
204.304
204.304
657.354
657.354
-1.91939
-1.91939
545.202
545.202
837.463
837.463
823.086
823.086
562.688
562.688
-46.618
-46.618
848.247
848.247
5.73367
5.73367
-8.41255
-8.41255
10.8274
10.8274
287.941
287.941
1.67267
1.67267
146.511
146.511
5.83511
5.83511
840.218
840.218
82.8182
82.8182
-11.0303
-11.0303
1019.22
1019.22
-4.57663
-4.57663
-18.5667
-18.5667
862.914
862.914
862.914
2.16559
2.16559
2.16559
55.4357
55.4357
-12.1024
-12.1024
96.1653
96.1653
2.51926
2.51926
-11.9618
-11.9618
-49.9901
-49.9901
-5.88757
-5.88757
-92.3397
-92.3397
-11.9632
-11.9632
-7.2971
-7.2971
-14.6088
-14.6088
592.78
592.78
-77.6066
-77.6066
813.969
813.969
9.52687
9.52687
8.24368
8.24368
-13.2601
-13.2601
60.1391
60.1391
-6.88995
-6.88995
616.276
616.276
616.276
840.682
840.682
39.9405
39.9405
-24.5775
-24.5775
-2.29394
-2.29394
-15.6721
-15.6721
-5.4311
-5.4311
9.58053
9.58053
375.64
375.64
10.8212
10.8212
-10.2037
-10.2037
2.65291
2.65291
2.65291
8.57279
8.57279
-110.638
-110.638
431.966
431.966
-31.5126
-31.5126
5.81339
5.81339
7.15674
7.15674
-98.6514
-98.6514
-108.385
-108.385
-18.1204
-18.1204
594.356
594.356
-12.0155
-12.0155
-10.9027
-10.9027
616.916
616.916
3.69586
3.69586
-61.2662
-61.2662
3.32141
3.32141
-47.7635
-47.7635
7.21244
7.21244
-111.219
-111.219
34.4438
34.4438
-85.6111
-85.6111
-11.1239
-11.1239
-13.6834
-13.6834
659.017
659.017
-13.5837
-13.5837
-5.55901
-5.55901
-67.0089
-67.0089
-19.2269
-19.2269
-0.54945
-0.54945
-0.54945
-11.5043
-11.5043
5.62838
5.62838
-11.4149
-11.4149
-86.249
-86.249
-14.7943
-14.7943
-95.4018
-95.4018
831.551
831.551
-107.554
-107.554
832.778
832.778
-95.6015
-95.6015
565.831
565.831
7.58859
7.58859
853.893
853.893
853.893
37.7486
37.7486
26.048
26.048
5.20036
5.20036
5.20036
-14.6935
-14.6935
843.763
843.763
-11.4502
-11.4502
15.5584
15.5584
835.674
835.674
529.305
529.305
554.267
554.267
554.267
829.603
829.603
-18.2119
-18.2119
5.46036
5.46036
-6.64398
-6.64398
830.636
830.636
12.7477
12.7477
12.6296
12.6296
696.761
696.761
-17.2821
-17.2821
465.339
465.339
-15.437
-15.437
-10.0123
-10.0123
13.0873
13.0873
-12.4258
-12.4258
-12.7536
-12.7536
444.494
444.494
8.16656
8.16656
26.1476
26.1476
-21.0145
-21.0145
-9.66624
-9.66624
11.5574
11.5574
-3.02349
-3.02349
832.07
832.07
643.982
643.982
643.982
-89.3065
-89.3065
828.358
828.358
668.028
668.028
668.028
-25.3607
-25.3607
700.941
700.941
700.941
-17.8449
-17.8449
-93.7959
-93.7959
564.765
564.765
564.765
-9.16657
-9.16657
36.1546
36.1546
323.649
323.649
323.649
-11.671
-11.671
16.4424
16.4424
731.167
731.167
188.272
188.272
188.272
116.155
116.155
116.155
-1.15253
-1.15253
-6.5286
-6.5286
-13.3155
-13.3155
-93.7901
-93.7901
-6.929
-6.929
-9.41897
-9.41897
-91.2376
-91.2376
230.324
230.324
921.695
921.695
921.695
901.433
901.433
901.433
77.4066
77.4066
77.4066
-15.8275
-15.8275
20.9117
20.9117
-24.7553
-24.7553
-68.7854
-68.7854
-8.70693
-8.70693
838.817
838.817
-44.9657
-44.9657
-7.86009
-7.86009
-18.7785
-18.7785
-48.4896
-48.4896
750.54
750.54
306.23
306.23
828.2
828.2
60.3923
60.3923
60.3923
-76.484
-76.484
-22.8506
-22.8506
538.79
538.79
538.79
15.6199
15.6199
-7.8521
-7.8521
-12.0136
-12.0136
18.8156
18.8156
-1.26064
-1.26064
670.332
670.332
670.332
708.713
708.713
708.713
20.6237
20.6237
-26.4196
-26.4196
784.252
784.252
784.252
-88.2864
-88.2864
23.5166
23.5166
-8.73823
-8.73823
-4.21373
-4.21373
847.591
847.591
847.591
-56.6568
-56.6568
-56.6568
30.2706
30.2706
30.2706
39.5227
39.5227
231.079
231.079
11.1005
11.1005
-83.2636
-83.2636
-13.9597
-13.9597
-21.2876
-21.2876
-27.1457
-27.1457
21.7645
21.7645
2.96805
2.96805
-55.5325
-55.5325
-6.5903
-6.5903
792.7
792.7
792.7
-17.6665
-17.6665
23.0967
23.0967
-19.5
-19.5
831.163
831.163
12.5951
12.5951
37.36
37.36
37.36
-67.2453
-67.2453
717.256
717.256
667.706
667.706
667.706
829.51
829.51
19.0917
19.0917
-6.20422
-6.20422
-5.99464
-5.99464
-21.3653
-21.3653
38.8628
38.8628
38.8628
-29.9357
-29.9357
842.933
842.933
842.933
566.252
566.252
6.94714
6.94714
-6.97978
-6.97978
-51.1379
-51.1379
-67.4237
-67.4237
8.83078
8.83078
10.8626
10.8626
-12.8414
-12.8414
-70.1786
-70.1786
-4.02332
-4.02332
2.95579
2.95579
2.95579
6.57514
6.57514
6.57514
7.92736
7.92736
779.615
779.615
779.615
8.05976
8.05976
18.1473
18.1473
-4.89005
-4.89005
1.17272
1.17272
-17.1131
-17.1131
-71.2333
-71.2333
-35.1723
-35.1723
-65.9413
-65.9413
833.021
833.021
-31.3567
-31.3567
35.5504
35.5504
35.5504
800.725
800.725
800.725
-4.87696
-4.87696
-70.1023
-70.1023
-70.1023
559.202
559.202
559.202
-12.7605
-12.7605
-16.4087
-16.4087
-24.9274
-24.9274
18.0049
18.0049
18.0049
6.89092
6.89092
39.477
39.477
39.477
35.6575
35.6575
-58.2526
-58.2526
-3.1654
-3.1654
-52.7377
-52.7377
-52.7377
24.7523
24.7523
11.98
11.98
-50.8474
-50.8474
-50.8474
-17.1115
-17.1115
-3.71859
-3.71859
828.174
828.174
828.174
-0.768966
-0.768966
-68.8075
-68.8075
-1.01294
-1.01294
13.2075
13.2075
-24.6963
-24.6963
3.7004
3.7004
896.188
896.188
896.188
758.658
758.658
758.658
-22.4492
-22.4492
832.291
832.291
21.7449
21.7449
20.6733
20.6733
27.0239
27.0239
20.5793
20.5793
-8.40044
-8.40044
-29.5432
-29.5432
-70.1677
-70.1677
-70.1677
27.9262
27.9262
-31.2193
-31.2193
10.6424
10.6424
20.1182
20.1182
9.11317
9.11317
29.634
29.634
835.269
835.269
838.972
838.972
838.972
12.5555
12.5555
10.6569
10.6569
31.5293
31.5293
582.98
582.98
-7.29647
-7.29647
19.6131
19.6131
37.5724
37.5724
37.5724
4.20299
4.20299
-35.5251
-35.5251
21.9872
21.9872
13.3994
13.3994
21.5545
21.5545
48.7089
48.7089
48.7089
12.7754
12.7754
12.0129
12.0129
8.4237
8.4237
-4.84032
-4.84032
16.6334
16.6334
16.6334
22.6251
22.6251
22.6251
-12.4724
-12.4724
32.8835
32.8835
11.1967
11.1967
34.8812
34.8812
30.1746
30.1746
601.175
601.175
18.0071
18.0071
31.8025
31.8025
7.80411
7.80411
831.411
831.411
829.533
829.533
829.533
-40.8214
-40.8214
37.5895
37.5895
36.6981
36.6981
-47.4285
-47.4285
-56.7648
-56.7648
-56.7648
-2.93712
-2.93712
32.2251
32.2251
-16.5586
-16.5586
38.0098
38.0098
-16.2925
-16.2925
40.6384
40.6384
32.737
32.737
45.6636
45.6636
30.2178
30.2178
30.2178
3.09574
3.09574
9.62458
9.62458
-28.3133
-28.3133
27.2245
27.2245
27.2245
38.4731
38.4731
18.4755
18.4755
18.4755
19.4526
19.4526
24.5413
24.5413
24.5413
43.2604
43.2604
12.1597
12.1597
12.1597
26.0262
26.0262
41.4225
41.4225
2.39756
2.39756
-39.8413
-39.8413
33.7918
33.7918
33.7918
79.9453
79.9453
24.4715
24.4715
-21.6225
-21.6225
17.3945
17.3945
-20.8291
-20.8291
-20.8291
0.899546
0.899546
643.743
643.743
643.743
22.9765
22.9765
77.3814
77.3814
77.3814
83.4714
83.4714
41.1566
41.1566
45.7152
45.7152
38.6939
38.6939
38.6939
5.95306
5.95306
5.95306
-13.7634
-13.7634
20.6649
20.6649
2.40127
2.40127
47.6486
47.6486
13.482
13.482
13.482
76.5185
76.5185
76.5185
47.0264
47.0264
32.873
32.873
44.6738
44.6738
9.00909
9.00909
45.8443
45.8443
45.8443
187.112
187.112
187.112
209.264
209.264
70.2928
70.2928
42.4812
42.4812
45.7008
45.7008
6.78226
6.78226
-1.82988
-1.82988
44.0692
44.0692
3.17361
3.17361
49.0222
49.0222
49.0222
49.1313
49.1313
15.1288
15.1288
8.95155
8.95155
8.95155
38.1706
38.1706
43.1847
43.1847
43.1847
44.3515
44.3515
47.8863
47.8863
43.5677
43.5677
831.846
831.846
831.846
832.91
832.91
46.9597
46.9597
46.9597
46.9597
833.199
833.199
833.199
833.199
46.8099
46.8099
834.534
834.534
834.534
34.4515
34.4515
34.4515
29.6853
29.6853
8.80481
8.80481
8.80481
41.6309
41.6309
75.7411
75.7411
75.7411
-5.38646
-5.38646
-5.38646
36.9557
36.9557
35.3908
35.3908
35.3908
18.5229
18.5229
18.5229
11.6083
11.6083
33.0585
33.0585
33.6047
33.6047
33.6047
-28.8456
-28.8456
-28.8456
33.2761
33.2761
33.2761
30.5531
30.5531
38.4961
38.4961
38.4961
39.0746
39.0746
45.6766
45.6766
45.6766
395.777
395.777
395.777
386.472
386.472
386.472
217.282
217.282
182.895
182.895
182.895
73.8989
73.8989
73.8989
84.8821
84.8821
34.9286
34.9286
34.9286
47.708
47.708
-2.95238
-2.95238
36.0053
36.0053
24.5529
24.5529
28.1036
28.1036
681.933
681.933
741.759
741.759
741.759
819.502
819.502
755.756
755.756
830.88
830.88
800.609
800.609
800.609
747.627
747.627
-5.9541
-5.9541
175.149
175.149
755.014
755.014
785.171
785.171
1013.39
1013.39
-3.15056
-3.15056
828.082
828.082
542.099
542.099
542.099
816.695
816.695
816.695
849.214
849.214
849.214
-5.65213
-5.65213
1009.39
1009.39
760.453
760.453
-7.55974
-7.55974
861.182
861.182
861.182
846.375
846.375
-7.35614
-7.35614
819.41
819.41
529.153
529.153
529.153
418.044
418.044
418.044
905.856
905.856
905.856
953.282
953.282
953.282
860.427
860.427
860.427
972.333
972.333
972.333
913.707
913.707
913.707
937.226
937.226
937.226
203.669
203.669
843.634
843.634
846.5
846.5
1122.51
1122.51
1122.51
1135.6
1135.6
1135.6
1130.58
1130.58
1130.58
852.201
852.201
-7.89111
-7.89111
-5.34012
-5.34012
1004.29
1004.29
1004.29
778.685
778.685
778.685
801.427
801.427
801.427
843.605
843.605
832.747
832.747
861.096
861.096
501.324
501.324
-2.98058
-2.98058
1141.47
1141.47
1013.97
1013.97
1022.49
1022.49
1037.25
1037.25
1037.25
901.097
901.097
959.896
959.896
884.863
884.863
924.057
924.057
977.29
977.29
941.695
941.695
1022.61
1022.61
1022.61
1025.79
1025.79
1025.79
819.934
819.934
-7.95266
-7.95266
1131.59
1131.59
-3.21523
-3.21523
995.747
995.747
1131.48
1131.48
791.156
791.156
1132.64
1132.64
954.008
954.008
1033.05
1033.05
-7.78084
-7.78084
1086.47
1086.47
985.156
985.156
492.538
492.538
1136.15
1136.15
1136.15
1005.61
1005.61
1123.69
1123.69
902.287
902.287
1026.01
1026.01
-5.88583
-5.88583
897.156
897.156
-7.73617
-7.73617
546.06
546.06
546.06
997.656
997.656
-8.06195
-8.06195
1108.01
1108.01
856.612
856.612
1005.87
1005.87
1005.87
538.927
538.927
-7.57119
-7.57119
-9.32017
-9.32017
997.485
997.485
957.351
957.351
1020.03
1020.03
1020.03
-7.70008
-7.70008
-5.74392
-5.74392
980.767
980.767
-6.7774
-6.7774
-7.29216
-7.29216
1020.11
1020.11
-6.98835
-6.98835
-7.19984
-7.19984
508.587
508.587
-6.11703
-6.11703
526.757
526.757
781.76
781.76
1132.03
1132.03
998.825
998.825
998.825
-6.23077
-6.23077
1012.53
1012.53
999.412
999.412
999.412
-8.22432
-8.22432
)
;
    }
}


// ************************************************************************* //
