/*--------------------------------*- C++ -*----------------------------------*\
  =========                 |
  \\      /  F ield         | OpenFOAM: The Open Source CFD Toolbox
   \\    /   O peration     | Website:  https://openfoam.org
    \\  /    A nd           | Version:  8
     \\/     M anipulation  |
\*---------------------------------------------------------------------------*/
FoamFile
{
    version     2.0;
    format      ascii;
    class       volScalarField;
    location    "0.8";
    object      nut;
}
// * * * * * * * * * * * * * * * * * * * * * * * * * * * * * * * * * * * * * //

dimensions      [0 2 -1 0 0 0 0];

internalField   nonuniform List<scalar> 
1924
(
0.00160766
0.00196135
0.00253439
0.00254618
0.00189503
0.00255648
0.00253771
0.00254609
0.00250232
0.00252782
0.0025099
0.00247423
0.00182164
0.00248886
0.00255359
0.00256793
0.00187234
0.00246324
0.00152193
0.00247653
0.00148779
0.0020607
0.00187613
0.00246041
0.00205683
0.00201418
0.00202154
0.00244741
0.00216085
0.00248606
0.00191021
0.00204566
0.00144569
0.00188073
0.00244785
0.00191053
0.00200487
0.00232233
0.00246614
0.00191042
0.00199125
0.00157059
0.00202035
0.00181361
0.00248552
0.00194489
0.00171378
0.00252969
0.00106526
0.00121727
0.00148875
0.00176723
0.00206477
0.00136638
0.00170532
0.00252587
0.00151822
0.00249229
0.00245983
0.00220839
0.00175407
0.00258443
0.00169711
0.00252996
0.00133114
0.00253612
0.00251713
0.00197201
0.00214137
0.0015396
0.0016642
0.0025826
0.00250748
0.0024574
0.00243493
0.0018068
0.00251059
0.00242485
0.00253119
0.00164847
0.00227381
0.00210313
0.00248203
0.00155609
0.0014435
0.00199135
0.00246856
0.00255461
0.00108539
0.00167283
0.00253087
0.00208057
0.00176964
0.00190448
0.00172895
0.0012078
0.00251821
0.00230241
0.00222842
0.00179538
0.0024999
0.00173495
0.00225174
0.00215638
0.00190426
0.00238449
0.00242132
0.00184093
0.00217944
0.00196882
0.00250224
0.00224515
0.00234374
0.0025277
0.00250387
0.00146483
0.00253751
0.00254716
0.00206019
0.00248706
0.00129913
0.000381607
0.00132395
0.00152302
0.00256201
0.00202594
0.00184333
0.00240857
0.00222813
0.000441044
0.00246669
0.0025002
0.000186125
0.00253511
0.00178688
0.00213398
0.0023884
0.00237995
0.00247243
0.0024395
0.00252835
0.00259549
0.000130036
0.000103805
0.00255054
0.00142321
0.00184927
0.0018071
0.00215582
0.00204225
0.00244947
0.000188886
0.0018585
0.00251942
0.0025636
0.00201349
0.00038525
0.00247251
0.00246064
0.000273766
0.00252282
0.00179001
0.00255537
0.000385564
0.00229698
0.00213054
0.002196
0.000288499
0.00246537
0.00226726
0.0016984
0.00256862
0.00235962
0.00214861
0.00253536
0.00193838
0.00251287
0.000361944
0.00183006
0.00256583
0.00199198
0.00252801
0.00244994
0.00219039
0.000983693
0.00221633
0.00187265
0.00209572
0.00245275
0.00249873
0.00186897
0.00255434
0.00243186
0.0025756
0.00234807
0.000192064
0.00220157
0.00196119
0.00191979
0.00197929
0.000252718
0.00218668
0.00230617
0.00255536
0.00177702
0.00197212
0.00258118
0.001894
0.00184859
0.000134252
0.00039408
0.00241616
0.00249782
0.00234352
0.00207548
0.00240946
0.00212429
0.00190924
0.00256426
0.00239114
0.00193601
0.00248741
0.00230494
0.00250838
0.00252132
0.00218195
0.00242549
0.0023117
0.00244922
0.00199302
0.000247607
0.00239449
0.00193756
0.000344011
0.00228539
0.000206897
0.00248393
0.00257185
0.00245602
0.000195668
0.00246557
0.00196017
0.0024697
0.0019086
0.000385801
0.00185332
0.00253166
0.00253144
0.00243549
0.00233588
0.002276
0.000345835
0.00244677
0.00241738
0.00243604
0.0025113
0.0020558
0.00199737
0.00191432
0.00254315
0.00208339
0.00245562
0.00213832
0.00242463
0.00204611
0.00241503
0.00152759
0.00234836
0.00177808
0.000305402
0.00200683
0.00244536
0.00174591
0.00195968
0.00237813
0.00226025
0.00250489
0.00226835
0.00251222
0.00196874
0.000272584
0.000140723
0.0024815
0.00250966
0.00130421
0.00247058
0.00239211
0.000360685
0.00255333
0.0019631
0.00253285
0.00244863
0.00234671
0.0024848
0.00126205
0.0022964
0.00252751
0.00193331
0.00237019
0.00249839
0.000209084
0.00251536
0.0024255
0.00210325
0.00251739
0.0019937
0.00157148
0.00241673
0.0020144
0.00250652
0.00189
0.0019684
0.00250819
0.00208169
0.00241001
0.00168555
0.00207137
0.00253435
0.0025341
0.00223003
0.00242824
0.00201643
0.00256162
0.00242457
0.00204866
0.00226803
0.00200149
0.00195606
0.002536
0.00239434
0.00198749
0.00249508
0.00208388
0.00249692
0.0023824
0.00233085
0.00228761
0.00257014
0.00254373
0.00256589
0.00228503
0.00251392
0.00207151
0.00195303
0.00252623
0.00256823
0.000227582
0.0025419
0.0019409
0.00197272
0.00203418
0.000346143
0.000524348
0.00245204
0.00189928
0.00230328
0.000975069
0.00254566
0.00203231
0.0012184
0.00238248
0.00249411
0.00243335
0.00235311
0.00203858
0.00258321
0.00207757
0.00204038
0.00254323
0.00257242
0.0023445
0.00221915
0.00201001
0.00244373
0.00206916
0.000310124
0.00250698
0.00254166
0.00205695
0.00252757
0.00252617
0.00232661
0.00198464
0.00234526
0.00200939
0.00232537
0.00239824
0.00234849
0.00206409
0.00258805
0.00048045
0.00208042
0.00206851
0.00247108
0.00258759
0.000116752
0.00204823
0.00206517
0.0023637
0.00254151
0.0014951
0.00234678
0.00196906
0.00182003
8.64078e-05
0.00226407
0.0022749
0.0024483
0.00202848
0.00204339
0.00236464
0.00208229
0.002539
0.00258319
0.0025622
0.00208488
0.00224928
0.00245739
0.00202802
0.00251689
0.00244438
0.00204732
0.00226268
0.00192284
0.00204281
0.00238909
0.00238703
0.00245617
0.00207368
0.00212061
0.00226532
0.0022531
0.00213257
0.00207792
0.00259048
0.00208579
0.0023693
0.00141793
0.00259023
0.00204964
0.00201997
0.00205406
0.00233553
0.00184917
0.00246677
0.000178309
0.00239093
0.00236541
0.00204856
0.00231998
0.00251861
0.0020755
0.002421
0.00237266
0.00204516
0.00214467
0.00230023
0.00249047
0.00206576
0.00249371
0.00226293
0.00206547
0.00174486
0.0020329
0.00198453
0.00230377
0.00239057
0.00256214
0.00257244
0.00253851
0.00203376
0.00207712
0.0024091
0.00228438
0.00206285
0.0022835
0.00249291
0.0025503
0.00244682
0.00248858
0.00236588
0.00259083
0.00220828
0.00236825
0.00206768
0.0020364
0.00206905
0.00230533
0.00211606
0.00236011
0.0015262
0.00210134
0.00207748
0.00252343
0.00239129
0.00225396
0.00241642
0.00223815
0.0020505
0.0024174
0.00238164
0.00250084
0.00204545
0.00205519
0.00193225
0.00207841
0.00243454
0.00203026
0.0020652
0.00232735
0.00231098
0.00224665
0.00222649
0.00241291
0.00226871
0.00224623
0.00205967
0.00212517
0.0025804
0.00246292
0.00205646
0.00244738
0.00223889
0.00231722
0.00246844
0.0022086
0.00238227
0.00175234
0.0020267
0.00257244
0.00201505
0.00255331
0.00206533
0.00194757
0.00199754
0.00230324
0.00259435
0.00206716
0.00181097
0.00204232
0.00206149
0.00245711
0.00162801
0.00233065
0.00226742
0.00208087
0.00244537
0.00253903
0.00237275
0.00234654
0.00206094
0.00218102
0.00246423
0.00206891
0.00203457
0.00197794
0.00178427
0.0014626
0.00222517
0.00248201
0.00204895
0.00202939
0.0018323
0.00217546
0.00204763
0.00203293
0.0022493
0.00247849
0.00242607
0.00205637
0.00225973
0.00209723
0.00202501
0.00219727
0.00236025
0.00220789
0.00183781
0.00194927
0.00231929
0.00203739
0.00205691
0.0023687
0.00256934
0.00217531
0.00132472
0.00169536
0.00236045
0.00190546
0.00223378
0.0025065
0.00202802
0.00205367
0.000335232
0.00139869
0.00154846
0.00231661
0.00218838
0.00236291
0.00228312
0.00198778
0.00123724
0.00237253
0.00257121
0.00252667
0.0020523
0.00256123
0.00218624
0.0022734
0.00204269
0.00191368
0.00203465
0.00243425
0.00185987
0.00233495
0.00205753
0.00235103
0.00246202
0.00201139
0.00130124
0.00247258
0.00227822
0.00223404
0.00248453
0.00204836
0.00259437
0.00239681
0.00176242
0.00231826
0.00224389
0.00191375
0.00237967
0.00204808
0.00233522
0.00194146
0.00205566
0.00126391
0.00203769
0.00195684
0.00206542
0.002274
0.00212469
0.00214965
0.0020496
0.00202292
0.00207113
0.00238146
0.00205137
0.00226965
0.00207953
0.00206536
0.00202135
0.0021401
0.00247746
0.0024984
0.00178929
0.00215163
0.00198594
0.00229641
0.00202516
0.00197819
0.00205589
0.00164282
0.00237089
0.00223728
0.00213744
0.00251688
0.0020392
0.00234222
0.00203991
0.00204635
0.00205347
0.00224184
0.00156827
0.00232338
0.00238891
0.00223464
0.00257887
0.0023521
0.00148099
0.00182766
0.00228493
0.00228957
0.00227327
0.00222448
0.00204185
0.00259791
0.00215542
0.00150052
0.00226086
0.0016971
0.00253278
0.00256849
0.00244434
0.00203262
0.00200086
0.00231439
0.00184923
0.00233715
0.00205139
0.00204779
0.0022241
0.00194067
0.00204518
0.0019545
0.00137237
0.00205435
0.00210716
0.00202895
0.00226321
0.00204233
0.00202458
0.00151954
0.00211152
0.0015045
0.00203058
0.00222301
0.00212369
0.00197789
0.00232339
0.00118596
0.00235251
0.00226178
0.00225987
0.00177375
0.00235336
0.000247793
0.000162624
0.00130977
0.00201555
0.00224059
0.0021179
0.00192836
0.00235482
0.0020524
0.00220388
0.00203415
0.00214165
0.00206801
0.00225222
0.00195342
0.00138082
0.00212308
0.00223276
0.000246832
0.00245432
0.000391331
0.0020437
0.00179575
0.00203837
0.00223844
0.00203943
0.00206235
0.00257695
0.00238516
0.00238627
0.00249145
0.00247255
0.00132946
0.00149934
0.00222301
0.00243662
0.00211677
0.00215829
0.00221683
0.00204169
0.00184703
0.00202988
0.00204945
0.00166889
0.00204042
0.00225996
0.00203662
0.00223355
0.00210194
0.00197035
0.00222527
0.0020434
0.00203089
0.00170348
0.00209021
0.00192744
0.00230828
0.00259986
0.00183875
0.00248713
0.00241466
0.00231358
0.0020521
0.00225422
0.00244441
0.00187515
0.00200177
0.00224657
0.00210324
0.00205474
0.00221966
0.00222823
0.00116213
0.00205999
0.00201964
0.00168237
0.00203305
0.00203496
0.00249713
0.00227662
0.00226696
0.0025282
0.00223363
0.00210962
0.00204763
0.00240013
0.00222441
0.00233836
0.000269721
0.00203353
0.00178846
0.00220264
0.00149495
0.0020359
0.00207483
0.00196142
0.00250968
0.00222433
0.00154486
0.00212025
0.0022271
0.00205548
0.00215437
0.00210564
0.00184156
0.00222876
0.00225142
0.00204366
0.00203585
0.00204428
0.00203471
0.00232907
0.00212891
0.00221372
8.08767e-05
0.0024236
0.000303121
0.00204383
0.00203272
0.00100018
0.0019928
0.00204801
0.00205114
0.002182
0.00201797
0.00258539
0.00210643
0.00170556
0.00229762
0.00223169
0.00208307
0.00197465
0.00205055
0.00138862
0.00239178
0.00213888
0.00222705
0.0020886
0.00245002
0.00193791
0.00209328
0.00141116
0.00203376
0.00174664
0.001881
0.00221444
0.00203157
0.00192251
0.00259811
0.00205552
0.00246389
0.00226604
0.0019155
0.000224563
0.00206107
0.00252168
0.00204074
0.00217609
0.00242731
0.00205004
0.00203876
0.00208866
0.00243899
0.00210141
0.00211335
0.0020652
0.00223343
0.000238362
0.00214519
0.00219694
0.00219533
0.00219229
0.00217288
0.00194871
0.00218675
0.00184754
0.00240771
0.00204848
0.00134913
0.0020354
0.00204237
0.00218739
0.00156373
0.00204175
0.00218973
0.00204009
0.00248794
0.00219748
8.58696e-05
0.00137922
0.00209521
0.0016205
0.00203546
0.00205409
0.00238037
0.00239709
0.00219695
0.00206204
0.00153932
0.00220264
0.00188097
0.00224315
0.0024994
0.00258322
0.00204815
0.00206167
0.00216167
0.00203746
0.00201622
0.00207164
0.00196765
0.00211047
0.00204158
0.00205406
0.00208608
0.00236528
0.000126808
0.00220497
0.0012873
0.00032267
0.00207045
0.00207113
0.00207009
0.00176658
0.00215413
0.00196263
0.00204151
0.000227571
0.00204973
0.00210728
0.000121221
0.00193252
0.000136898
0.00182413
0.00213216
0.00170149
0.00222002
0.00205398
0.00252412
0.00144314
0.00206847
0.00214451
0.00205453
0.00203967
0.00150121
0.00234793
0.00205853
0.00238743
0.00203932
0.00216293
0.00251313
0.00202581
0.00204001
0.00209194
0.00185724
0.00215513
0.00204255
0.00193818
0.00206227
0.00203864
0.00208035
0.00206772
0.0021188
0.00252732
0.00203484
0.00207614
0.00205583
0.00222767
0.00207024
0.00205279
0.00237443
0.00200065
0.00210105
0.00209745
0.00189913
0.00204332
0.00165309
0.00197571
0.00210799
0.00205592
0.00198503
0.00213592
0.00241067
0.00216838
0.00184376
0.00208152
0.00170757
0.00212914
0.00204604
0.00217066
0.00218092
0.00204938
0.00204339
0.00205782
0.00205668
0.00216414
0.00212948
0.00216379
0.000129339
0.0023579
0.00233047
0.00204044
0.00206141
0.00206254
0.00253116
0.00252032
0.00147721
0.00194144
0.00218553
0.00208713
0.00143108
0.00147849
0.00206796
0.00244175
0.00232163
0.00206902
0.00191356
0.00214039
0.00253846
0.00207178
0.00212437
0.00204131
0.00221016
0.00203782
0.00203846
0.00203375
0.00207947
0.00213964
0.00184477
0.00208507
0.00228784
0.0025072
0.00204596
0.00213902
0.00204635
0.00205173
0.00203179
0.0019158
0.00205791
0.00252976
0.00188668
0.00234024
0.00212881
0.00206197
0.00221611
0.00155282
0.00212341
0.00162107
0.00209163
0.00205709
0.00203403
0.00202576
0.000339609
0.00209225
0.00205845
0.00207622
0.000639212
0.00201552
0.00206349
0.00115716
0.00186846
0.00204001
0.00231633
0.00202764
0.00212334
0.0020141
0.00207267
0.00208214
0.000633497
0.000644529
0.00209226
0.00201419
0.00212948
0.00230741
0.00201328
0.00174824
0.00205721
0.00208434
0.00194373
0.000628713
0.00204055
0.0011348
0.00188509
0.00203172
0.00207299
0.00204619
0.00179858
0.00205875
0.000116729
0.000121361
0.00251666
0.00190346
0.00209882
0.00215228
0.00205468
0.00206517
0.00202828
0.001873
0.00210137
0.00215313
0.00216378
0.00187403
0.0020025
0.00205333
0.000627645
0.00232592
0.00208353
0.00204324
0.00212006
0.00205807
0.0020495
0.0020831
0.0021676
0.00220226
0.00157235
0.00206613
0.00209369
0.000138673
0.00151886
0.00184025
0.00209692
0.000621361
0.0021038
0.00207685
0.000649429
0.000197942
0.00200063
0.00220827
0.00212016
0.00207226
0.00212872
0.00214084
0.00188384
0.00202335
0.00175429
0.00199962
0.00201596
0.000150412
0.000618708
0.00210659
0.000265063
0.00165763
0.0019975
0.00230726
0.00208937
0.00213938
0.00201659
0.00189847
0.0017032
0.00253243
0.00207143
0.00199048
0.00221476
0.00250849
0.00205732
0.0020405
0.00184222
0.00210537
0.001973
0.00199661
0.00203195
0.000359927
0.00210819
0.00203503
0.00206506
0.000616046
0.00203545
0.0020438
0.00234998
0.000654275
0.00208321
0.00143829
0.00208419
0.00203529
0.00180264
0.0020243
0.00212214
0.00199088
0.00201746
0.00200469
0.00204061
0.00211609
0.00150297
0.00231526
0.00207401
0.00204742
0.0021332
0.00181276
0.00210209
0.00191127
0.00152396
0.00209531
0.00210248
0.00215509
8.90358e-05
0.000102096
0.00202049
0.00211808
0.00205622
0.00165044
0.00212056
0.00184465
0.00178978
0.00118281
0.000613426
0.00215789
0.00211921
0.00201223
0.00214354
0.00207918
0.00207423
0.00209002
0.00199568
0.00202493
0.00200266
0.00213353
0.00207222
0.00200886
0.00162503
0.00158724
0.00211038
0.00206804
0.00198485
0.00202008
0.000130264
0.00198983
0.00202426
0.00207308
0.00202641
0.00208953
0.000653936
0.00219989
0.00143167
0.000370298
0.00198585
0.00207937
0.00203205
0.000154648
0.00142
0.00211442
0.00175799
0.00182228
0.00204014
0.0019783
0.00214253
0.00206223
0.00220549
0.00171409
0.00175214
0.00231683
0.00212434
0.00210755
0.002079
0.00189406
0.00175134
0.00110763
0.00210317
0.00213588
0.000366823
0.00207977
0.000611002
0.00203828
0.00210937
0.00200998
0.00212848
0.00217204
0.00205149
0.00210095
0.00144958
0.00202642
0.00175691
0.00212508
0.00210371
0.00199434
0.00207982
0.000321294
0.00202557
0.00212978
0.00142131
0.00212962
0.00220506
0.002322
0.00212278
0.000318646
0.001916
0.00212927
0.00239946
0.000315701
0.00114094
0.00212442
0.00215436
0.00249228
0.00170038
0.00216251
0.00202773
0.000217857
0.00213518
0.00222645
0.0021987
0.00206481
0.00198538
0.000323858
0.00215371
0.00215156
0.0017264
0.00211039
0.0021278
0.00179155
0.00198517
0.00200693
0.00182547
0.00219993
0.00181276
0.00212108
0.000313729
0.000312189
0.00154656
0.00188149
0.00226934
0.000155
0.00200584
0.00222244
0.000271152
0.00215119
0.00209181
0.00213185
0.0021388
0.000197583
0.000310349
0.00227404
0.00214505
0.000609148
9.31358e-05
0.000107769
0.00163292
0.00147496
0.00227495
0.00160301
0.00212512
0.00212613
0.00207117
0.0022425
0.00211981
0.00202838
0.000135583
0.00199528
0.00032692
0.000326193
0.00211648
0.00214181
0.00140357
0.000308976
0.0020561
0.00165781
0.00213405
0.000452263
0.00167074
0.000452602
0.00210363
0.000360188
0.00146942
0.00131998
0.000452897
0.00213886
0.000304482
0.00224044
0.00213989
0.000608121
0.000451211
0.00227788
0.000451383
0.00220642
0.000198736
0.000450171
0.00207764
0.0012462
0.0022746
0.00226333
0.000190365
0.00030762
0.000451471
0.00201521
0.00172865
0.00215531
0.00202865
0.00225162
0.00213445
0.0022234
0.00208886
0.00207212
0.00200091
0.000437464
0.00223546
0.00142788
0.00224505
0.00220186
0.00199059
0.00175176
0.00193817
0.000169128
0.00138473
0.000459323
0.00213821
0.00214294
0.00202183
0.00209361
0.00225348
0.00163936
0.00227472
0.00213959
0.000306389
0.00220949
0.00216826
0.00163436
0.000567004
0.00232382
0.0022784
0.00221961
0.00216157
0.00207321
0.000412446
0.00200933
0.00211733
0.000391954
0.00222972
0.00213886
0.000608702
0.00226111
0.00215467
0.00213904
0.000467868
0.00223346
0.00204793
0.00213136
0.000377728
0.00200215
0.00208285
0.00224749
0.00211545
0.00031986
0.00201887
0.00232878
0.00206181
0.00213795
0.00201448
0.00222501
0.00139389
0.00214631
0.00130809
0.00213457
0.00162694
0.00224623
0.000132335
0.000567397
0.000567244
0.000305207
0.00214867
0.000305879
0.00201773
0.00226564
0.00130773
0.000344837
0.000174767
0.00122269
0.00205629
0.00215232
0.00214282
0.00136474
0.00221269
0.00220304
0.00036665
0.00219423
0.00158681
0.00204088
0.00204063
0.00226824
0.0020214
0.00214488
0.00162085
0.00232698
0.000476716
0.00209046
0.00205213
0.00233286
0.00210306
0.00125495
0.000201523
0.00222583
0.000281502
0.000210375
0.00216053
0.000214114
0.00206891
0.00219521
0.000216162
0.00221832
0.00057104
0.000217067
0.00204095
0.00231933
0.000361839
0.000218289
0.000218481
0.00211991
0.00208225
0.00206325
0.00218677
0.00210075
0.00204266
0.00222538
0.00167021
9.24762e-05
9.33908e-05
0.000221349
0.00215224
0.00225657
0.00213484
0.000572021
0.002046
0.000288881
0.000568605
0.00208691
0.00211509
0.00057053
0.000363399
0.00170145
0.00120899
0.000225709
0.000573804
0.00218481
0.00017171
0.00233185
0.00205622
0.00210277
0.00221639
0.00210296
0.0001926
0.000185854
0.00225891
0.00215662
0.000181075
0.00216247
0.000466866
0.00206953
0.00208689
0.000127961
0.000282878
0.000283196
0.000575036
0.00171128
0.00233686
0.00216849
0.00212869
0.00213998
0.00214649
0.00231133
0.00214764
0.00215403
0.00207545
0.000177798
0.002161
0.00230107
0.0021533
0.000354421
0.00215858
0.000230187
0.0021562
0.00157586
0.000176233
0.000253609
0.00221059
0.00208677
0.00209706
0.002195
0.000284443
0.00220163
0.000119734
0.000336852
0.000605497
0.00211859
0.00218904
0.00222331
0.00213441
0.00215785
0.00217232
0.000576161
0.00215487
0.000304776
0.000303785
0.00233303
0.000175994
0.00223744
0.000603007
0.00208092
0.00214721
0.00211812
0.00221374
0.00221602
0.00224019
0.00118234
0.00216935
0.000232852
0.000176062
0.00207941
0.000286458
0.000165619
0.00219883
0.00218806
0.00220206
0.000283674
0.00211436
0.000286338
0.000576927
0.00219112
0.00214953
0.000284589
0.000598838
0.00214752
0.00028553
0.00214431
0.00215246
0.000112632
0.00209469
0.00223507
0.00211093
0.000603532
0.00213656
0.00216987
0.000171216
0.000166878
0.00221161
0.00115389
0.00224775
0.00219538
0.00222781
0.00216874
0.00216561
0.00221033
0.000287559
0.00222521
0.00224342
0.00213103
0.00217238
0.00210066
0.00230994
0.000266666
0.000109391
0.00214646
0.00216063
0.00230597
0.00156391
0.00195935
0.000569335
0.000288467
0.00225551
0.0022597
0.000565331
0.00221534
0.000467892
0.00022972
0.00215432
0.00211727
0.00211233
0.00215101
0.000301692
0.00030082
0.00210159
0.000595908
0.000570161
0.000560502
0.00214214
0.00159365
0.00210981
0.00225739
0.00215937
0.000239616
0.000100518
0.00223925
0.00215058
0.00224309
0.000579279
0.000288971
0.00225796
0.00219381
0.00222783
0.00224423
0.00214014
0.00229682
0.00220934
0.00055657
0.000298707
0.0021551
0.000604319
0.00212142
0.000284306
0.00230516
0.000285014
0.000574103
0.000287968
0.0022521
0.000302034
0.00226941
0.000593887
0.00213665
0.0022514
0.000281693
0.000554118
0.00213092
0.000497499
0.000510606
0.000248317
0.00227963
0.000161941
0.00229581
0.000279346
0.00214118
0.00226952
0.00229941
0.000297517
0.000292777
0.000583048
0.000587225
0.000571519
0.000592303
0.000285543
0.000277746
0.00229537
0.00230791
0.00227038
0.00215454
0.000296532
0.000276531
0.000551516
0.00213508
0.00231194
0.00230906
0.00216159
0.00227106
0.00227563
0.00215359
0.000295306
0.000592107
0.00213762
0.000302587
0.000594771
0.000296879
0.000593518
0.00230659
0.00230949
8.87725e-05
0.000184552
0.000214006
7.24079e-05
0.000586546
0.000102822
0.000262695
0.000538546
0.000286462
0.000524504
0.000255209
0.000241235
0.000546117
0.000269659
0.000233575
0.000483098
0.000594226
0.000297682
0.000290733
0.000297622
0.000595281
0.000296738
0.000591266
0.000295069
0.000274635
0.000275071
0.000550546
0.000275093
0.000273567
0.000548808
0.000294913
0.00230483
0.00246021
0.00231092
0.00228875
0.00230294
0.000332896
0.000158848
0.00154321
0.00139484
0.00147629
0.000151679
0.00152226
0.0020804
0.00113266
0.001537
0.000329129
0.000223147
0.00245383
0.00153173
0.000116507
0.000143204
0.000119054
0.00208199
0.000974614
0.00158123
0.00207402
0.000123096
0.00134957
0.00198079
0.00157399
0.000105029
0.000102939
0.000105889
8.96889e-05
0.000134029
8.85061e-05
9.61712e-05
9.28361e-05
0.00174105
0.000287255
0.00149781
7.98265e-05
6.25245e-05
6.53198e-05
0.000303842
0.00199313
0.00208097
8.84016e-05
7.1577e-05
6.93297e-05
0.00152989
0.0015602
0.000221202
0.00141495
0.00243789
0.00118548
0.000964522
0.000223079
8.74272e-05
0.000303586
0.000194366
0.000320834
0.000205587
0.000201933
0.000198762
6.24113e-05
6.49682e-05
0.00168599
0.00200573
0.00102405
0.0024205
0.000116469
0.000177284
0.000165458
0.0009934
0.00129533
0.000190019
0.00202407
0.00101953
0.0014209
0.00135065
8.07178e-05
0.00127661
0.00108738
0.00110755
0.000190451
0.00229307
0.00121368
0.00203407
0.000120341
0.00103556
0.00242161
0.00100417
0.000159396
8.10606e-05
0.00151003
0.00204345
0.00246363
0.000944884
0.00108682
7.50645e-05
0.00205674
0.00231004
0.00111911
0.00232259
0.00205372
0.000200051
0.00206727
0.00234937
0.00133541
0.00207628
0.00135323
0.00122031
0.00116133
5.34508e-05
0.00206565
0.000173908
7.76155e-05
0.00244017
)
;

boundaryField
{
    patch0
    {
        type            nutkWallFunction;
        Cmu             0.09;
        kappa           0.41;
        E               9.8;
        value           nonuniform List<scalar> 
4010
(
0.000151714
0.000151714
0.000223763
0.000223763
0.000287758
0.000287758
0.000289526
0.000289526
0.000217411
0.000217411
0.000290507
0.000290507
0.00028821
0.00028821
0.000283728
0.000283728
0.000279603
0.000279603
0.000286831
0.000286831
0.000282024
0.000282024
0.000283627
0.000283627
0.000206585
0.000206585
0.000285014
0.000285014
0.000284723
0.000284723
0.000286965
0.000286965
0.000204845
0.000204845
0.000282564
0.000282564
0.00014419
0.00014419
0.000283764
0.000283764
0.000143511
0.000143511
0.000239231
0.000239231
0.00021026
0.00021026
0.00028205
0.00028205
0.000238955
0.000238955
0.000224659
0.000224659
0.000220811
0.000220811
0.000251991
0.000251991
0.000247935
0.000247935
0.000283911
0.000283911
0.000222414
0.000222414
0.000234918
0.000234918
0.000137965
0.000137965
0.000202293
0.000202293
0.0002644
0.0002644
0.000190649
0.000190649
0.000219441
0.000219441
0.000254549
0.000254549
0.000279278
0.000279278
0.000222465
0.000222465
0.000217961
0.000217961
0.000159268
0.000159268
0.000225251
0.000225251
0.000184038
0.000184038
0.000283525
0.000283525
0.000221223
0.000221223
0.000170497
0.000170497
0.000288272
0.000288272
0.000104029
0.000104029
0.000117326
0.000117326
0.000140848
0.000140848
0.000205134
0.000205134
0.000239461
0.000239461
0.00013027
0.00013027
0.000199837
0.000199837
0.000286722
0.000286722
0.00014417
0.00014417
0.000283861
0.000283861
0.000279846
0.000279846
0.000241421
0.000241421
0.000176011
0.000176011
0.0002875
0.0002875
0.000177434
0.000177434
0.000288782
0.000288782
0.000127245
0.000127245
0.000288605
0.000288605
0.000277052
0.000277052
0.000222266
0.000222266
0.000245819
0.000245819
0.000145456
0.000145456
0.00017164
0.00017164
0.000282579
0.000282579
0.000286372
0.000286372
0.000270872
0.000270872
0.000266421
0.000266421
0.000208073
0.000208073
0.000285061
0.000285061
0.000265587
0.000265587
0.000288679
0.000288679
0.000172794
0.000172794
0.000263237
0.000263237
0.000230314
0.000230314
0.000282905
0.000282905
0.000182341
0.000182341
0.000137334
0.000137334
0.000209805
0.000209805
0.000281089
0.000281089
0.000285626
0.000285626
0.000105787
0.000105787
0.00017673
0.00017673
0.000283926
0.000283926
0.00022635
0.00022635
0.000206764
0.000206764
0.000211001
0.000211001
0.000201171
0.000201171
0.000116676
0.000116676
0.000286628
0.000286628
0.000265097
0.000265097
0.000247598
0.000247598
0.000206714
0.000206714
0.000283784
0.000283784
0.000201709
0.000201709
0.000254661
0.000254661
0.000236401
0.000236401
0.000220286
0.000220286
0.000272334
0.000272334
0.000267295
0.000267295
0.000214292
0.000214292
0.000239287
0.000239287
0.000213675
0.000213675
0.000280592
0.000280592
0.000245991
0.000245991
0.000248752
0.000248752
0.000288199
0.000288199
0.000285255
0.000285255
0.000172306
0.000172306
0.000288107
0.000288107
0.000284256
0.000284256
0.000207474
0.000207474
0.000272655
0.000272655
0.000124831
0.000124831
4.09078e-05
4.09078e-05
0.000126681
0.000126681
0.000163164
0.000163164
0.000287017
0.000287017
0.000227841
0.000227841
0.00020121
0.00020121
0.000266739
0.000266739
0.000238441
0.000238441
4.66668e-05
4.66668e-05
0.00027695
0.00027695
0.000283991
0.000283991
2.20304e-05
2.20304e-05
0.000288862
0.000288862
0.000207396
0.000207396
0.000230404
0.000230404
0.000256174
0.000256174
0.000255509
0.000255509
0.000283204
0.000283204
0.00025871
0.00025871
0.000287636
0.000287636
0.000291417
0.000291417
1.57382e-05
1.57382e-05
1.57382e-05
1.22285e-05
1.22285e-05
1.22285e-05
0.000289728
0.000289728
0.000135539
0.000135539
0.000215018
0.000215018
0.000197701
0.000197701
0.000243528
0.000243528
0.000213906
0.000213906
0.000279247
0.000279247
2.14773e-05
2.14773e-05
2.14773e-05
0.00019935
0.00019935
0.000286242
0.000286242
0.000291254
0.000291254
0.000217436
0.000217436
4.12622e-05
4.12622e-05
0.000267224
0.000267224
0.000281586
0.000281586
3.30615e-05
3.30615e-05
0.0002878
0.0002878
0.000209334
0.000209334
0.000290346
0.000290346
4.12958e-05
4.12958e-05
0.000243322
0.000243322
0.000229683
0.000229683
0.000235429
0.000235429
3.16838e-05
3.16838e-05
0.000270194
0.000270194
0.000242246
0.000242246
0.000198617
0.000198617
0.0002913
0.0002913
0.000266998
0.000266998
0.000233381
0.000233381
0.000288201
0.000288201
0.000225485
0.000225485
0.000286775
0.000286775
4.11015e-05
4.11015e-05
0.000178513
0.000178513
0.000291405
0.000291405
0.000224319
0.000224319
0.000278257
0.000278257
0.000268596
0.000268596
0.000234699
0.000234699
9.68225e-05
9.68225e-05
0.000215233
0.000215233
0.000200722
0.000200722
0.000226968
0.000226968
0.000276913
0.000276913
0.00028545
0.00028545
0.000217197
0.000217197
0.000284527
0.000284527
0.000279597
0.000279597
0.000292693
0.000292693
0.000256462
0.000256462
2.18105e-05
2.18105e-05
2.18105e-05
0.000236853
0.000236853
0.00022796
0.00022796
0.000222766
0.000222766
0.000229955
0.000229955
2.8089e-05
2.8089e-05
0.000217345
0.000217345
0.000247146
0.000247146
0.000283968
0.000283968
0.0002062
0.0002062
0.000227643
0.000227643
0.000289321
0.000289321
0.000202659
0.000202659
0.000205549
0.000205549
1.62046e-05
1.62046e-05
1.62046e-05
4.21276e-05
4.21276e-05
0.000256925
0.000256925
0.000281607
0.000281607
0.000250628
0.000250628
0.000230776
0.000230776
0.000274552
0.000274552
0.000237354
0.000237354
0.000221774
0.000221774
0.000284883
0.000284883
0.00027161
0.00027161
0.000219508
0.000219508
0.00028189
0.00028189
0.000246263
0.000246263
0.00028419
0.00028419
0.000280772
0.000280772
0.000234758
0.000234758
0.000279159
0.000279159
0.000262081
0.000262081
0.000269298
0.000269298
0.000231435
0.000231435
2.66692e-05
2.66692e-05
0.000269059
0.000269059
0.00022524
0.00022524
4.01322e-05
4.01322e-05
0.00024509
0.00024509
2.50351e-05
2.50351e-05
2.50351e-05
0.000276882
0.000276882
0.000285716
0.000285716
0.000267557
0.000267557
2.21878e-05
2.21878e-05
2.21878e-05
0.00026987
0.00026987
0.000227353
0.000227353
0.000277082
0.000277082
0.000203998
0.000203998
4.63547e-05
4.63547e-05
0.000214978
0.000214978
0.00028272
0.00028272
0.000288106
0.000288106
0.000266987
0.000266987
0.000264576
0.000264576
0.000248691
0.000248691
3.73958e-05
3.73958e-05
0.000276684
0.000276684
0.000270839
0.000270839
0.000279447
0.000279447
0.000284831
0.000284831
0.000235507
0.000235507
0.000227448
0.000227448
0.000221443
0.000221443
0.000282898
0.000282898
0.000225846
0.000225846
0.000278224
0.000278224
0.000232676
0.000232676
0.000275265
0.000275265
0.000237209
0.000237209
0.000264551
0.000264551
0.000175896
0.000175896
0.000265564
0.000265564
0.000208035
0.000208035
3.41377e-05
3.41377e-05
0.000232368
0.000232368
0.000277478
0.000277478
0.000195888
0.000195888
0.000223781
0.000223781
0.000266767
0.000266767
0.000261112
0.000261112
0.000285519
0.000285519
0.000243374
0.000243374
0.000284816
0.000284816
0.000228751
0.000228751
3.01415e-05
3.01415e-05
1.63545e-05
1.63545e-05
1.63545e-05
0.000275374
0.000275374
0.000283936
0.000283936
0.000125246
0.000125246
0.000275088
0.000275088
0.000275895
0.000275895
3.88564e-05
3.88564e-05
0.00028398
0.00028398
0.000227864
0.000227864
0.000287355
0.000287355
0.000268058
0.000268058
0.000251296
0.000251296
0.000274588
0.000274588
0.00012168
0.00012168
0.000228466
0.000228466
0.000286439
0.000286439
0.000206493
0.000206493
0.000271174
0.000271174
0.000283194
0.000283194
2.35821e-05
2.35821e-05
2.35821e-05
0.000285629
0.000285629
0.000268064
0.000268064
0.00022565
0.00022565
0.000287625
0.000287625
0.000228288
0.000228288
0.000180663
0.000180663
0.000267432
0.000267432
0.000232403
0.000232403
0.000285644
0.000285644
0.000214018
0.000214018
0.000192091
0.000192091
0.000283276
0.000283276
0.000241645
0.000241645
0.00027758
0.00027758
0.000192925
0.000192925
0.000223568
0.000223568
0.00028483
0.00028483
0.000287133
0.000287133
0.000239137
0.000239137
0.000265825
0.000265825
0.000223213
0.000223213
0.000290838
0.000290838
0.000269947
0.000269947
0.00022633
0.00022633
0.000262582
0.000262582
0.000230832
0.000230832
0.000215506
0.000215506
0.000288544
0.000288544
0.000276117
0.000276117
0.000229015
0.000229015
0.00027389
0.00027389
0.000241664
0.000241664
0.000285578
0.000285578
0.000261897
0.000261897
0.000249469
0.000249469
0.000249175
0.000249175
0.000291098
0.000291098
0.000287092
0.000287092
0.000291205
0.000291205
0.000264772
0.000264772
0.000284928
0.000284928
0.000240593
0.000240593
0.000213724
0.000213724
0.000285831
0.000285831
0.000280665
0.000280665
2.65975e-05
2.65975e-05
0.00028405
0.00028405
0.000186613
0.000186613
0.000217924
0.000217924
0.000206913
0.000206913
4.05028e-05
4.05028e-05
5.88054e-05
5.88054e-05
0.000270251
0.000270251
0.000216904
0.000216904
0.000263512
0.000263512
9.60764e-05
9.60764e-05
0.000284546
0.000284546
0.000235998
0.000235998
0.000118168
0.000118168
0.000254659
0.000254659
0.000282072
0.000282072
0.000268111
0.000268111
0.000263075
0.000263075
0.000211716
0.000211716
0.000293352
0.000293352
0.00024123
0.00024123
0.000224684
0.000224684
0.000286855
0.000286855
0.000291201
0.000291201
0.000265376
0.000265376
0.000237782
0.000237782
0.000220052
0.000220052
0.00026368
0.00026368
0.000228693
0.000228693
3.6206e-05
3.6206e-05
0.000283648
0.000283648
0.000286433
0.000286433
0.000239048
0.000239048
0.000282002
0.000282002
0.000278142
0.000278142
0.000263283
0.000263283
0.000229033
0.000229033
0.000251621
0.000251621
0.00022272
0.00022272
0.00026381
0.00026381
0.000263011
0.000263011
0.000259017
0.000259017
0.000236237
0.000236237
0.000293564
0.000293564
5.71986e-05
5.71986e-05
0.000235638
0.000235638
0.000233468
0.000233468
0.000271178
0.000271178
0.000290113
0.000290113
1.04978e-05
1.04978e-05
1.04978e-05
0.000227463
0.000227463
0.000239919
0.000239919
0.000267813
0.000267813
0.000277844
0.000277844
0.000141753
0.000141753
0.000269536
0.000269536
0.00022883
0.00022883
0.000212566
0.000212566
1.03364e-05
1.03364e-05
1.03364e-05
0.000246923
0.000246923
0.000261643
0.000261643
0.000270359
0.000270359
0.000234338
0.000234338
0.000207333
0.000207333
0.000259626
0.000259626
0.000240622
0.000240622
0.000289938
0.000289938
0.000288633
0.000288633
0.000288966
0.000288966
0.000224148
0.000224148
0.000259587
0.000259587
0.000278063
0.000278063
0.000207613
0.000207613
0.000283229
0.000283229
0.000274318
0.000274318
0.000225987
0.000225987
0.000260865
0.000260865
0.000212756
0.000212756
0.000232244
0.000232244
0.000263161
0.000263161
0.000272545
0.000272545
0.000280577
0.000280577
0.000240827
0.000240827
0.000237107
0.000237107
0.000254202
0.000254202
0.000260536
0.000260536
0.000239753
0.000239753
0.000221042
0.000221042
0.000292566
0.000292566
0.000236542
0.000236542
0.00026291
0.00026291
0.000134865
0.000134865
0.00028745
0.00028745
0.000238219
0.000238219
0.000225037
0.000225037
0.000234633
0.000234633
0.000250589
0.000250589
0.000180679
0.000180679
0.000275493
0.000275493
2.15641e-05
2.15641e-05
2.15641e-05
0.00026829
0.00026829
0.000268363
0.000268363
0.000233298
0.000233298
0.000256065
0.000256065
0.000281828
0.000281828
0.000240892
0.000240892
0.000269343
0.000269343
0.000264591
0.000264591
0.000210084
0.000210084
0.000237154
0.000237154
0.000258509
0.000258509
0.000281252
0.000281252
0.000212554
0.000212554
0.000275852
0.000275852
0.000261935
0.000261935
0.000239937
0.000239937
0.000181403
0.000181403
0.000235858
0.000235858
0.000229793
0.000229793
0.000254312
0.000254312
0.000268391
0.000268391
0.000288752
0.000288752
0.000285865
0.000285865
0.000289317
0.000289317
0.000205556
0.000205556
0.000240141
0.000240141
0.0002639
0.0002639
0.00026179
0.00026179
0.000238942
0.000238942
0.000264282
0.000264282
0.000284671
0.000284671
0.000290967
0.000290967
0.000271183
0.000271183
0.000274988
0.000274988
0.000265998
0.000265998
0.000287322
0.000287322
0.000248917
0.000248917
0.00026526
0.00026526
0.000240085
0.000240085
0.000215613
0.000215613
0.00022169
0.00022169
0.000259739
0.000259739
0.000241577
0.000241577
0.000269641
0.000269641
0.000144384
0.000144384
0.000240015
0.000240015
0.000240103
0.000240103
0.000283846
0.000283846
0.000263812
0.000263812
0.000259124
0.000259124
0.000267744
0.000267744
0.0002517
0.0002517
0.000214085
0.000214085
0.000259754
0.000259754
0.000262618
0.000262618
0.000282156
0.000282156
0.000235318
0.000235318
0.000238854
0.000238854
0.000224861
0.000224861
0.000227609
0.000227609
0.000275125
0.000275125
0.000205125
0.000205125
0.000238811
0.000238811
0.000258072
0.000258072
0.000263228
0.000263228
0.000258851
0.000258851
0.000250459
0.000250459
0.000259104
0.000259104
0.000252576
0.000252576
0.000254403
0.000254403
0.000239315
0.000239315
0.00023619
0.00023619
0.000286628
0.000286628
0.00027282
0.00027282
0.000211444
0.000211444
0.000269516
0.000269516
0.000258625
0.000258625
0.000256862
0.000256862
0.000277157
0.000277157
0.000243323
0.000243323
0.000261326
0.000261326
0.000175808
0.000175808
0.000204892
0.000204892
0.000289678
0.000289678
0.000233982
0.000233982
0.000290233
0.000290233
0.000238822
0.000238822
0.000205193
0.000205193
0.000231829
0.000231829
0.000255715
0.000255715
0.000290624
0.000290624
0.000239884
0.000239884
0.00018393
0.00018393
0.000234494
0.000234494
0.000238857
0.000238857
0.000279755
0.000279755
0.000155045
0.000155045
0.000267903
0.000267903
0.000252927
0.000252927
0.000230644
0.000230644
0.000273888
0.000273888
0.00028792
0.00028792
0.000262463
0.000262463
0.000261749
0.000261749
0.000222548
0.000222548
0.000246237
0.000246237
0.000275326
0.000275326
0.000218351
0.000218351
0.000227715
0.000227715
0.000208067
0.000208067
0.000178411
0.000178411
0.00013854
0.00013854
0.000222744
0.000222744
0.000283518
0.000283518
0.000237395
0.000237395
0.000210026
0.000210026
0.000211807
0.000211807
0.000244961
0.000244961
0.000237468
0.000237468
0.000221124
0.000221124
0.000260158
0.000260158
0.000280483
0.000280483
0.000265623
0.000265623
0.000237825
0.000237825
0.000257205
0.000257205
0.000235047
0.000235047
0.000208784
0.000208784
0.000241196
0.000241196
0.000263573
0.000263573
0.000252018
0.000252018
0.000179183
0.000179183
0.000226705
0.000226705
0.000259041
0.000259041
0.000207422
0.000207422
0.000239027
0.000239027
0.000266539
0.000266539
0.00028561
0.00028561
0.000242666
0.000242666
0.000126736
0.000126736
0.000160087
0.000160087
0.000263045
0.000263045
0.000183662
0.000183662
0.000257283
0.000257283
0.0002783
0.0002783
0.000206405
0.000206405
0.000211182
0.000211182
3.63982e-05
3.63982e-05
0.000133033
0.000133033
0.000145924
0.000145924
0.000257516
0.000257516
0.000244662
0.000244662
0.000267988
0.000267988
0.000253524
0.000253524
0.000231128
0.000231128
0.000123063
0.000123063
0.000262033
0.000262033
0.000289182
0.000289182
0.00026943
0.00026943
0.000230759
0.000230759
0.000285989
0.000285989
0.000246413
0.000246413
0.00026276
0.00026276
0.000225596
0.000225596
0.000184415
0.000184415
0.000227843
0.000227843
0.000261923
0.000261923
0.000184099
0.000184099
0.000266997
0.000266997
0.000239067
0.000239067
0.000262986
0.000262986
0.000267535
0.000267535
0.000233315
0.000233315
0.000124968
0.000124968
0.00028008
0.00028008
0.0002533
0.0002533
0.000257727
0.000257727
0.000278041
0.000278041
0.000227201
0.000227201
0.000287667
0.000287667
0.000263546
0.000263546
0.000178298
0.000178298
0.000261221
0.000261221
0.000252904
0.000252904
0.000198007
0.000198007
0.000263318
0.000263318
0.000235952
0.000235952
0.000264982
0.000264982
0.000191193
0.000191193
0.000218244
0.000218244
0.000125441
0.000125441
0.000236343
0.000236343
0.000190697
0.000190697
0.000232016
0.000232016
0.000252818
0.000252818
0.000229943
0.000229943
0.000229803
0.000229803
0.000237817
0.000237817
0.000208022
0.000208022
0.000239936
0.000239936
0.00025686
0.00025686
0.000237859
0.000237859
0.0002512
0.0002512
0.00023337
0.00023337
0.000239485
0.000239485
0.000220946
0.000220946
0.00022927
0.00022927
0.000271717
0.000271717
0.000272106
0.000272106
0.000180936
0.000180936
0.000243191
0.000243191
0.000231065
0.000231065
0.00026533
0.00026533
0.000210833
0.000210833
0.000191884
0.000191884
0.000209242
0.000209242
0.000154653
0.000154653
0.000260189
0.000260189
0.000255877
0.000255877
0.000246301
0.000246301
0.000275548
0.000275548
0.000232336
0.000232336
0.000257493
0.000257493
0.000213815
0.000213815
0.000237428
0.000237428
0.000238621
0.000238621
0.000259297
0.000259297
0.000151205
0.000151205
0.00026588
0.00026588
0.000256624
0.000256624
0.000257055
0.000257055
0.000286574
0.000286574
0.000263915
0.000263915
0.00014049
0.00014049
0.000191303
0.000191303
0.000262364
0.000262364
0.000260202
0.000260202
0.000257028
0.000257028
0.000247877
0.000247877
0.000209067
0.000209067
0.000288488
0.000288488
0.000241405
0.000241405
0.000141903
0.000141903
0.000256283
0.000256283
0.000159437
0.000159437
0.000288972
0.000288972
0.000288426
0.000288426
0.000280845
0.000280845
0.00023588
0.00023588
0.000232703
0.000232703
0.000249717
0.000249717
0.000193362
0.000193362
0.000269281
0.000269281
0.000238333
0.000238333
0.000212218
0.000212218
0.00025684
0.00025684
0.000206292
0.000206292
0.000236973
0.000236973
0.00022719
0.00022719
0.00013144
0.00013144
0.000237893
0.000237893
0.000226234
0.000226234
0.000231676
0.000231676
0.000252436
0.000252436
0.000216782
0.000216782
0.000233111
0.000233111
0.000144315
0.000144315
0.000226687
0.000226687
0.000142501
0.000142501
0.000235143
0.000235143
0.000251077
0.000251077
0.000229809
0.000229809
0.000228613
0.000228613
0.000250711
0.000250711
0.000114819
0.000114819
0.00027076
0.00027076
0.000254482
0.000254482
0.000261385
0.000261385
0.000180395
0.000180395
0.000263575
0.000263575
2.75748e-05
2.75748e-05
1.94209e-05
1.94209e-05
1.94209e-05
0.000126055
0.000126055
0.000233886
0.000233886
0.000249789
0.000249789
0.000239015
0.000239015
0.000186866
0.000186866
0.000253382
0.000253382
0.000226899
0.000226899
0.00024829
0.00024829
0.000231843
0.000231843
0.000240195
0.000240195
0.000225715
0.000225715
0.000254949
0.000254949
0.000223514
0.000223514
0.000150771
0.000150771
0.00024545
0.00024545
0.000258088
0.000258088
2.7496e-05
2.7496e-05
0.000281767
0.000281767
4.50314e-05
4.50314e-05
0.000237238
0.000237238
0.00018676
0.00018676
0.000217219
0.000217219
0.000251714
0.000251714
0.000206565
0.000206565
0.00023934
0.00023934
0.000289667
0.000289667
0.000243688
0.000243688
0.000263038
0.000263038
0.000266711
0.000266711
0.000274944
0.000274944
0.000140115
0.000140115
0.000142117
0.000142117
0.000246711
0.000246711
0.000279068
0.000279068
0.000245015
0.000245015
0.000235267
0.000235267
0.000255538
0.000255538
0.000206778
0.000206778
0.000191399
0.000191399
0.000232111
0.000232111
0.000238199
0.000238199
0.000156938
0.000156938
0.000235253
0.000235253
0.000248386
0.000248386
0.000235806
0.000235806
0.000206407
0.000206407
0.000232454
0.000232454
0.000228892
0.000228892
0.000256717
0.000256717
0.0002258
0.0002258
0.000235177
0.000235177
0.000162135
0.000162135
0.000229581
0.000229581
0.000185645
0.000185645
0.000266361
0.000266361
0.000292516
0.000292516
0.000214322
0.000214322
0.000284688
0.000284688
0.000276863
0.000276863
0.000260976
0.000260976
0.000237403
0.000237403
0.0002438
0.0002438
0.000277492
0.000277492
0.000187236
0.000187236
0.000223356
0.000223356
0.000253606
0.000253606
0.000238979
0.000238979
0.000237526
0.000237526
0.000256044
0.000256044
0.000257116
0.000257116
0.000112528
0.000112528
0.000233584
0.000233584
0.000228356
0.000228356
0.000175982
0.000175982
0.00023577
0.00023577
0.000234921
0.000234921
0.000284791
0.000284791
0.000263068
0.000263068
0.000244465
0.000244465
0.000258098
0.000258098
0.000245746
0.000245746
0.000244212
0.000244212
0.000237831
0.000237831
0.000275603
0.000275603
0.000248985
0.000248985
0.000265438
0.000265438
2.98294e-05
2.98294e-05
0.000236188
0.000236188
0.000186056
0.000186056
0.000250038
0.000250038
0.000142891
0.000142891
0.000235459
0.000235459
0.000208889
0.000208889
0.000223854
0.000223854
0.000270865
0.000270865
0.000241348
0.000241348
0.000146393
0.000146393
0.000241584
0.000241584
0.000248888
0.000248888
0.000238889
0.000238889
0.000247184
0.000247184
0.000243893
0.000243893
0.000190957
0.000190957
0.000248118
0.000248118
0.000260203
0.000260203
0.000237239
0.000237239
0.000236179
0.000236179
0.000207021
0.000207021
0.000236545
0.000236545
0.00026831
0.00026831
0.000241663
0.000241663
0.000254608
0.000254608
9.70153e-06
9.70153e-06
9.70153e-06
0.000278846
0.000278846
3.31845e-05
3.31845e-05
0.000233556
0.000233556
0.000236354
0.000236354
9.83331e-05
9.83331e-05
0.000222356
0.000222356
0.000236179
0.000236179
0.000207712
0.000207712
0.000240851
0.000240851
0.000225046
0.000225046
0.000290003
0.000290003
0.000244007
0.000244007
0.000176332
0.000176332
0.000265247
0.000265247
0.000245671
0.000245671
0.000241395
0.000241395
0.000224879
0.000224879
0.000237498
0.000237498
0.00015498
0.00015498
0.000274659
0.000274659
0.000242532
0.000242532
0.000241401
0.000241401
0.000241392
0.000241392
0.000280462
0.000280462
0.000186398
0.000186398
0.00024235
0.00024235
0.000157342
0.000157342
0.000236467
0.000236467
0.000180298
0.000180298
0.000184021
0.000184021
0.000255294
0.000255294
0.000234363
0.000234363
0.000187823
0.000187823
0.000292323
0.000292323
0.000237088
0.000237088
0.000271192
0.000271192
0.0002619
0.0002619
0.000187235
0.000187235
2.51547e-05
2.51547e-05
0.000238121
0.000238121
0.00026586
0.00026586
0.000236972
0.000236972
0.000240421
0.000240421
0.000278286
0.000278286
0.000238
0.000238
0.00023699
0.00023699
0.000241852
0.000241852
0.00028003
0.00028003
0.00024319
0.00024319
0.000244224
0.000244224
0.000239952
0.000239952
0.000257928
0.000257928
2.66695e-05
2.66695e-05
0.000233876
0.000233876
0.000252841
0.000252841
0.000253136
0.000253136
0.000253538
0.000253538
0.000239965
0.000239965
0.000213037
0.000213037
0.000248797
0.000248797
0.000191625
0.000191625
0.000276033
0.000276033
0.000237761
0.000237761
0.000145483
0.000145483
0.000236634
0.000236634
0.00021446
0.00021446
0.000237787
0.000237787
0.000148126
0.000148126
0.000233356
0.000233356
0.000237987
0.000237987
0.000233523
0.000233523
0.000271289
0.000271289
0.000251691
0.000251691
1.02729e-05
1.02729e-05
1.02729e-05
0.000154016
0.000154016
0.000242806
0.000242806
0.000153191
0.000153191
0.00023665
0.00023665
0.000236908
0.000236908
0.000273585
0.000273585
0.000275222
0.000275222
0.000252375
0.000252375
0.000211558
0.000211558
0.000145553
0.000145553
0.000249187
0.000249187
0.000194669
0.000194669
0.00025916
0.00025916
0.000275168
0.000275168
0.000288126
0.000288126
0.000233967
0.000233967
0.000238733
0.000238733
0.000239021
0.000239021
0.000236826
0.000236826
0.000223411
0.000223411
0.000240174
0.000240174
0.000228466
0.000228466
0.000243465
0.000243465
0.000231841
0.000231841
0.000234765
0.000234765
0.000241804
0.000241804
0.000272181
0.000272181
1.48191e-05
1.48191e-05
0.000253619
0.000253619
0.000123439
0.000123439
3.51297e-05
3.51297e-05
0.000240147
0.000240147
0.000239531
0.000239531
0.00023992
0.00023992
0.000180893
0.000180893
0.000242891
0.000242891
0.000210969
0.000210969
0.000237329
0.000237329
2.69418e-05
2.69418e-05
2.69418e-05
0.000237783
0.000237783
0.000239762
0.000239762
1.42586e-05
1.42586e-05
1.42586e-05
0.000183803
0.000183803
1.65501e-05
1.65501e-05
1.65501e-05
0.000189456
0.000189456
0.00024122
0.00024122
0.000159232
0.000159232
0.000256444
0.000256444
0.000238349
0.000238349
0.000288499
0.000288499
0.000160727
0.000160727
0.000239735
0.000239735
0.000233588
0.000233588
0.000209617
0.000209617
0.000236156
0.000236156
0.000166845
0.000166845
0.000270455
0.000270455
0.000238824
0.000238824
0.000274101
0.000274101
0.000237064
0.000237064
0.000238126
0.000238126
0.000283069
0.000283069
0.000235363
0.000235363
0.000233157
0.000233157
0.000242114
0.000242114
0.000215896
0.000215896
0.00024126
0.00024126
0.000233393
0.000233393
0.000191815
0.000191815
0.000238817
0.000238817
0.000237003
0.000237003
0.00024049
0.00024049
0.000210905
0.000210905
0.000231325
0.000231325
0.000258001
0.000258001
0.000234944
0.000234944
0.000240794
0.000240794
0.000238395
0.000238395
0.000257351
0.000257351
0.000240388
0.000240388
0.00023786
0.00023786
0.00027285
0.00027285
0.000209045
0.000209045
0.000241003
0.000241003
0.000243008
0.000243008
0.000196451
0.000196451
0.000236664
0.000236664
0.000156863
0.000156863
0.00021224
0.00021224
0.000244111
0.000244111
0.000238582
0.000238582
0.000228639
0.000228639
0.000246785
0.000246785
0.000271922
0.000271922
0.00025059
0.00025059
0.00020429
0.00020429
0.000241703
0.000241703
0.000169095
0.000169095
0.000243265
0.000243265
0.000237434
0.000237434
0.000250932
0.000250932
0.000249318
0.000249318
0.000237731
0.000237731
0.000236099
0.000236099
0.000238769
0.000238769
0.000222858
0.000222858
0.000241747
0.000241747
0.000246485
0.000246485
0.000249073
0.000249073
1.5111e-05
1.5111e-05
0.000271469
0.000271469
0.000268605
0.000268605
0.000236684
0.000236684
0.000239147
0.000239147
0.000239168
0.000239168
0.000288582
0.000288582
0.000286457
0.000286457
0.000140254
0.000140254
0.000189778
0.000189778
0.000251232
0.000251232
0.000241942
0.000241942
0.000141848
0.000141848
0.00015231
0.00015231
0.000240125
0.000240125
0.000278946
0.000278946
0.000238894
0.000238894
0.00021106
0.00021106
0.000181767
0.000181767
0.000246881
0.000246881
0.000289739
0.000289739
0.000239551
0.000239551
0.000243188
0.000243188
0.000237292
0.000237292
0.000255273
0.000255273
0.000234463
0.000234463
0.000236773
0.000236773
0.000235972
0.000235972
0.000241437
0.000241437
0.000233494
0.000233494
0.00019148
0.00019148
0.000227106
0.000227106
0.000265271
0.000265271
0.000286835
0.000286835
0.000237215
0.000237215
0.000233342
0.000233342
0.000237482
0.000237482
0.000236651
0.000236651
0.000234935
0.000234935
0.000181943
0.000181943
0.000236926
0.000236926
0.000258179
0.000258179
0.000195329
0.000195329
0.000269651
0.000269651
0.000246311
0.000246311
0.0002335
0.0002335
0.000256007
0.000256007
0.000147347
0.000147347
0.000245337
0.000245337
0.00015336
0.00015336
0.00024278
0.00024278
0.000230157
0.000230157
0.000236003
0.000236003
0.000235173
0.000235173
3.68681e-05
3.68681e-05
0.000242558
0.000242558
0.000235676
0.000235676
0.00023188
0.00023188
7.54205e-05
7.54205e-05
0.00023407
0.00023407
0.000232065
0.000232065
0.000112172
0.000112172
0.000182907
0.000182907
0.000210593
0.000210593
0.000267043
0.000267043
0.000235472
0.000235472
0.000245576
0.000245576
0.000234144
0.000234144
0.000234871
0.000234871
0.00024148
0.00024148
7.59614e-05
7.59614e-05
7.66999e-05
7.66999e-05
0.000221225
0.000221225
0.000233908
0.000233908
0.000246328
0.000246328
0.000265521
0.000265521
0.00023389
0.00023389
0.00016851
0.00016851
0.000237187
0.000237187
0.000232447
0.000232447
0.000202247
0.000202247
7.36673e-05
7.36673e-05
0.000237205
0.000237205
0.000110568
0.000110568
0.000180077
0.000180077
0.0002361
0.0002361
0.000240303
0.000240303
0.000237844
0.000237844
0.000172731
0.000172731
0.000238919
0.000238919
1.37527e-05
1.37527e-05
1.37527e-05
1.4261e-05
1.4261e-05
1.4261e-05
0.000287787
0.000287787
0.000187736
0.000187736
0.000243118
0.000243118
0.000248778
0.000248778
0.000229993
0.000229993
0.000239258
0.000239258
0.000235547
0.000235547
0.000178824
0.000178824
0.000243441
0.000243441
0.000248913
0.000248913
0.000250276
0.000250276
0.000210618
0.000210618
0.000232665
0.000232665
0.000225876
0.000225876
7.29827e-05
7.29827e-05
0.000268072
0.000268072
0.000241646
0.000241646
0.000236834
0.000236834
0.00024522
0.00024522
0.000224498
0.000224498
0.000226359
0.000226359
0.000240764
0.000240764
0.00025069
0.00025069
0.000254405
0.000254405
0.000148633
0.000148633
0.00023434
0.00023434
0.000242726
0.000242726
1.61589e-05
1.61589e-05
1.61589e-05
0.000144046
0.000144046
0.000175491
0.000175491
0.00023475
0.00023475
7.20259e-05
7.20259e-05
0.000236608
0.000236608
0.000231564
0.000231564
7.66935e-05
7.66935e-05
2.24012e-05
2.24012e-05
0.000232536
0.000232536
0.00025511
0.00025511
0.000245409
0.000245409
0.000240431
0.000240431
0.000246408
0.000246408
0.000247016
0.000247016
0.000195084
0.000195084
0.000235102
0.000235102
0.000173046
0.000173046
0.000232496
0.000232496
0.000234424
0.000234424
1.74325e-05
1.74325e-05
1.74325e-05
7.14354e-05
7.14354e-05
0.000227531
0.000227531
2.93345e-05
2.93345e-05
0.000156223
0.000156223
0.000232222
0.000232222
0.000265974
0.000265974
0.000232972
0.000232972
0.000240296
0.000240296
0.000208489
0.000208489
0.000180282
0.000180282
0.000162552
0.000162552
0.000289291
0.000289291
0.000240311
0.000240311
0.000231484
0.000231484
0.000240651
0.000240651
0.000286349
0.000286349
0.0002388
0.0002388
0.000236946
0.000236946
0.000174027
0.000174027
0.000243967
0.000243967
0.000207087
0.000207087
0.000232306
0.000232306
0.000234475
0.000234475
3.88257e-05
3.88257e-05
0.0002444
0.0002444
0.000236608
0.000236608
0.000238637
0.000238637
7.09543e-05
7.09543e-05
0.000234818
0.000234818
0.00023758
0.00023758
0.000248236
0.000248236
7.49938e-05
7.49938e-05
0.000241727
0.000241727
0.000136832
0.000136832
0.000241757
0.000241757
0.000234793
0.000234793
0.000172669
0.000172669
0.000235288
0.000235288
0.000245695
0.000245695
0.000231587
0.000231587
0.000222279
0.000222279
0.000233183
0.000233183
0.000234263
0.000234263
0.000245414
0.000245414
0.000142419
0.000142419
0.000266859
0.000266859
0.000240654
0.000240654
0.000235494
0.000235494
0.000246892
0.000246892
0.000171461
0.000171461
0.000243607
0.000243607
0.000207503
0.000207503
0.000143971
0.000143971
0.000243112
0.000243112
0.000239821
0.000239821
0.000249267
0.000249267
1.06102e-05
1.06102e-05
1.06102e-05
1.20711e-05
1.20711e-05
1.20711e-05
0.000234973
0.000234973
0.000245573
0.000245573
0.000236563
0.000236563
0.000155162
0.000155162
0.000245375
0.000245375
0.000182531
0.000182531
0.000169157
0.000169157
0.000114826
0.000114826
7.05518e-05
7.05518e-05
0.000249597
0.000249597
0.000244915
0.000244915
0.000234063
0.000234063
0.000247982
0.000247982
0.000241266
0.000241266
0.000240602
0.000240602
0.000242531
0.000242531
0.000210584
0.000210584
0.00023545
0.00023545
0.000231313
0.000231313
0.00023449
0.00023449
0.000240279
0.000240279
0.000233752
0.000233752
0.000153012
0.000153012
0.000149811
0.000149811
0.000244629
0.000244629
0.000238123
0.000238123
0.000231007
0.000231007
0.000233195
0.000233195
1.57344e-05
1.57344e-05
1.57344e-05
0.000231524
0.000231524
0.000233599
0.000233599
0.000240397
0.000240397
0.000233847
0.000233847
0.00024211
0.00024211
7.49485e-05
7.49485e-05
0.000254078
0.000254078
0.000135687
0.000135687
3.97876e-05
3.97876e-05
0.000231144
0.000231144
0.000240973
0.000240973
0.00023383
0.00023383
1.78761e-05
1.78761e-05
1.78761e-05
0.000135135
0.000135135
0.000245115
0.000245115
0.000164627
0.000164627
0.000172313
0.000172313
0.000234786
0.000234786
0.000218303
0.000218303
0.000247867
0.000247867
0.000237618
0.000237618
0.00025474
0.00025474
0.000160922
0.000160922
0.000164053
0.000164053
0.000266772
0.000266772
0.000246269
0.000246269
0.000244279
0.000244279
0.000239369
0.000239369
0.000196242
0.000196242
0.000164762
0.000164762
0.000107874
0.000107874
0.000243672
0.000243672
0.000246714
0.000246714
3.94389e-05
3.94389e-05
0.000241028
0.000241028
7.01831e-05
7.01831e-05
0.000236956
0.000236956
0.000244703
0.000244703
0.000234037
0.000234037
0.000246699
0.000246699
0.000250222
0.000250222
0.00023631
0.00023631
0.000243262
0.000243262
0.0001378
0.0001378
0.000235796
0.000235796
0.000164701
0.000164701
0.000245952
0.000245952
0.000244106
0.000244106
0.000232119
0.000232119
0.000241377
0.000241377
3.89656e-05
3.89656e-05
3.89656e-05
0.000235571
0.000235571
0.000234841
0.000234841
0.000135354
0.000135354
0.000246654
0.000246654
0.000249515
0.000249515
0.000267424
0.000267424
0.000245233
0.000245233
3.86497e-05
3.86497e-05
3.86497e-05
0.000213772
0.000213772
0.000246832
0.000246832
0.000274705
0.000274705
3.81912e-05
3.81912e-05
3.81912e-05
0.000110658
0.000110658
0.000245565
0.000245565
0.000249255
0.000249255
0.000277879
0.000277879
0.00015959
0.00015959
0.000249251
0.000249251
0.000235955
0.000235955
2.45321e-05
2.45321e-05
0.000246858
0.000246858
0.000246997
0.000246997
0.000247922
0.000247922
0.000239739
0.000239739
0.000231149
0.000231149
3.93433e-05
3.93433e-05
3.93433e-05
0.000248475
0.000248475
0.00024894
0.00024894
0.000161942
0.000161942
0.000244688
0.000244688
0.000246477
0.000246477
0.000168373
0.000168373
0.000231152
0.000231152
0.000233529
0.000233529
0.00017627
0.00017627
0.000254152
0.000254152
0.00017091
0.00017091
0.000245897
0.000245897
3.77951e-05
3.77951e-05
3.77951e-05
3.75952e-05
3.75952e-05
3.75952e-05
0.000146183
0.000146183
0.000194438
0.000194438
0.000260649
0.000260649
1.79103e-05
1.79103e-05
1.79103e-05
0.000233619
0.000233619
0.000233364
0.000233364
3.01202e-05
3.01202e-05
0.000247468
0.000247468
0.000242647
0.000242647
0.000246936
0.000246936
0.000247339
0.000247339
2.24284e-05
2.24284e-05
3.72912e-05
3.72912e-05
3.72912e-05
0.000224424
0.000224424
0.000247087
0.000247087
7.00288e-05
7.00288e-05
1.10987e-05
1.10987e-05
1.10987e-05
1.27438e-05
1.27438e-05
1.27438e-05
0.000153674
0.000153674
0.000139998
0.000139998
0.000227943
0.000227943
0.000151071
0.000151071
0.000245577
0.000245577
0.000246583
0.000246583
0.000238517
0.000238517
0.000242075
0.000242075
0.000245917
0.000245917
0.000236097
0.000236097
1.58495e-05
1.58495e-05
1.58495e-05
0.000232274
0.000232274
3.91485e-05
3.91485e-05
3.91485e-05
3.90811e-05
3.90811e-05
3.90811e-05
0.000245414
0.000245414
0.000248277
0.000248277
0.00013381
0.00013381
3.70758e-05
3.70758e-05
3.70758e-05
0.000237481
0.000237481
0.000156052
0.000156052
0.000247256
0.000247256
4.78242e-05
4.78242e-05
0.00015696
0.00015696
4.79197e-05
4.79197e-05
0.000244384
0.000244384
3.87405e-05
3.87405e-05
0.000139518
0.000139518
0.000126135
0.000126135
4.79831e-05
4.79831e-05
0.000247541
0.000247541
3.32718e-05
3.32718e-05
0.00024129
0.00024129
0.000233686
0.000233686
7.03952e-05
7.03952e-05
4.7816e-05
4.7816e-05
0.000244785
0.000244785
4.81315e-05
4.81315e-05
0.000254879
0.000254879
2.25126e-05
2.25126e-05
4.78318e-05
4.78318e-05
0.000241141
0.000241141
0.000120064
0.000120064
0.00022363
0.00022363
0.000259248
0.000259248
2.16283e-05
2.16283e-05
2.16283e-05
3.68869e-05
3.68869e-05
3.68869e-05
4.79632e-05
4.79632e-05
0.000234459
0.000234459
0.000162016
0.000162016
0.000248751
0.000248751
0.000235926
0.000235926
0.000259019
0.000259019
0.000233167
0.000233167
0.000256391
0.000256391
0.000242982
0.000242982
0.000240468
0.000240468
0.000233035
0.000233035
4.63782e-05
4.63782e-05
0.000257428
0.000257428
0.00013481
0.00013481
0.000256054
0.000256054
0.000254424
0.000254424
0.000231787
0.000231787
0.000163952
0.000163952
0.00022542
0.00022542
1.94118e-05
1.94118e-05
1.94118e-05
0.00013217
0.00013217
4.87224e-05
4.87224e-05
0.000241827
0.000241827
0.000247958
0.000247958
0.000235425
0.000235425
0.000242232
0.000242232
0.000258499
0.000258499
0.000154324
0.000154324
0.000259661
0.000259661
0.000247774
0.000247774
3.67132e-05
3.67132e-05
3.67132e-05
0.000255235
0.000255235
0.00024969
0.00024969
0.000153763
0.000153763
6.30014e-05
6.30014e-05
0.000267481
0.000267481
0.000259729
0.000259729
0.000256319
0.000256319
0.000248946
0.000248946
0.00024124
0.00024124
4.39351e-05
4.39351e-05
0.000233833
0.000233833
0.000245019
0.000245019
4.19465e-05
4.19465e-05
0.000256735
0.000256735
0.000247569
0.000247569
6.94248e-05
6.94248e-05
0.000259225
0.000259225
0.000249322
0.000249322
0.000248052
0.000248052
4.95364e-05
4.95364e-05
0.000257352
0.000257352
0.000237874
0.000237874
0.000246735
0.000246735
4.05647e-05
4.05647e-05
0.000233124
0.000233124
0.000237054
0.000237054
0.000258679
0.000258679
0.000245562
0.000245562
3.81898e-05
3.81898e-05
3.81898e-05
0.000234856
0.000234856
0.000268073
0.000268073
0.000238658
0.000238658
0.000247663
0.000247663
0.000234557
0.000234557
0.000256723
0.000256723
0.000132977
0.000132977
0.000248763
0.000248763
0.000125501
0.000125501
0.000247418
0.000247418
0.000153143
0.000153143
0.000258902
0.000258902
1.54382e-05
1.54382e-05
1.54382e-05
6.52203e-05
6.52203e-05
6.28558e-05
6.28558e-05
3.65559e-05
3.65559e-05
3.65559e-05
0.000236694
0.000236694
3.34051e-05
3.34051e-05
0.000234782
0.000234782
0.000260638
0.000260638
0.000125465
0.000125465
3.72719e-05
3.72719e-05
1.99812e-05
1.99812e-05
1.99812e-05
0.00011784
0.00011784
0.000239302
0.000239302
0.000249033
0.000249033
0.00024792
0.00024792
0.000130437
0.000130437
0.000255749
0.000255749
0.000254638
0.000254638
3.9485e-05
3.9485e-05
0.00025414
0.00025414
0.000149753
0.000149753
0.000237549
0.000237549
0.000237192
0.000237192
0.000258638
0.000258638
0.000235242
0.000235242
0.000234201
0.000234201
0.000152655
0.000152655
0.000267936
0.000267936
5.02997e-05
5.02997e-05
0.000243054
0.000243054
0.000238431
0.000238431
0.000268379
0.000268379
0.000241369
0.000241369
0.000120845
0.000120845
2.2878e-05
2.2878e-05
2.2878e-05
0.000257184
0.000257184
3.07673e-05
3.07673e-05
2.37963e-05
2.37963e-05
2.37963e-05
0.000250799
0.000250799
2.41935e-05
2.41935e-05
2.41935e-05
0.000240678
0.000240678
0.000254094
0.000254094
2.44042e-05
2.44042e-05
2.44042e-05
0.000255936
0.000255936
6.44394e-05
6.44394e-05
2.44971e-05
2.44971e-05
2.44971e-05
0.000237463
0.000237463
0.000265971
0.000265971
3.89968e-05
3.89968e-05
2.47156e-05
2.47156e-05
2.47156e-05
2.46831e-05
2.46831e-05
2.46831e-05
0.000245063
0.000245063
0.000241589
0.000241589
0.000239995
0.000239995
0.000251834
0.000251834
0.000242242
0.000242242
0.000237448
0.000237448
0.000257079
0.000257079
0.000156705
0.000156705
1.10273e-05
1.10273e-05
1.10273e-05
1.1138e-05
1.1138e-05
1.1138e-05
2.49876e-05
2.49876e-05
2.49876e-05
0.000249135
0.000249135
0.000259999
0.000259999
0.000247813
0.000247813
6.54911e-05
6.54911e-05
0.000237712
0.000237712
3.17096e-05
3.17096e-05
6.48958e-05
6.48958e-05
0.000240962
0.000240962
0.000244943
0.000244943
6.52184e-05
6.52184e-05
3.9134e-05
3.9134e-05
0.000159564
0.000159564
0.000116739
0.000116739
2.54375e-05
2.54375e-05
2.54375e-05
6.58075e-05
6.58075e-05
0.000253419
0.000253419
1.96398e-05
1.96398e-05
1.96398e-05
0.000268162
0.000268162
0.00023903
0.00023903
0.000232362
0.000232362
0.000256104
0.000256104
0.000241318
0.000241318
2.19278e-05
2.19278e-05
2.19278e-05
2.12033e-05
2.12033e-05
2.12033e-05
0.000260088
0.000260088
0.000250214
0.000250214
2.06882e-05
2.06882e-05
2.06882e-05
0.000250669
0.000250669
5.06392e-05
5.06392e-05
0.000231678
0.000231678
0.00022543
0.00022543
1.49595e-05
1.49595e-05
1.49595e-05
3.30881e-05
3.30881e-05
3.30881e-05
3.31056e-05
3.31056e-05
3.31056e-05
6.4478e-05
6.4478e-05
0.000160387
0.000160387
0.000268912
0.000268912
0.000251078
0.000251078
0.000238439
0.000238439
0.000248124
0.000248124
0.000245968
0.000245968
0.000255711
0.000255711
0.000248554
0.000248554
0.000249175
0.000249175
0.000240803
0.000240803
2.0338e-05
2.0338e-05
2.0338e-05
0.000246844
0.000246844
0.000265479
0.000265479
0.00024575
0.00024575
3.82408e-05
3.82408e-05
0.000249714
0.000249714
2.58954e-05
2.58954e-05
2.58954e-05
0.000249525
0.000249525
0.000148617
0.000148617
1.67972e-05
1.67972e-05
1.67972e-05
2.81413e-05
2.81413e-05
0.000255307
0.000255307
0.000241911
0.000241911
0.000229914
0.000229914
0.000253768
0.000253768
3.31359e-05
3.31359e-05
3.31359e-05
0.000248705
0.000248705
1.40595e-05
1.40595e-05
1.40595e-05
3.65066e-05
3.65066e-05
6.90791e-05
6.90791e-05
0.000232199
0.000232199
0.000252993
0.000252993
0.000257167
0.000257167
0.000245604
0.000245604
0.000249568
0.000249568
0.000247443
0.000247443
6.61814e-05
6.61814e-05
0.000249393
0.000249393
3.635e-05
3.635e-05
3.635e-05
3.62366e-05
3.62366e-05
3.62366e-05
0.000268627
0.000268627
2.01369e-05
2.01369e-05
2.01369e-05
0.000258182
0.000258182
7.29778e-05
7.29778e-05
0.000241627
0.000241627
0.000248381
0.000248381
0.000244416
0.000244416
0.000256109
0.000256109
0.000256123
0.000256123
0.000258931
0.000258931
0.000114465
0.000114465
0.000248925
0.000248925
2.61246e-05
2.61246e-05
2.61246e-05
2.01366e-05
2.01366e-05
2.01366e-05
0.000241363
0.000241363
3.42584e-05
3.42584e-05
3.42584e-05
1.90134e-05
1.90134e-05
1.90134e-05
0.000253668
0.000253668
0.000245027
0.000245027
0.000243954
0.000243954
3.38857e-05
3.38857e-05
3.38857e-05
0.000241987
0.000241987
3.37251e-05
3.37251e-05
3.37251e-05
6.92018e-05
6.92018e-05
0.000253523
0.000253523
0.000247701
0.000247701
3.39721e-05
3.39721e-05
3.39721e-05
6.92947e-05
6.92947e-05
0.000248492
0.000248492
3.41123e-05
3.41123e-05
3.41123e-05
0.000246539
0.000246539
0.000246308
0.000246308
1.32645e-05
1.32645e-05
1.32645e-05
0.000243211
0.000243211
0.00025827
0.00025827
0.000232191
0.000232191
6.88005e-05
6.88005e-05
0.000247643
0.000247643
0.000247656
0.000247656
1.96241e-05
1.96241e-05
1.96241e-05
1.91667e-05
1.91667e-05
1.91667e-05
0.000255225
0.000255225
0.000111952
0.000111952
0.000259158
0.000259158
0.000250163
0.000250163
0.000257163
0.000257163
0.000250702
0.000250702
0.000246741
0.000246741
0.000244449
0.000244449
3.44302e-05
3.44302e-05
3.44302e-05
0.000256745
0.000256745
0.000259051
0.000259051
0.000243767
0.000243767
0.000250473
0.000250473
0.00024305
0.00024305
0.000262934
0.000262934
2.94696e-05
2.94696e-05
1.29151e-05
1.29151e-05
1.29151e-05
0.000246533
0.000246533
0.000246811
0.000246811
0.000265556
0.000265556
0.000147775
0.000147775
0.000221839
0.000221839
6.86704e-05
6.86704e-05
3.47743e-05
3.47743e-05
3.47743e-05
0.000259968
0.000259968
0.00026098
0.00026098
6.64541e-05
6.64541e-05
0.000253232
0.000253232
4.99543e-05
4.99543e-05
2.64241e-05
2.64241e-05
2.64241e-05
0.000247179
0.000247179
0.000244816
0.000244816
0.000241859
0.000241859
0.00024914
0.00024914
3.65696e-05
3.65696e-05
3.65696e-05
3.63864e-05
3.63864e-05
3.63864e-05
0.000242573
0.000242573
6.89343e-05
6.89343e-05
6.59155e-05
6.59155e-05
6.56761e-05
6.56761e-05
0.000247452
0.000247452
0.00015031
0.00015031
0.000244585
0.000244585
0.000259475
0.000259475
0.000249925
0.000249925
2.6715e-05
2.6715e-05
1.19248e-05
1.19248e-05
1.19248e-05
0.000258389
0.000258389
0.000248276
0.000248276
0.000258744
0.000258744
6.68449e-05
6.68449e-05
3.46362e-05
3.46362e-05
3.46362e-05
0.000260433
0.000260433
0.000252462
0.000252462
0.000257188
0.000257188
0.000258661
0.000258661
0.000248036
0.000248036
0.00026494
0.00026494
0.000251709
0.000251709
6.52635e-05
6.52635e-05
3.59584e-05
3.59584e-05
3.59584e-05
0.000248498
0.000248498
6.88877e-05
6.88877e-05
0.000246023
0.000246023
3.4189e-05
3.4189e-05
3.4189e-05
0.000265728
0.000265728
3.44984e-05
3.44984e-05
3.44984e-05
6.64366e-05
6.64366e-05
3.46402e-05
3.46402e-05
3.46402e-05
0.000257018
0.000257018
3.60228e-05
3.60228e-05
3.60228e-05
0.000261177
0.000261177
6.86952e-05
6.86952e-05
0.000246511
0.000246511
0.000256185
0.000256185
3.41151e-05
3.41151e-05
3.41151e-05
6.69426e-05
6.69426e-05
0.000246897
0.000246897
5.28677e-05
5.28677e-05
5.41405e-05
5.41405e-05
2.79929e-05
2.79929e-05
2.79929e-05
0.000248742
0.000248742
1.86342e-05
1.86342e-05
1.86342e-05
0.000244325
0.000244325
3.38272e-05
3.38272e-05
3.38272e-05
0.000247703
0.000247703
0.000259402
0.000259402
0.000253662
0.000253662
3.57951e-05
3.57951e-05
3.57951e-05
3.50812e-05
3.50812e-05
3.50812e-05
6.69172e-05
6.69172e-05
6.73562e-05
6.73562e-05
6.60917e-05
6.60917e-05
6.84039e-05
6.84039e-05
3.43297e-05
3.43297e-05
3.43297e-05
3.36573e-05
3.36573e-05
3.36573e-05
0.000247431
0.000247431
0.000265426
0.000265426
0.000261413
0.000261413
0.00024952
0.00024952
3.56499e-05
3.56499e-05
3.56499e-05
3.34785e-05
3.34785e-05
3.34785e-05
6.46537e-05
6.46537e-05
0.000247384
0.000247384
0.000264484
0.000264484
0.000253168
0.000253168
0.000250125
0.000250125
0.00024514
0.00024514
0.000261643
0.000261643
0.0002483
0.0002483
3.54326e-05
3.54326e-05
3.54326e-05
6.80984e-05
6.80984e-05
0.000247451
0.000247451
3.609e-05
3.609e-05
3.609e-05
6.79743e-05
6.79743e-05
3.54835e-05
3.54835e-05
3.54835e-05
6.79049e-05
6.79049e-05
0.000240853
0.000240853
0.000240881
0.000240881
1.05987e-05
1.05987e-05
1.05987e-05
2.1011e-05
2.1011e-05
2.1642e-05
2.1642e-05
2.1642e-05
2.1642e-05
8.7194e-06
8.7194e-06
8.7194e-06
8.7194e-06
6.76057e-05
6.76057e-05
1.21821e-05
1.21821e-05
1.21821e-05
2.94928e-05
2.94928e-05
2.94928e-05
5.69113e-05
5.69113e-05
3.44568e-05
3.44568e-05
3.44568e-05
5.5475e-05
5.5475e-05
2.87135e-05
2.87135e-05
2.87135e-05
2.7256e-05
2.7256e-05
2.7256e-05
5.85072e-05
5.85072e-05
3.02502e-05
3.02502e-05
3.02502e-05
2.64633e-05
2.64633e-05
2.64633e-05
5.14632e-05
5.14632e-05
6.80121e-05
6.80121e-05
3.55738e-05
3.55738e-05
3.55738e-05
3.48466e-05
3.48466e-05
3.48466e-05
3.55405e-05
3.55405e-05
3.55405e-05
6.84895e-05
6.84895e-05
3.54972e-05
3.54972e-05
3.54972e-05
6.77582e-05
6.77582e-05
3.53156e-05
3.53156e-05
3.53156e-05
3.24634e-05
3.24634e-05
3.24634e-05
3.24926e-05
3.24926e-05
3.24926e-05
6.22575e-05
6.22575e-05
3.18932e-05
3.18932e-05
3.18932e-05
3.10339e-05
3.10339e-05
3.10339e-05
6.06807e-05
6.06807e-05
3.53169e-05
3.53169e-05
3.53169e-05
0.000250861
0.000250861
0.000269638
0.000269638
0.000264151
0.000264151
0.000233598
0.000233598
0.000243812
0.000243812
3.61241e-05
3.61241e-05
1.83064e-05
1.83064e-05
1.83064e-05
0.00014586
0.00014586
0.000133135
0.000133135
0.000140131
0.000140131
1.75451e-05
1.75451e-05
1.75451e-05
0.000144145
0.000144145
0.000215261
0.000215261
0.000110147
0.000110147
0.00014541
0.00014541
3.57462e-05
3.57462e-05
2.50339e-05
2.50339e-05
0.000269017
0.000269017
0.000144921
0.000144921
1.37178e-05
1.37178e-05
1.37178e-05
1.66335e-05
1.66335e-05
1.66335e-05
1.39897e-05
1.39897e-05
1.39897e-05
0.000222929
0.000222929
9.60383e-05
9.60383e-05
0.000149022
0.000149022
0.000240643
0.000240643
1.4431e-05
1.4431e-05
1.4431e-05
0.00012889
0.00012889
0.000230148
0.000230148
0.000148512
0.000148512
1.24507e-05
1.24507e-05
1.24507e-05
1.22187e-05
1.22187e-05
1.22187e-05
1.25342e-05
1.25342e-05
1.25342e-05
1.07122e-05
1.07122e-05
1.07122e-05
1.5625e-05
1.5625e-05
1.5625e-05
1.0577e-05
1.0577e-05
1.0577e-05
1.14471e-05
1.14471e-05
1.14471e-05
1.10695e-05
1.10695e-05
1.10695e-05
0.00016367
0.00016367
3.15558e-05
3.15558e-05
0.000141995
0.000141995
9.57936e-06
9.57936e-06
9.57936e-06
7.56265e-06
7.56265e-06
7.56265e-06
7.89273e-06
7.89273e-06
7.89273e-06
3.32156e-05
3.32156e-05
0.000230629
0.000230629
0.000209509
0.000209509
1.05557e-05
1.05557e-05
1.05557e-05
8.62191e-06
8.62191e-06
8.62191e-06
8.35905e-06
8.35905e-06
8.35905e-06
0.000144756
0.000144756
0.000147359
0.000147359
2.48322e-05
2.48322e-05
0.000135039
0.000135039
0.000270541
0.000270541
0.000114664
0.000114664
9.51385e-05
9.51385e-05
2.50276e-05
2.50276e-05
1.04474e-05
1.04474e-05
1.04474e-05
3.31976e-05
3.31976e-05
2.20525e-05
2.20525e-05
3.49159e-05
3.49159e-05
2.32257e-05
2.32257e-05
2.28384e-05
2.28384e-05
2.2513e-05
2.2513e-05
7.55387e-06
7.55387e-06
7.55387e-06
7.85355e-06
7.85355e-06
7.85355e-06
0.000156961
0.000156961
0.000231959
0.000231959
0.000100353
0.000100353
0.000276732
0.000276732
1.37006e-05
1.37006e-05
2.02434e-05
2.02434e-05
1.89814e-05
1.89814e-05
9.76566e-05
9.76566e-05
0.000124203
0.000124203
2.15704e-05
2.15704e-05
0.000228834
0.000228834
9.99769e-05
9.99769e-05
0.000135251
0.000135251
0.000128958
0.000128958
9.67909e-06
9.67909e-06
9.67909e-06
0.000122561
0.000122561
0.00010601
0.00010601
0.000107739
0.000107739
2.16323e-05
2.16323e-05
0.0002637
0.0002637
0.000117075
0.000117075
0.000224092
0.000224092
1.41462e-05
1.41462e-05
1.41462e-05
0.000101432
0.000101432
0.000268376
0.000268376
9.86226e-05
9.86226e-05
1.83469e-05
1.83469e-05
9.72736e-06
9.72736e-06
9.72736e-06
0.000142802
0.000142802
0.000235767
0.000235767
0.000280053
0.000280053
9.33636e-05
9.33636e-05
0.000105916
0.000105916
9.0339e-06
9.0339e-06
9.0339e-06
0.000237387
0.000237387
0.000259383
0.000259383
0.000108778
0.000108778
0.000259381
0.000259381
0.000215187
0.000215187
2.26359e-05
2.26359e-05
0.00022043
0.00022043
0.000261437
0.000261437
0.000128173
0.000128173
0.000209011
0.000209011
0.000129538
0.000129538
0.00011796
0.00011796
0.000112563
0.000112563
6.48569e-06
6.48569e-06
6.48569e-06
0.00020817
0.00020817
1.98992e-05
1.98992e-05
9.32924e-06
9.32924e-06
9.32924e-06
0.000271494
0.000271494
)
;
    }
}


// ************************************************************************* //
