/*--------------------------------*- C++ -*----------------------------------*\
  =========                 |
  \\      /  F ield         | OpenFOAM: The Open Source CFD Toolbox
   \\    /   O peration     | Website:  https://openfoam.org
    \\  /    A nd           | Version:  8
     \\/     M anipulation  |
\*---------------------------------------------------------------------------*/
FoamFile
{
    version     2.0;
    format      ascii;
    class       volScalarField;
    location    "0.6";
    object      p;
}
// * * * * * * * * * * * * * * * * * * * * * * * * * * * * * * * * * * * * * //

dimensions      [1 -1 -2 0 0 0 0];

internalField   nonuniform List<scalar> 
1924
(
0
-4.732
-5.00837
-4.90426
-4.52932
-5.10351
-4.99345
-5.23236
-5.11152
-4.81698
-5.36052
-5.28753
21.2023
-5.61836
-7.68554
-7.69517
0.157334
-5.52778
24.8049
-5.80915
161.918
-8.97396
2.9649
-5.6393
-9.10497
-8.14449
-7.84168
-4.81816
-4.7709
-3.32675
1.20947
-8.89188
-4.25634
-0.381449
-4.82044
2.52521
-8.5166
-4.81467
-3.12436
1.69711
-8.29146
76.1697
-8.42212
11.7485
-3.73957
-5.21027
8.77346
-4.12693
412.402
250.878
338.184
22.2959
-9.07748
390.534
-5.75363
-4.7447
26.6795
-4.02073
-4.87373
-7.19023
56.816
-7.83022
158.705
-2.45314
403.041
-4.31701
-7.53959
0.265251
-5.21321
289.735
20.2741
-7.73127
-3.02114
-3.45837
-3.62922
-3.40053
-4.24747
-3.75406
-3.89825
240.976
-4.76579
-7.52332
-3.37942
67.0438
-5.86015
-0.175552
-4.85504
-7.88225
340.804
36.678
-7.34852
-7.52357
-5.52061
-6.38744
19.8722
432.739
-4.401
-4.77731
-7.15034
0.388457
-5.28744
17.4502
-7.18766
-7.41654
-6.44848
-4.14516
-5.67037
-6.68547
-7.54492
-5.90623
-4.49646
-5.52147
-4.58821
-3.34917
-3.90752
122.097
-5.22717
-7.679
-9.13384
-4.12523
24.3927
812.165
225.846
89.268
-7.77445
-6.7194
-5.61275
-3.88904
-5.86273
729.489
-4.47992
-5.58294
-3.10726
-3.4185
12.0252
-6.39331
-5.09408
-5.43098
-5.9341
-4.64759
-4.63934
-7.75131
24.989
-4.3471
-5.45062
576.868
-6.72671
1.54938
-8.63753
-18.0146
-3.24417
903.803
0.312948
-5.81041
-5.38732
-6.76783
854.678
-5.03041
-4.62088
-3.34076
-3.3795
-4.20094
-5.75155
790.993
-2.97193
-6.48078
-6.77432
917.964
-4.13635
-6.04711
-4.44512
-5.61935
-4.20361
-7.35151
-4.65301
-7.08505
-3.24722
33.8125
3.99611
-5.97355
-7.45176
-7.47843
-3.74978
-6.88087
521.396
-4.3086
-5.21737
-7.43922
-4.31395
-3.51404
-6.8592
-5.55831
-4.60934
-5.93638
-6.83513
878.345
-7.38643
-7.40411
-7.40065
-7.51342
-1.83722
-4.61617
-6.41741
-5.82361
-4.3466
-7.57412
-6.18311
-0.208807
5.04436
2.05926
756.113
-5.97141
-7.12033
-6.96517
-7.52516
-3.99901
-9.04129
-6.9568
-6.18802
-3.95774
-6.97236
-3.36336
-6.54224
-7.41145
-5.75695
-7.44768
-4.73582
-4.4315
-6.93103
-7.93549
-4.49078
-7.03059
-7.58462
3.28617
-7.31717
-3.47432
-6.75162
-6.49637
-6.49872
839.501
-7.50063
-7.88556
-6.08768
-4.26343
-1.53275
7.51594
-6.08704
-4.63786
-3.81238
-4.34104
-1.19529
751.377
-7.05046
-6.15913
-4.32509
-7.30887
-8.29091
-8.14677
-7.15651
-6.56067
-7.11276
-6.65055
-7.38188
-3.96912
-8.98006
-3.70415
169.435
-4.18691
-6.38056
27.8077
-7.85425
-3.23073
-4.81513
-8.06197
-6.94217
-4.86143
-6.07106
-7.34847
-6.09545
-7.93106
16.0757
872.193
-7.3474
-7.05795
83.4547
-3.57263
-4.72485
744.285
-7.04885
-7.92239
-6.63935
-3.34943
-7.21799
-6.83171
196.976
-2.73913
-7.4221
-1.95874
-4.10889
-6.9553
821.46
-6.27489
-5.88852
-9.38899
-6.5859
-7.92601
173.751
-5.2481
-8.23469
-3.38792
6.87188
-13.041
-7.16557
-9.9219
-4.48109
103.937
-7.21793
-7.11048
-6.8053
-7.14426
-3.60335
-8.1954
-6.25415
-2.79453
-7.75296
-4.63524
-7.77697
-8.12623
-4.7272
-4.86026
-7.9406
-7.71994
-10.1917
-6.44976
-3.95566
-7.20728
-7.24592
-6.83851
-7.21396
-6.44933
-4.55418
-3.22289
-9.3861
-5.1825
-7.29761
-7.74181
-4.76271
-7.83409
-26.0832
-7.98492
-8.79486
2.67308
-2.38036
-6.59339
5.32933
-4.40302
698.006
-7.75396
-8.48836
433.104
-7.1362
-6.97679
-6.15136
-7.28588
-8.91913
-6.47821
-9.68988
-8.27101
-7.24352
-7.01689
-5.26976
-7.23749
-8.42049
-7.29269
-8.0695
84.8447
-7.09522
-7.42378
-9.08126
-7.78405
-7.78967
-4.32407
-7.81579
-7.15887
-8.07665
-5.12595
-3.87466
-7.75037
-8.3264
-6.69175
-2.95619
-10.237
-7.64773
-7.93712
-7.0911
2.74786
-8.93071
-9.28187
-4.83022
-7.69034
487.383
-4.18136
-3.67728
-6.49856
1007.29
-7.73423
-5.03089
-7.94527
-8.61062
-8.99984
-7.08797
-10.2631
-8.27147
-6.79634
-7.41715
-9.63337
-4.83407
-6.82389
-2.49098
-4.68016
-6.73851
-8.62344
-4.95587
1.50308
-9.16596
-5.76174
-4.4897
-3.58038
-9.9781
-8.17947
-7.87007
-4.76214
-7.75519
-19.1293
-7.28821
-8.38511
-5.47989
323.048
-7.12444
-9.15836
-8.27856
-9.12585
-7.24195
-1.47584
-7.88911
3.26359
-7.06627
-4.11049
-7.68592
-7.81543
-7.38032
-10.1422
-7.18443
-5.0002
-9.49262
-7.50021
-5.32343
-6.96401
-25.239
-7.81837
-4.6216
-9.5583
90.7811
-25.5102
-5.11593
-7.90275
-8.05951
-7.36035
-7.31312
-3.61054
-9.34131
-9.59672
-3.79713
-5.2095
-9.03086
-4.54363
-3.31442
-8.00028
-7.92684
-7.71132
-7.06061
-7.56395
-8.78237
-8.03546
-9.78401
-9.23594
-9.35872
-7.16794
-8.50888
-4.62672
272.9
-8.76927
-14.2982
-4.77395
-6.56633
-5.05275
-7.86436
-8.40744
-9.79148
-2.66417
-6.03883
-7.0973
-8.52026
-9.31151
1.26651
-9.77334
-6.69009
-9.89207
-10.1934
-5.61694
-4.40577
-4.9742
-8.2876
-7.23787
-8.26424
-8.19788
-9.30861
-7.5195
-7.78435
-7.87886
-32.636
-6.75582
-4.84075
-5.50231
-7.19469
-7.31645
-4.00719
56.0976
-9.70434
-7.52369
-31.475
-8.15104
-10.329
1.95655
-6.00891
-8.03426
-7.58806
-9.10695
24.0609
-9.33264
-9.75015
-2.42777
245.587
-4.33
-5.30552
-9.5784
-3.63969
-1.63184
-7.9147
-4.93843
-9.85375
-9.01242
-7.6572
-19.4132
-10.2876
-2.38491
16.7816
379.853
-1.87982
-3.58659
-9.1925
-33.9453
-6.77017
-8.88006
-8.64976
-3.21252
-4.76426
-4.76337
-3.79355
-9.93021
-5.21987
-9.16049
-10.1372
-8.51551
-4.21196
-8.21859
5.92443
0.205183
-6.02601
-4.45222
-9.19301
-7.74799
-7.92564
-8.39561
418.006
171.173
-6.52229
-45.7819
-5.06708
-3.11593
-9.71977
-29.4963
73.2321
428.305
347.856
-5.814
-8.18229
-4.38263
-8.05027
-32.7165
431.697
-6.5543
-7.42137
-3.88736
-10.2708
-8.04567
-7.29952
-4.62634
-7.21243
-81.7683
-9.51676
-7.10008
6.46218
-4.62763
-9.2612
-7.95339
-7.19968
-7.41129
413.419
-1.92192
-5.58292
-4.98842
-4.88175
-9.13883
-7.77503
-3.95868
25.7659
-7.80646
-7.15501
-2.15034
-7.76552
-10.3441
-4.4444
-34.0136
-10.2937
428.746
-10.4296
-0.0554582
-9.9476
-5.48848
-9.33219
-8.84271
-9.76638
-10.1482
-10.0419
-6.61386
-8.98534
-6.92785
-9.77469
-8.91511
-36.2122
-8.75821
-4.85341
-7.23491
12.2184
-8.493
-32.9362
-4.55213
-9.93882
-4.31684
-4.26603
186.633
-4.1578
-5.30809
-8.38895
-5.10327
-9.42722
-7.81758
-29.4574
-10.0739
-8.92548
-4.84825
285.773
-4.73679
-6.69498
-5.22531
-7.98328
-7.46001
384.198
12.5081
-6.1713
-6.29898
-7.99134
-8.07996
-9.16243
-7.75209
-8.21029
198.951
-5.88773
103.191
-2.99245
-7.5088
-4.86294
-10.4269
-39.2462
-6.46614
5.10128
-4.4257
-8.98669
-8.62804
-5.07458
-40.2324
-10.4485
-0.343147
495.247
-10.2828
-9.20741
-10.2887
-5.77642
-15.217
-32.287
336.304
-9.00748
267.11
-9.88912
-7.09983
-8.76944
-32.4304
-6.49355
143.526
-4.36097
-7.86809
-4.77344
22.2444
-7.6217
192.985
59.4988
437.549
-4.32869
-5.55861
-8.66285
-12.7842
-1.97279
-8.4268
-8.0845
-9.59338
-8.15468
-9.83746
-8.01833
-78.6835
514.007
-8.44808
-4.99794
435.572
-5.03032
1.45929
-9.82548
25.621
-20.9402
-5.47248
-8.97272
-10.0816
-8.07758
-5.49668
-3.93493
-7.17359
-3.91614
610.21
526.978
-7.89416
-3.95276
-8.34991
-7.03686
-5.30566
-8.58389
13.5138
-10.3856
-8.39431
190.758
-10.6371
-7.89985
-10.6733
-2.44019
-9.10296
-1.43553
-6.13824
-10.8692
-10.0855
64.4634
-9.49314
-86.5635
-4.63906
-7.8398
-6.82897
-6.95672
-4.09269
-7.34648
-10.4832
-6.37467
-1.74336
-3.4035
-74.0723
-6.31649
-8.92095
-7.80723
-5.22688
-6.03082
435.987
-10.2306
-50.5082
204.48
-6.31239
-9.54512
-4.24865
-4.85696
-6.64653
-5.68793
-7.92511
-8.69622
-8.56002
-4.25337
-5.81349
-2.56621
432.683
-29.6462
50.3482
-7.99034
459.357
-9.20704
-9.90035
-124.827
-7.23729
-6.48959
363.005
-8.23137
-5.72485
-7.56143
-8.11485
-8.59233
32.8793
-7.6501
-5.07915
-17.0299
-10.9935
-8.0378
-10.7068
-4.56987
-7.99861
-5.54059
692.075
-4.9831
437.344
-10.8813
-10.1115
822.735
-123.354
-10.7745
-7.54778
-7.89841
-78.8188
-8.0069
-8.41269
190.397
-4.78432
-7.74325
-9.60846
-127.707
-9.6693
712.299
-4.45184
-8.11202
-6.5715
-9.35217
-3.98812
-93.3158
-8.95859
641.157
-9.89377
125.881
-8.59992
-5.459
-37.0258
-89.1455
-7.78754
-7.45027
-3.93921
-5.00387
-87.1002
380.826
-10.3086
-6.01075
-21.157
-7.95353
-4.07203
-10.3569
-9.01236
-8.81268
-5.18692
-8.34664
-8.19631
-6.77711
-5.29994
100.05
-6.90137
-6.30456
-6.21696
-6.04901
-7.83156
-113.368
-7.39312
36.4157
-4.20636
-11.5629
1017.13
-11.2053
-8.32895
-6.43309
491.952
-11.2521
-6.48825
-11.222
-4.03869
-5.95606
436.613
953.692
-8.60422
316.205
-10.7517
-7.53375
-4.65205
-4.39879
-7.48301
-7.16588
379.925
-5.77387
-19.8213
-5.22325
-7.15575
-7.94074
-10.9361
-6.38631
-7.87388
-10.3969
-111.091
-9.33836
0.666817
-8.00381
-73.4656
-10.7401
-8.5212
-4.86442
436.918
-5.69146
433.326
440.041
-9.87545
-6.48063
-9.16496
201.373
-7.6441
-127.318
-9.73024
-1.36235
-39.3097
-8.14973
38.4943
-92.4346
114.35
74.1094
-7.94171
7.3245
-5.52766
-18.6691
-7.69244
832.499
-8.79196
-6.68133
-8.19662
-11.5078
696.959
-5.08281
-9.43874
-4.59007
-11.2579
-7.2503
-4.7255
-10.0987
-11.2449
-8.24623
-6.85998
-7.70564
-11.1457
-107.956
-5.99077
-11.7761
-8.37615
-7.39986
44.2899
-11.6877
-83.7763
-9.49268
-8.6956
-5.44677
-5.19637
-49.5063
-4.79582
-125.935
-8.13008
-8.04008
-60.9462
-11.2238
330.471
-137.337
-7.98552
-22.7427
-0.248104
-7.43341
-5.05944
-6.2373
91.8718
-5.82229
189.427
-7.81887
-9.69383
-6.15247
-5.99563
-9.47405
-10.6312
-10.4312
-9.76592
-6.45829
-7.03817
-6.37818
529.191
-5.0112
-5.30006
-9.02137
-5.68493
-8.51102
-3.54357
-2.82887
8.93055
-122.35
-5.91184
-8.22638
1280.61
1151.81
-4.6096
-5.17673
-1.4905
-8.6378
-88.6444
-7.52149
-7.69407
-8.33338
-7.87275
-11.7877
-5.74623
-11.3588
-11.4059
-8.86655
-5.06684
-6.61418
12.3591
-7.38996
-4.62392
-6.97956
-11.9467
-6.69128
-8.44816
-75.9698
-10.9821
-96.5147
-37.2067
-5.29581
-43.5882
-5.22607
-7.25919
-11.6598
-5.67089
808.92
-7.67332
563.213
-6.51582
-15.4477
-10.7205
-8.63505
1383.39
-7.97722
-6.70708
-10.7421
-4.0537
-9.27574
-3.75005
171.561
-77.3045
-124.605
-5.53287
-9.76641
-7.73893
-10.016
-3.66443
-8.05632
-4.15545
-4.03356
-8.95645
-9.05568
-7.34209
-4.55833
-8.55433
11.4234
-50.73
-4.81778
-158.343
-4.24968
-11.4775
435.113
-127.282
-11.0957
-8.18473
-11.5546
-21.2604
-8.26772
434.994
434.459
-7.74733
-83.8706
-8.18908
-6.41193
-20.2681
-11.8999
-10.8826
-79.1056
-7.85826
-6.33201
-6.19033
-6.95061
-8.75183
-7.67971
-4.43998
-5.46326
-8.02853
-8.35837
-7.49817
-3.66677
-97.3962
-11.5154
-6.1104
-5.96192
1140.74
-3.07469
-7.91901
436.521
1426.75
-94.0309
-6.23702
-4.67512
-10.3887
-4.13704
-4.13611
353.395
-8.63988
-5.88368
-7.57549
-8.10064
-7.14824
-6.56293
-80.2745
-8.43929
18.3409
-9.43499
-10.3382
440.686
-4.87616
-9.68849
161.413
522.774
-9.18551
-5.72333
-5.4968
-6.641
-147.995
-153.944
213.92
-7.73867
-8.1707
-8.8216
101.362
-3.61067
-8.25701
-8.33323
-105.176
-7.73475
-183.685
-9.45334
-36.3936
1615.82
-7.63022
-10.7583
-11.0815
-5.08732
-8.4152
-11.0272
12.8051
-4.60692
-8.0401
628.02
-11.1252
-1.41056
-73.8833
-8.40182
-7.32512
-8.68461
-86.2414
-8.49581
-0.805411
-10.3765
471.107
-5.64048
-8.12508
-2.03644
-6.94847
-62.0946
-7.8016
-6.99485
22.692
-7.93334
-6.98803
-6.36967
339.158
244.565
-10.2986
-10.1996
-3.64849
38.4879
-7.40566
-71.6431
-75.985
433.552
-5.29896
-6.29371
-8.59715
-10.0108
-6.51071
-8.09742
-8.16779
-7.99849
-141.79
-8.44903
-56.3387
-6.83208
-8.24161
-8.51617
893.149
1245.46
-7.58554
-5.20813
-8.81136
-13.4584
2.56556
-9.18286
-1.78287
-8.23636
-0.110441
-8.3722
-4.74948
-6.15635
212.388
759.901
-8.64242
-8.31295
-1.19745
1174.06
271.423
-8.10521
-66.1284
-169.166
-2.86402
-107.456
-6.58857
-10.1407
-6.08122
86.415
-95.0128
-5.94621
-9.86362
-7.66377
-10.3409
-222.291
-67.4275
435.098
-8.40949
-8.20483
1780.6
-8.31406
-5.53158
-9.94016
-7.81779
-8.47234
-9.87002
-8.32744
-4.51604
-8.3686
587.57
-8.457
-62.6935
-8.13198
-7.89001
-8.98899
-6.54662
-4.06279
-9.65754
-8.8196
647.113
-7.16806
-8.39165
-5.87805
-8.4018
-4.12935
-164.102
-8.03318
-4.24335
-4.22764
435.647
-8.48777
-6.46961
-3.78879
-62.9451
-8.34993
-8.4024
435.918
-8.19305
-8.42758
-8.4078
-5.95518
-8.65384
-4.09561
-8.25807
-6.54341
-110.227
-8.41263
-7.24542
-201.203
-8.48317
-9.25134
-70.3862
-6.3364
-69.5124
-7.43346
-4.52749
-4.60729
402.579
-226.698
-8.39523
1709.77
-8.32929
-8.44476
9.44976
-8.40333
-7.28548
-8.10522
-6.75428
436.047
-4.80837
-8.5211
-7.92435
-5.63373
297.631
205.41
464.068
470.86
-8.57141
934.276
-8.89131
-7.68961
-9.10012
-8.43118
-7.76675
-8.25313
101.556
-8.29653
-4.63091
-4.26436
-7.52171
-8.00275
591.49
-5.01787
-8.87849
-64.3608
-8.97041
-82.6652
-55.5084
-35.7966
-8.36568
1593.02
402.575
279.418
5.88816
-7.01684
781.809
-8.45062
-8.33422
51.043
6.6111
-8.53045
2.6386
-6.26474
283.852
-0.528863
-6.8882
155.267
-8.58751
-8.38929
823.972
-5.22646
-2.86495
-8.51429
-65.0473
-8.35663
-8.74982
-8.30743
-8.1766
-8.1462
-8.24428
-9.52752
-8.05093
-122.975
-8.23832
222.533
-8.39488
-6.50751
-8.14273
-69.4764
-7.13668
2006.88
655.583
-4.62134
-6.84352
-6.68893
-7.98856
-7.38152
-8.41884
-54.8518
-8.50861
-8.23966
-5.45396
-6.43844
-7.80632
-61.2063
-8.91318
-6.13516
-8.56015
-8.04029
-7.88925
-8.02403
-180.127
-7.59862
-7.74527
-201.605
-8.30308
-7.1134
-5.9136
-8.4391
-6.63949
-7.64171
-5.87674
-8.23661
-7.74123
-7.83561
-96.184
-7.60828
-7.16596
-8.31622
-8.02839
-1.83598
-7.71303
-6.06826
-7.89448
-7.29855
-7.57265
-8.13414
461.449
-7.56113
591.179
-7.38008
-66.7186
-8.33561
848.171
-8.21343
-8.70541
-5.6076
-7.47066
783.117
-7.00082
-8.4482
654.967
1258.2
1805.64
406.866
-7.67629
-6.71303
-6.76906
399.521
-6.60394
-6.67189
-42.0405
-8.135
246.172
-7.19536
-6.8739
-8.50494
-7.00866
-7.41476
-29.3266
-6.31468
-6.55125
-7.70504
-6.91551
-6.4842
-6.77533
468.949
-95.728
-7.92706
224.215
-49.9543
-7.87011
1.36264
-7.25513
-7.68902
7.5967
-8.18119
-8.64165
4.51791
-6.59934
-6.64545
-48.5034
0.843311
-1.9149
-6.80341
-10.2164
-6.69476
-7.77353
-6.97177
-6.34084
-8.02385
56.2207
238.931
153.848
-3.94068
-6.60254
-8.33127
-7.49073
-8.34933
-6.28074
783.617
-8.57408
-6.07122
-6.99749
-8.42552
-76.0262
-68.7482
406.326
-5.40106
-8.24995
-7.93474
1549.95
-6.58103
-5.94713
-6.4178
-6.7619
-6.02544
-118.925
-151.973
-8.40005
-7.58401
-150.581
-7.51899
-6.66744
-6.07509
-6.89664
848.114
-9.15331
-8.73869
-8.56357
-60.5279
-6.41878
-7.43523
-6.56977
-7.12223
-7.01486
-6.73605
-5.87278
-7.1806
-5.66029
-31.8905
-7.08753
-6.80084
-6.56502
23.644
-6.80008
-6.27538
-7.26308
130.182
95.8016
409.707
-6.82938
-5.55548
-5.81344
-6.96111
-8.7075
-7.45703
849.328
676.607
-6.126
-5.97806
-7.33091
-7.57778
-5.37182
-6.87311
-6.39173
-8.14287
-5.81695
-6.00871
-6.05314
-6.24763
0.589465
-8.13804
-6.61861
-5.46989
-6.85278
-6.31973
-7.66289
-7.85009
-7.8149
656.326
-7.17214
-6.57505
3.0864
-5.33041
-8.37505
1136.14
-7.2455
-6.57696
-7.12745
-8.37971
-5.09709
-8.64673
-8.42931
-7.41312
-6.93326
-8.59332
-6.76928
-5.28903
-8.44639
-6.92417
-5.80927
284.117
-5.26176
-7.91178
-5.41687
-6.46223
-5.66895
-7.09297
104.963
-18.7337
-7.32671
595.681
-8.22447
-7.17567
-6.91841
-6.95754
-5.99397
-7.5953
-8.27064
-6.98703
-7.48161
-4.99453
-7.03162
-4.98623
-6.89038
784.547
849.548
-5.28768
-7.01253
-6.95734
-59.8356
-6.78887
-7.00542
-8.53214
-7.40435
-7.71256
-6.4299
-7.25489
-6.36021
-6.39928
-5.44812
-4.97816
-4.87452
-5.14752
-6.56345
-6.71462
-6.30865
-6.92224
-7.51255
-5.84567
-4.92134
-74.0171
-4.86264
-7.34424
-4.83025
596.588
470.666
-7.56606
-5.03222
-7.08245
-8.03549
-8.16489
-7.48666
-7.12149
-7.95926
-7.15373
-5.11316
-7.12414
-7.19728
-5.32815
-6.8648
-4.68697
-6.29684
-5.65895
-6.67739
-7.05355
-7.23313
-8.21985
-8.34721
-7.29774
-6.4047
-7.42365
-7.08811
-4.65999
-7.80653
-6.08999
-4.96967
-4.70613
-5.29382
-4.87838
-4.94494
-7.62829
217.702
-7.56555
-5.54013
-4.81457
-7.37449
-7.23742
-7.02413
-7.96824
-7.93606
-7.85223
-7.91938
-7.27945
-7.70721
-5.11801
-7.31064
-7.51983
-7.26324
-4.76838
-7.20471
-4.88102
-4.81097
-4.71963
-7.48413
-7.45532
-4.61185
-7.71697
-7.33636
-4.58166
-7.41245
-7.48381
-4.62469
-6.23516
-7.6811
-7.73452
-7.6571
-7.43972
-7.52729
659.62
785.397
-7.69773
849.913
-7.63873
849.336
-4.5529
-4.57225
-8.07644
-4.64547
-4.6655
-5.39458
-4.60062
-4.55991
-5.93385
-5.83295
-7.74388
-7.79446
-8.06107
-7.76022
-7.71088
-7.83647
-7.78855
-7.70929
-4.95159
-4.88252
-4.80149
-4.74628
-4.63412
-4.68325
-7.89278
-7.503
-3.85275
-7.55886
-7.64788
-7.59768
-244.253
-211.05
245.463
69.0051
115.41
504.888
-51.41
-10.1068
434.489
-46.2765
150.319
742.408
-4.01268
184.826
17.944
322.519
179.972
-8.55885
653.68
157.282
-9.27148
368.793
342.21
-6.84836
198.406
437.801
436.391
539.138
598.836
428.754
623.614
537.48
582.12
24.6014
105.503
312.029
483.611
521.503
510.272
308.127
-7.49097
-12.7079
459.13
484.575
431.03
369.391
315.312
484.561
73.5928
-4.05756
212.422
896.902
858.246
475.125
617.316
663.474
611.434
614.794
681.815
640.022
1014.68
915.554
76.3379
-7.74298
312.485
-4.19972
634.494
460.347
441.136
372.541
313.794
435.63
-7.83038
349.253
271.537
373.959
466.925
308.676
296.693
415.316
379.811
-4.95248
358.04
-8.44185
437.629
231.96
-5.0066
290.633
479.618
404.03
329.995
-8.95131
-5.6806
508.962
447.794
1063.04
-8.85434
-4.8687
392.247
-5.01019
-8.87138
492.955
-9.40329
-4.91183
101.975
-9.38055
108.97
165.357
222.095
485.63
-7.85322
997.813
1028.05
-5.24122
)
;

boundaryField
{
    patch0
    {
        type            calculated;
        value           nonuniform List<scalar> 
4010
(
1.42109e-14
1.42109e-14
-4.732
-4.732
-5.00837
-5.00837
-4.90426
-4.90426
-4.52932
-4.52932
-5.10351
-5.10351
-4.99345
-4.99345
-5.23236
-5.23236
-5.11152
-5.11152
-4.81698
-4.81698
-5.36052
-5.36052
-5.28753
-5.28753
21.2023
21.2023
-5.61836
-5.61836
-7.68554
-7.68554
-7.69517
-7.69517
0.157334
0.157334
-5.52778
-5.52778
24.8049
24.8049
-5.80915
-5.80915
161.918
161.918
-8.97396
-8.97396
2.9649
2.9649
-5.6393
-5.6393
-9.10497
-9.10497
-8.14449
-8.14449
-7.84168
-7.84168
-4.81816
-4.81816
-4.7709
-4.7709
-3.32675
-3.32675
1.20947
1.20947
-8.89188
-8.89188
-4.25634
-4.25634
-0.381449
-0.381449
-4.82044
-4.82044
2.52521
2.52521
-8.5166
-8.5166
-4.81467
-4.81467
-3.12436
-3.12436
1.69711
1.69711
-8.29146
-8.29146
76.1697
76.1697
-8.42212
-8.42212
11.7485
11.7485
-3.73957
-3.73957
-5.21027
-5.21027
8.77346
8.77346
-4.12693
-4.12693
412.402
412.402
250.878
250.878
338.184
338.184
22.2959
22.2959
-9.07748
-9.07748
390.534
390.534
-5.75363
-5.75363
-4.7447
-4.7447
26.6795
26.6795
-4.02073
-4.02073
-4.87373
-4.87373
-7.19023
-7.19023
56.816
56.816
-7.83022
-7.83022
158.705
158.705
-2.45314
-2.45314
403.041
403.041
-4.31701
-4.31701
-7.53959
-7.53959
0.265251
0.265251
-5.21321
-5.21321
289.735
289.735
20.2741
20.2741
-7.73127
-7.73127
-3.02114
-3.02114
-3.45837
-3.45837
-3.62922
-3.62922
-3.40053
-3.40053
-4.24747
-4.24747
-3.75406
-3.75406
-3.89825
-3.89825
240.976
240.976
-4.76579
-4.76579
-7.52332
-7.52332
-3.37942
-3.37942
67.0438
67.0438
-5.86015
-5.86015
-0.175552
-0.175552
-4.85504
-4.85504
-7.88225
-7.88225
340.804
340.804
36.678
36.678
-7.34852
-7.34852
-7.52357
-7.52357
-5.52061
-5.52061
-6.38744
-6.38744
19.8722
19.8722
432.739
432.739
-4.401
-4.401
-4.77731
-4.77731
-7.15034
-7.15034
0.388457
0.388457
-5.28744
-5.28744
17.4502
17.4502
-7.18766
-7.18766
-7.41654
-7.41654
-6.44848
-6.44848
-4.14516
-4.14516
-5.67037
-5.67037
-6.68547
-6.68547
-7.54492
-7.54492
-5.90623
-5.90623
-4.49646
-4.49646
-5.52147
-5.52147
-4.58821
-4.58821
-3.34917
-3.34917
-3.90752
-3.90752
122.097
122.097
-5.22717
-5.22717
-7.679
-7.679
-9.13384
-9.13384
-4.12523
-4.12523
24.3927
24.3927
812.165
812.165
225.846
225.846
89.268
89.268
-7.77445
-7.77445
-6.7194
-6.7194
-5.61275
-5.61275
-3.88904
-3.88904
-5.86273
-5.86273
729.489
729.489
-4.47992
-4.47992
-5.58294
-5.58294
-3.10726
-3.10726
-3.4185
-3.4185
12.0252
12.0252
-6.39331
-6.39331
-5.09408
-5.09408
-5.43098
-5.43098
-5.9341
-5.9341
-4.64759
-4.64759
-4.63934
-4.63934
-7.75131
-7.75131
24.989
24.989
41.2893
-4.3471
-4.3471
-4.07854
-5.45062
-5.45062
576.868
576.868
-6.72671
-6.72671
1.54938
1.54938
-8.63753
-8.63753
-18.0146
-18.0146
-3.24417
-3.24417
903.803
903.803
997.543
0.312948
0.312948
-5.81041
-5.81041
-5.38732
-5.38732
-6.76783
-6.76783
854.678
854.678
-5.03041
-5.03041
-4.62088
-4.62088
-3.34076
-3.34076
-3.3795
-3.3795
-4.20094
-4.20094
-5.75155
-5.75155
790.993
790.993
-2.97193
-2.97193
-6.48078
-6.48078
-6.77432
-6.77432
917.964
917.964
-4.13635
-4.13635
-6.04711
-6.04711
-4.44512
-4.44512
-5.61935
-5.61935
-4.20361
-4.20361
-7.35151
-7.35151
-4.65301
-4.65301
-7.08505
-7.08505
-3.24722
-3.24722
33.8125
33.8125
3.99611
3.99611
-5.97355
-5.97355
-7.45176
-7.45176
-7.47843
-7.47843
-3.74978
-3.74978
-6.88087
-6.88087
521.396
521.396
-4.3086
-4.3086
-5.21737
-5.21737
-7.43922
-7.43922
-4.31395
-4.31395
-3.51404
-3.51404
-6.8592
-6.8592
-5.55831
-5.55831
-4.60934
-4.60934
-5.93638
-5.93638
-6.83513
-6.83513
878.345
878.345
972.085
-7.38643
-7.38643
-7.40411
-7.40411
-7.40065
-7.40065
-7.51342
-7.51342
-1.83722
-1.83722
-4.61617
-4.61617
-6.41741
-6.41741
-5.82361
-5.82361
-4.3466
-4.3466
-7.57412
-7.57412
-6.18311
-6.18311
-0.208807
-0.208807
5.04436
5.04436
2.05926
2.05926
3.98664
756.113
756.113
-5.97141
-5.97141
-7.12033
-7.12033
-6.96517
-6.96517
-7.52516
-7.52516
-3.99901
-3.99901
-9.04129
-9.04129
-6.9568
-6.9568
-6.18802
-6.18802
-3.95774
-3.95774
-6.97236
-6.97236
-3.36336
-3.36336
-6.54224
-6.54224
-7.41145
-7.41145
-5.75695
-5.75695
-7.44768
-7.44768
-4.73582
-4.73582
-4.4315
-4.4315
-6.93103
-6.93103
-7.93549
-7.93549
-4.49078
-4.49078
-7.03059
-7.03059
-7.58462
-7.58462
3.28617
3.28617
-7.31717
-7.31717
-3.47432
-3.47432
-3.25842
-6.75162
-6.75162
-6.49637
-6.49637
-6.49872
-6.49872
839.501
839.501
933.242
-7.50063
-7.50063
-7.88556
-7.88556
-6.08768
-6.08768
-4.26343
-4.26343
-1.53275
-1.53275
7.51594
7.51594
-6.08704
-6.08704
-4.63786
-4.63786
-3.81238
-3.81238
-4.34104
-4.34104
-1.19529
-1.19529
751.377
751.377
-7.05046
-7.05046
-6.15913
-6.15913
-4.32509
-4.32509
-7.30887
-7.30887
-8.29091
-8.29091
-8.14677
-8.14677
-7.15651
-7.15651
-6.56067
-6.56067
-7.11276
-7.11276
-6.65055
-6.65055
-7.38188
-7.38188
-3.96912
-3.96912
-8.98006
-8.98006
-3.70415
-3.70415
169.435
169.435
-4.18691
-4.18691
-6.38056
-6.38056
27.8077
27.8077
-7.85425
-7.85425
-3.23073
-3.23073
-4.81513
-4.81513
-8.06197
-8.06197
-6.94217
-6.94217
-4.86143
-4.86143
-6.07106
-6.07106
-7.34847
-7.34847
-6.09545
-6.09545
-7.93106
-7.93106
16.0757
16.0757
872.193
872.193
938.981
-7.3474
-7.3474
-7.05795
-7.05795
83.4547
83.4547
-3.57263
-3.57263
-4.72485
-4.72485
744.285
744.285
-7.04885
-7.04885
-7.92239
-7.92239
-6.63935
-6.63935
-3.34943
-3.34943
-7.21799
-7.21799
-6.83171
-6.83171
196.976
196.976
-2.73913
-2.73913
-7.4221
-7.4221
-1.95874
-1.95874
-4.10889
-4.10889
-6.9553
-6.9553
821.46
821.46
911.24
-6.27489
-6.27489
-5.88852
-5.88852
-9.38899
-9.38899
-6.5859
-6.5859
-7.92601
-7.92601
173.751
173.751
-5.2481
-5.2481
-8.23469
-8.23469
-3.38792
-3.38792
6.87188
6.87188
-13.041
-13.041
-7.16557
-7.16557
-9.9219
-9.9219
-4.48109
-4.48109
103.937
103.937
-7.21793
-7.21793
-7.11048
-7.11048
-6.8053
-6.8053
-7.14426
-7.14426
-3.60335
-3.60335
-8.1954
-8.1954
-6.25415
-6.25415
-2.79453
-2.79453
-7.75296
-7.75296
-4.63524
-4.63524
-7.77697
-7.77697
-8.12623
-8.12623
-4.7272
-4.7272
-4.86026
-4.86026
-7.9406
-7.9406
-7.71994
-7.71994
-10.1917
-10.1917
-6.44976
-6.44976
-3.95566
-3.95566
-7.20728
-7.20728
-7.24592
-7.24592
-6.83851
-6.83851
-7.21396
-7.21396
-6.44933
-6.44933
-4.55418
-4.55418
-3.22289
-3.22289
-9.3861
-9.3861
-5.1825
-5.1825
-7.29761
-7.29761
-7.74181
-7.74181
-4.76271
-4.76271
-7.83409
-7.83409
-26.0832
-26.0832
-7.98492
-7.98492
-8.79486
-8.79486
2.67308
2.67308
-2.38036
-2.38036
-6.59339
-6.59339
5.32933
5.32933
-4.40302
-4.40302
698.006
698.006
-7.75396
-7.75396
-8.48836
-8.48836
433.104
433.104
-7.1362
-7.1362
-6.97679
-6.97679
-6.15136
-6.15136
-7.28588
-7.28588
-8.91913
-8.91913
-6.47821
-6.47821
-9.68988
-9.68988
-8.27101
-8.27101
-7.24352
-7.24352
-7.01689
-7.01689
-5.26976
-5.26976
-7.23749
-7.23749
-8.42049
-8.42049
-7.29269
-7.29269
-8.0695
-8.0695
84.8447
84.8447
-7.09522
-7.09522
-7.42378
-7.42378
-9.08126
-9.08126
-7.78405
-7.78405
-7.78967
-7.78967
-4.32407
-4.32407
-7.81579
-7.81579
-7.15887
-7.15887
-8.07665
-8.07665
-5.12595
-5.12595
-3.87466
-3.87466
-7.75037
-7.75037
-8.3264
-8.3264
-6.69175
-6.69175
-2.95619
-2.95619
-10.237
-10.237
-7.64773
-7.64773
-7.93712
-7.93712
-7.0911
-7.0911
2.74786
2.74786
8.45422
-8.93071
-8.93071
-9.28187
-9.28187
-4.83022
-4.83022
-7.69034
-7.69034
487.383
487.383
-4.18136
-4.18136
-3.67728
-3.67728
-6.49856
-6.49856
1007.29
1007.29
1055.66
-7.73423
-7.73423
-5.03089
-5.03089
-7.94527
-7.94527
-8.61062
-8.61062
-8.99984
-8.99984
-7.08797
-7.08797
-10.2631
-10.2631
-8.27147
-8.27147
-6.79634
-6.79634
-7.41715
-7.41715
-9.63337
-9.63337
-4.83407
-4.83407
-6.82389
-6.82389
-2.49098
-2.49098
-4.68016
-4.68016
-6.73851
-6.73851
-8.62344
-8.62344
-4.95587
-4.95587
1.50308
1.50308
-9.16596
-9.16596
-5.76174
-5.76174
-4.4897
-4.4897
-3.58038
-3.58038
-9.9781
-9.9781
-8.17947
-8.17947
-7.87007
-7.87007
-4.76214
-4.76214
-7.75519
-7.75519
-19.1293
-19.1293
-7.28821
-7.28821
-8.38511
-8.38511
-5.47989
-5.47989
323.048
323.048
-7.12444
-7.12444
-9.15836
-9.15836
-8.27856
-8.27856
-9.12585
-9.12585
-7.24195
-7.24195
-1.47584
-1.47584
-7.88911
-7.88911
3.26359
3.26359
11.2464
-7.06627
-7.06627
-4.11049
-4.11049
-7.68592
-7.68592
-7.81543
-7.81543
-7.38032
-7.38032
-10.1422
-10.1422
-7.18443
-7.18443
-5.0002
-5.0002
-9.49262
-9.49262
-7.50021
-7.50021
-5.32343
-5.32343
-6.96401
-6.96401
-25.239
-25.239
-7.81837
-7.81837
-4.6216
-4.6216
-9.5583
-9.5583
90.7811
90.7811
-25.5102
-25.5102
-5.11593
-5.11593
-7.90275
-7.90275
-8.05951
-8.05951
-7.36035
-7.36035
-7.31312
-7.31312
-3.61054
-3.61054
-9.34131
-9.34131
-9.59672
-9.59672
-3.79713
-3.79713
-5.2095
-5.2095
-9.03086
-9.03086
-4.54363
-4.54363
-3.31442
-3.31442
-8.00028
-8.00028
-7.92684
-7.92684
-7.71132
-7.71132
-7.06061
-7.06061
-7.56395
-7.56395
-8.78237
-8.78237
-8.03546
-8.03546
-9.78401
-9.78401
-9.23594
-9.23594
-9.35872
-9.35872
-7.16794
-7.16794
-8.50888
-8.50888
-4.62672
-4.62672
272.9
272.9
-8.76927
-8.76927
-14.2982
-14.2982
-4.77395
-4.77395
-6.56633
-6.56633
-5.05275
-5.05275
-7.86436
-7.86436
-8.40744
-8.40744
-9.79148
-9.79148
-2.66417
-2.66417
-6.03883
-6.03883
-7.0973
-7.0973
-8.52026
-8.52026
-9.31151
-9.31151
1.26651
1.26651
-9.77334
-9.77334
-6.69009
-6.69009
-9.89207
-9.89207
-10.1934
-10.1934
-5.61694
-5.61694
-4.40577
-4.40577
-4.9742
-4.9742
-8.2876
-8.2876
-7.23787
-7.23787
-8.26424
-8.26424
-8.19788
-8.19788
-9.30861
-9.30861
-7.5195
-7.5195
-7.78435
-7.78435
-7.87886
-7.87886
-32.636
-32.636
-6.75582
-6.75582
-4.84075
-4.84075
-5.50231
-5.50231
-7.19469
-7.19469
-7.31645
-7.31645
-4.00719
-4.00719
56.0976
56.0976
-9.70434
-9.70434
-7.52369
-7.52369
-31.475
-31.475
-8.15104
-8.15104
-10.329
-10.329
1.95655
1.95655
-6.00891
-6.00891
-8.03426
-8.03426
-7.58806
-7.58806
-9.10695
-9.10695
24.0609
24.0609
-9.33264
-9.33264
-9.75015
-9.75015
-2.42777
-2.42777
245.587
245.587
-4.33
-4.33
-5.30552
-5.30552
-9.5784
-9.5784
-3.63969
-3.63969
-1.63184
-1.63184
-7.9147
-7.9147
-4.93843
-4.93843
-9.85375
-9.85375
-9.01242
-9.01242
-7.6572
-7.6572
-19.4132
-19.4132
-10.2876
-10.2876
-2.38491
-2.38491
16.7816
16.7816
379.853
379.853
-1.87982
-1.87982
-3.58659
-3.58659
-9.1925
-9.1925
-33.9453
-33.9453
-6.77017
-6.77017
-8.88006
-8.88006
-8.64976
-8.64976
-3.21252
-3.21252
-4.76426
-4.76426
-4.76337
-4.76337
-3.79355
-3.79355
-9.93021
-9.93021
-5.21987
-5.21987
-9.16049
-9.16049
-10.1372
-10.1372
-8.51551
-8.51551
-4.21196
-4.21196
-8.21859
-8.21859
5.92443
5.92443
0.205183
0.205183
-6.02601
-6.02601
-4.45222
-4.45222
-9.19301
-9.19301
-7.74799
-7.74799
-7.92564
-7.92564
-8.39561
-8.39561
418.006
418.006
171.173
171.173
-6.52229
-6.52229
-45.7819
-45.7819
-5.06708
-5.06708
-3.11593
-3.11593
-9.71977
-9.71977
-29.4963
-29.4963
73.2321
73.2321
428.305
428.305
347.856
347.856
-5.814
-5.814
-8.18229
-8.18229
-4.38263
-4.38263
-8.05027
-8.05027
-32.7165
-32.7165
431.697
431.697
-6.5543
-6.5543
-7.42137
-7.42137
-3.88736
-3.88736
-10.2708
-10.2708
-8.04567
-8.04567
-7.29952
-7.29952
-4.62634
-4.62634
-7.21243
-7.21243
-81.7683
-81.7683
-9.51676
-9.51676
-7.10008
-7.10008
6.46218
6.46218
-4.62763
-4.62763
-9.2612
-9.2612
-7.95339
-7.95339
-7.19968
-7.19968
-7.41129
-7.41129
413.419
413.419
-1.92192
-1.92192
-5.58292
-5.58292
-4.98842
-4.98842
-4.88175
-4.88175
-9.13883
-9.13883
-7.77503
-7.77503
-3.95868
-3.95868
25.7659
25.7659
-7.80646
-7.80646
-7.15501
-7.15501
-2.15034
-2.15034
-7.76552
-7.76552
-10.3441
-10.3441
-4.4444
-4.4444
-34.0136
-34.0136
-10.2937
-10.2937
428.746
428.746
-10.4296
-10.4296
-0.0554582
-0.0554582
-9.9476
-9.9476
-5.48848
-5.48848
-9.33219
-9.33219
-8.84271
-8.84271
-9.76638
-9.76638
-10.1482
-10.1482
-10.0419
-10.0419
-6.61386
-6.61386
-8.98534
-8.98534
-6.92785
-6.92785
-9.77469
-9.77469
-8.91511
-8.91511
-36.2122
-36.2122
-8.75821
-8.75821
-4.85341
-4.85341
-7.23491
-7.23491
12.2184
12.2184
-8.493
-8.493
-32.9362
-32.9362
-4.55213
-4.55213
-9.93882
-9.93882
-4.31684
-4.31684
-4.26603
-4.26603
186.633
186.633
-4.1578
-4.1578
-5.30809
-5.30809
-8.38895
-8.38895
-5.10327
-5.10327
-9.42722
-9.42722
-7.81758
-7.81758
-29.4574
-29.4574
-10.0739
-10.0739
-8.92548
-8.92548
-4.84825
-4.84825
285.773
285.773
-4.73679
-4.73679
-6.69498
-6.69498
-5.22531
-5.22531
-7.98328
-7.98328
-7.46001
-7.46001
384.198
384.198
12.5081
12.5081
-6.1713
-6.1713
-6.29898
-6.29898
-7.99134
-7.99134
-8.07996
-8.07996
-9.16243
-9.16243
-7.75209
-7.75209
-8.21029
-8.21029
198.951
198.951
-5.88773
-5.88773
103.191
103.191
-2.99245
-2.99245
-7.5088
-7.5088
-4.86294
-4.86294
-10.4269
-10.4269
-39.2462
-39.2462
-6.46614
-6.46614
5.10128
5.10128
-4.4257
-4.4257
-8.98669
-8.98669
-8.62804
-8.62804
-5.07458
-5.07458
-40.2324
-40.2324
-10.4485
-10.4485
-0.343147
-0.343147
495.247
495.247
-10.2828
-10.2828
-9.20741
-9.20741
-10.2887
-10.2887
-5.77642
-5.77642
-15.217
-15.217
-32.287
-32.287
336.304
336.304
-9.00748
-9.00748
267.11
267.11
-9.88912
-9.88912
-7.09983
-7.09983
-8.76944
-8.76944
-32.4304
-32.4304
-6.49355
-6.49355
143.526
143.526
-4.36097
-4.36097
-7.86809
-7.86809
-4.77344
-4.77344
22.2444
22.2444
-7.6217
-7.6217
192.985
192.985
59.4988
59.4988
47.4674
437.549
437.549
-4.32869
-4.32869
-5.55861
-5.55861
-8.66285
-8.66285
-12.7842
-12.7842
-1.97279
-1.97279
-8.4268
-8.4268
-8.0845
-8.0845
-9.59338
-9.59338
-8.15468
-8.15468
-9.83746
-9.83746
-8.01833
-8.01833
-78.6835
-78.6835
514.007
514.007
-8.44808
-8.44808
-4.99794
-4.99794
435.572
435.572
-5.03032
-5.03032
1.45929
1.45929
-9.82548
-9.82548
25.621
25.621
-20.9402
-20.9402
-5.47248
-5.47248
-8.97272
-8.97272
-10.0816
-10.0816
-8.07758
-8.07758
-5.49668
-5.49668
-3.93493
-3.93493
-7.17359
-7.17359
-3.91614
-3.91614
610.21
610.21
526.978
526.978
-7.89416
-7.89416
-3.95276
-3.95276
-8.34991
-8.34991
-7.03686
-7.03686
-5.30566
-5.30566
-8.58389
-8.58389
13.5138
13.5138
-10.3856
-10.3856
-8.39431
-8.39431
190.758
190.758
-10.6371
-10.6371
-7.89985
-7.89985
-10.6733
-10.6733
-2.44019
-2.44019
-9.10296
-9.10296
-1.43553
-1.43553
-6.13824
-6.13824
-10.8692
-10.8692
-10.0855
-10.0855
64.4634
64.4634
-9.49314
-9.49314
-86.5635
-86.5635
-4.63906
-4.63906
-7.8398
-7.8398
-6.82897
-6.82897
-6.95672
-6.95672
-4.09269
-4.09269
-7.34648
-7.34648
-10.4832
-10.4832
-6.37467
-6.37467
-1.74336
-1.74336
-3.4035
-3.4035
-74.0723
-74.0723
-6.31649
-6.31649
-8.92095
-8.92095
-7.80723
-7.80723
-5.22688
-5.22688
-6.03082
-6.03082
435.987
435.987
-10.2306
-10.2306
-50.5082
-50.5082
204.48
204.48
-6.31239
-6.31239
-9.54512
-9.54512
-4.24865
-4.24865
-4.85696
-4.85696
-6.64653
-6.64653
-5.68793
-5.68793
-7.92511
-7.92511
-8.69622
-8.69622
-8.56002
-8.56002
-4.25337
-4.25337
-5.81349
-5.81349
-2.56621
-2.56621
432.683
432.683
-29.6462
-29.6462
50.3482
50.3482
-7.99034
-7.99034
459.357
459.357
-9.20704
-9.20704
-9.90035
-9.90035
-124.827
-124.827
-7.23729
-7.23729
-6.48959
-6.48959
363.005
363.005
-8.23137
-8.23137
-5.72485
-5.72485
-7.56143
-7.56143
-8.11485
-8.11485
-8.59233
-8.59233
32.8793
32.8793
-7.6501
-7.6501
-5.07915
-5.07915
-17.0299
-17.0299
-10.9935
-10.9935
-8.0378
-8.0378
-10.7068
-10.7068
-4.56987
-4.56987
-7.99861
-7.99861
-5.54059
-5.54059
692.075
692.075
718.235
-4.9831
-4.9831
437.344
437.344
-10.8813
-10.8813
-10.1115
-10.1115
822.735
822.735
-123.354
-123.354
-10.7745
-10.7745
-7.54778
-7.54778
-7.89841
-7.89841
-78.8188
-78.8188
-8.0069
-8.0069
-8.41269
-8.41269
190.397
190.397
-4.78432
-4.78432
-7.74325
-7.74325
-9.60846
-9.60846
-127.707
-127.707
-9.6693
-9.6693
712.299
712.299
-4.45184
-4.45184
-8.11202
-8.11202
-6.5715
-6.5715
-9.35217
-9.35217
-3.98812
-3.98812
-93.3158
-93.3158
-8.95859
-8.95859
641.157
641.157
-9.89377
-9.89377
125.881
125.881
-8.59992
-8.59992
-5.459
-5.459
-37.0258
-37.0258
-89.1455
-89.1455
-7.78754
-7.78754
-7.45027
-7.45027
-3.93921
-3.93921
-5.00387
-5.00387
-87.1002
-87.1002
380.826
380.826
-10.3086
-10.3086
-6.01075
-6.01075
-21.157
-21.157
-7.95353
-7.95353
-4.07203
-4.07203
-10.3569
-10.3569
-9.01236
-9.01236
-8.81268
-8.81268
-5.18692
-5.18692
-8.34664
-8.34664
-8.19631
-8.19631
-6.77711
-6.77711
-5.29994
-5.29994
100.05
100.05
-6.90137
-6.90137
-6.30456
-6.30456
-6.21696
-6.21696
-6.04901
-6.04901
-7.83156
-7.83156
-113.368
-113.368
-7.39312
-7.39312
36.4157
36.4157
-4.20636
-4.20636
-11.5629
-11.5629
1017.13
1017.13
-11.2053
-11.2053
-8.32895
-8.32895
-6.43309
-6.43309
491.952
491.952
-11.2521
-11.2521
-6.48825
-6.48825
-11.222
-11.222
-4.03869
-4.03869
-5.95606
-5.95606
436.613
436.613
436.639
953.692
953.692
-8.60422
-8.60422
316.205
316.205
-10.7517
-10.7517
-7.53375
-7.53375
-4.65205
-4.65205
-4.39879
-4.39879
-7.48301
-7.48301
-7.16588
-7.16588
379.925
379.925
-5.77387
-5.77387
-19.8213
-19.8213
-5.22325
-5.22325
-7.15575
-7.15575
-7.94074
-7.94074
-10.9361
-10.9361
-6.38631
-6.38631
-7.87388
-7.87388
-10.3969
-10.3969
-111.091
-111.091
-9.33836
-9.33836
0.666817
0.666817
-8.00381
-8.00381
-73.4656
-73.4656
-10.7401
-10.7401
-8.5212
-8.5212
-4.86442
-4.86442
436.918
436.918
-5.69146
-5.69146
433.326
433.326
440.041
440.041
-9.87545
-9.87545
-6.48063
-6.48063
-9.16496
-9.16496
201.373
201.373
-7.6441
-7.6441
-127.318
-127.318
-9.73024
-9.73024
-1.36235
-1.36235
-1.81582
-39.3097
-39.3097
-8.14973
-8.14973
38.4943
38.4943
31.5057
-92.4346
-92.4346
114.35
114.35
97.7613
74.1094
74.1094
-7.94171
-7.94171
7.3245
7.3245
-5.52766
-5.52766
-18.6691
-18.6691
-7.69244
-7.69244
832.499
832.499
-8.79196
-8.79196
-6.68133
-6.68133
-8.19662
-8.19662
-11.5078
-11.5078
696.959
696.959
-5.08281
-5.08281
-9.43874
-9.43874
-4.59007
-4.59007
-11.2579
-11.2579
-7.2503
-7.2503
-4.7255
-4.7255
-10.0987
-10.0987
-11.2449
-11.2449
-8.24623
-8.24623
-6.85998
-6.85998
-7.70564
-7.70564
-11.1457
-11.1457
-107.956
-107.956
-5.99077
-5.99077
-11.7761
-11.7761
-8.37615
-8.37615
-7.39986
-7.39986
44.2899
44.2899
-11.6877
-11.6877
-83.7763
-83.7763
-9.49268
-9.49268
-8.6956
-8.6956
-5.44677
-5.44677
-5.19637
-5.19637
-49.5063
-49.5063
-4.79582
-4.79582
-125.935
-125.935
-8.13008
-8.13008
-8.04008
-8.04008
-60.9462
-60.9462
-11.2238
-11.2238
330.471
330.471
-137.337
-137.337
-7.98552
-7.98552
-22.7427
-22.7427
-0.248104
-0.248104
-7.43341
-7.43341
-5.05944
-5.05944
-6.2373
-6.2373
91.8718
91.8718
-5.82229
-5.82229
189.427
189.427
-7.81887
-7.81887
-9.69383
-9.69383
-6.15247
-6.15247
-5.99563
-5.99563
-9.47405
-9.47405
-10.6312
-10.6312
-10.4312
-10.4312
-9.76592
-9.76592
-6.45829
-6.45829
-7.03817
-7.03817
-6.37818
-6.37818
529.191
529.191
-5.0112
-5.0112
-5.30006
-5.30006
-9.02137
-9.02137
-5.68493
-5.68493
-8.51102
-8.51102
-3.54357
-3.54357
-2.82887
-2.82887
8.93055
8.93055
-122.35
-122.35
-5.91184
-5.91184
-8.22638
-8.22638
1280.61
1280.61
1151.81
1151.81
-4.6096
-4.6096
-5.17673
-5.17673
-1.4905
-1.4905
-8.6378
-8.6378
-88.6444
-88.6444
-7.52149
-7.52149
-7.69407
-7.69407
-8.33338
-8.33338
-7.87275
-7.87275
-11.7877
-11.7877
-5.74623
-5.74623
-11.3588
-11.3588
-11.4059
-11.4059
-8.86655
-8.86655
-5.06684
-5.06684
-6.61418
-6.61418
12.3591
12.3591
-7.38996
-7.38996
-4.62392
-4.62392
-6.97956
-6.97956
-11.9467
-11.9467
-6.69128
-6.69128
-8.44816
-8.44816
-75.9698
-75.9698
-10.9821
-10.9821
-96.5147
-96.5147
-37.2067
-37.2067
-5.29581
-5.29581
-43.5882
-43.5882
-5.22607
-5.22607
-7.25919
-7.25919
-11.6598
-11.6598
-5.67089
-5.67089
808.92
808.92
-7.67332
-7.67332
563.213
563.213
-6.51582
-6.51582
-15.4477
-15.4477
-10.7205
-10.7205
-8.63505
-8.63505
1383.39
1383.39
-7.97722
-7.97722
-6.70708
-6.70708
-10.7421
-10.7421
-4.0537
-4.0537
-9.27574
-9.27574
-3.75005
-3.75005
171.561
171.561
-77.3045
-77.3045
-124.605
-124.605
-5.53287
-5.53287
-9.76641
-9.76641
-7.73893
-7.73893
-10.016
-10.016
-3.66443
-3.66443
-8.05632
-8.05632
-4.15545
-4.15545
-4.03356
-4.03356
-8.95645
-8.95645
-9.05568
-9.05568
-7.34209
-7.34209
-4.55833
-4.55833
-8.55433
-8.55433
11.4234
11.4234
-50.73
-50.73
-4.81778
-4.81778
-158.343
-158.343
-4.24968
-4.24968
-11.4775
-11.4775
435.113
435.113
-127.282
-127.282
-11.0957
-11.0957
-8.18473
-8.18473
-11.5546
-11.5546
-21.2604
-21.2604
-8.26772
-8.26772
434.994
434.994
435.047
434.459
434.459
434.512
-7.74733
-7.74733
-83.8706
-83.8706
-8.18908
-8.18908
-6.41193
-6.41193
-20.2681
-20.2681
-11.8999
-11.8999
-10.8826
-10.8826
-79.1056
-79.1056
-7.85826
-7.85826
-6.33201
-6.33201
-6.19033
-6.19033
-6.95061
-6.95061
-8.75183
-8.75183
-7.67971
-7.67971
-4.43998
-4.43998
-5.46326
-5.46326
-8.02853
-8.02853
-8.35837
-8.35837
-7.49817
-7.49817
-3.66677
-3.66677
-97.3962
-97.3962
-11.5154
-11.5154
-6.1104
-6.1104
-5.96192
-5.96192
1140.74
1140.74
-3.07469
-3.07469
-7.91901
-7.91901
436.521
436.521
436.58
1426.75
1426.75
-94.0309
-94.0309
-6.23702
-6.23702
-4.67512
-4.67512
-10.3887
-10.3887
-4.13704
-4.13704
-4.13611
-4.13611
353.395
353.395
-8.63988
-8.63988
-5.88368
-5.88368
-7.57549
-7.57549
-8.10064
-8.10064
-7.14824
-7.14824
-6.56293
-6.56293
-80.2745
-80.2745
-8.43929
-8.43929
18.3409
18.3409
-9.43499
-9.43499
-10.3382
-10.3382
440.686
440.686
440.786
-4.87616
-4.87616
-9.68849
-9.68849
161.413
161.413
522.774
522.774
-9.18551
-9.18551
-5.72333
-5.72333
-5.4968
-5.4968
-6.641
-6.641
-147.995
-147.995
-153.944
-153.944
213.92
213.92
-7.73867
-7.73867
-8.1707
-8.1707
-8.8216
-8.8216
101.362
101.362
-3.61067
-3.61067
-8.25701
-8.25701
-8.33323
-8.33323
-105.176
-105.176
-7.73475
-7.73475
-183.685
-183.685
-9.45334
-9.45334
-36.3936
-36.3936
1615.82
1615.82
-7.63022
-7.63022
-10.7583
-10.7583
-11.0815
-11.0815
-5.08732
-5.08732
-8.4152
-8.4152
-11.0272
-11.0272
12.8051
12.8051
-4.60692
-4.60692
-8.0401
-8.0401
628.02
628.02
-11.1252
-11.1252
-1.41056
-1.41056
-73.8833
-73.8833
-8.40182
-8.40182
-7.32512
-7.32512
-8.68461
-8.68461
-86.2414
-86.2414
-8.49581
-8.49581
-0.805411
-0.805411
-10.3765
-10.3765
471.107
471.107
-5.64048
-5.64048
-8.12508
-8.12508
-2.03644
-2.03644
-6.94847
-6.94847
-62.0946
-62.0946
-7.8016
-7.8016
-6.99485
-6.99485
22.692
22.692
-7.93334
-7.93334
-6.98803
-6.98803
-6.36967
-6.36967
339.158
339.158
371.958
244.565
244.565
220.868
-10.2986
-10.2986
-10.1996
-10.1996
-3.64849
-3.64849
38.4879
38.4879
-7.40566
-7.40566
-71.6431
-71.6431
-75.985
-75.985
433.552
433.552
-5.29896
-5.29896
-6.29371
-6.29371
-8.59715
-8.59715
-10.0108
-10.0108
-6.51071
-6.51071
-8.09742
-8.09742
-8.16779
-8.16779
-7.99849
-7.99849
-141.79
-141.79
-8.44903
-8.44903
-56.3387
-56.3387
-6.83208
-6.83208
-8.24161
-8.24161
-8.51617
-8.51617
893.149
893.149
1245.46
1245.46
-7.58554
-7.58554
-5.20813
-5.20813
-8.81136
-8.81136
-13.4584
-13.4584
2.56556
2.56556
2.20203
-9.18286
-9.18286
-1.78287
-1.78287
-8.23636
-8.23636
-0.110441
-0.110441
-8.3722
-8.3722
-4.74948
-4.74948
-6.15635
-6.15635
212.388
212.388
759.901
759.901
-8.64242
-8.64242
-8.31295
-8.31295
-1.19745
-1.19745
1174.06
1174.06
1201.74
271.423
271.423
-8.10521
-8.10521
-66.1284
-66.1284
-169.166
-169.166
-2.86402
-2.86402
-107.456
-107.456
-6.58857
-6.58857
-10.1407
-10.1407
-6.08122
-6.08122
86.415
86.415
-95.0128
-95.0128
-5.94621
-5.94621
-9.86362
-9.86362
-7.66377
-7.66377
-10.3409
-10.3409
-222.291
-222.291
-67.4275
-67.4275
435.098
435.098
-8.40949
-8.40949
-8.20483
-8.20483
1780.6
1780.6
-8.31406
-8.31406
-5.53158
-5.53158
-9.94016
-9.94016
-7.81779
-7.81779
-8.47234
-8.47234
-9.87002
-9.87002
-8.32744
-8.32744
-4.51604
-4.51604
-8.3686
-8.3686
587.57
587.57
-8.457
-8.457
-62.6935
-62.6935
-8.13198
-8.13198
-7.89001
-7.89001
-8.98899
-8.98899
-6.54662
-6.54662
-4.06279
-4.06279
-4.09462
-9.65754
-9.65754
-8.8196
-8.8196
647.113
647.113
-7.16806
-7.16806
-8.39165
-8.39165
-5.87805
-5.87805
-8.4018
-8.4018
-4.12935
-4.12935
-4.16117
-164.102
-164.102
-8.03318
-8.03318
-4.24335
-4.24335
-4.22764
-4.22764
-4.25947
435.647
435.647
-8.48777
-8.48777
-6.46961
-6.46961
-3.78879
-3.78879
-62.9451
-62.9451
-8.34993
-8.34993
-8.4024
-8.4024
435.918
435.918
-8.19305
-8.19305
-8.42758
-8.42758
-8.4078
-8.4078
-5.95518
-5.95518
-8.65384
-8.65384
-4.09561
-4.09561
-4.1275
-8.25807
-8.25807
-6.54341
-6.54341
-110.227
-110.227
-8.41263
-8.41263
-7.24542
-7.24542
-201.203
-201.203
-8.48317
-8.48317
-9.25134
-9.25134
-70.3862
-70.3862
-6.3364
-6.3364
-69.5124
-69.5124
-7.43346
-7.43346
-4.52749
-4.52749
-4.49566
-4.60729
-4.60729
-4.63912
402.579
402.579
-226.698
-226.698
-8.39523
-8.39523
1709.77
1709.77
1720.79
-8.32929
-8.32929
-8.44476
-8.44476
9.44976
9.44976
-8.40333
-8.40333
-7.28548
-7.28548
-8.10522
-8.10522
-6.75428
-6.75428
436.047
436.047
-4.80837
-4.80837
-4.8402
-8.5211
-8.5211
-7.92435
-7.92435
-5.63373
-5.63373
297.631
297.631
325.71
205.41
205.41
180.41
464.068
464.068
470.86
470.86
-8.57141
-8.57141
934.276
934.276
-8.89131
-8.89131
-7.68961
-7.68961
-9.10012
-9.10012
-8.43118
-8.43118
-7.76675
-7.76675
-8.25313
-8.25313
101.556
101.556
85.3074
-8.29653
-8.29653
-4.63091
-4.63091
-4.59878
-4.26436
-4.26436
-4.29637
-7.52171
-7.52171
-8.00275
-8.00275
591.49
591.49
-5.01787
-5.01787
-5.0497
-8.87849
-8.87849
-64.3608
-64.3608
-8.97041
-8.97041
-82.6652
-82.6652
-55.5084
-55.5084
-35.7966
-35.7966
-8.36568
-8.36568
1593.02
1593.02
402.575
402.575
279.418
279.418
5.88816
5.88816
-7.01684
-7.01684
781.809
781.809
-8.45062
-8.45062
-8.33422
-8.33422
51.043
51.043
6.6111
6.6111
-8.53045
-8.53045
2.6386
2.6386
-6.26474
-6.26474
283.852
283.852
-0.528863
-0.528863
-6.8882
-6.8882
155.267
155.267
-8.58751
-8.58751
-8.38929
-8.38929
823.972
823.972
907.428
-5.22646
-5.22646
-5.25829
-2.86495
-2.86495
-8.51429
-8.51429
-65.0473
-65.0473
-8.35663
-8.35663
-8.74982
-8.74982
-8.30743
-8.30743
-8.1766
-8.1766
-8.1462
-8.1462
-8.24428
-8.24428
-9.52752
-9.52752
-8.05093
-8.05093
-122.975
-122.975
-8.23832
-8.23832
222.533
222.533
-8.39488
-8.39488
-6.50751
-6.50751
-8.14273
-8.14273
-69.4764
-69.4764
-7.13668
-7.13668
2006.88
2006.88
2033.89
655.583
655.583
-4.62134
-4.62134
-6.84352
-6.84352
-6.68893
-6.68893
-7.98856
-7.98856
-7.38152
-7.38152
-8.41884
-8.41884
-54.8518
-54.8518
-8.50861
-8.50861
-8.23966
-8.23966
-5.45396
-5.45396
-5.48578
-6.43844
-6.43844
-7.80632
-7.80632
-61.2063
-61.2063
-8.91318
-8.91318
-6.13516
-6.13516
-8.56015
-8.56015
-8.04029
-8.04029
-7.88925
-7.88925
-8.02403
-8.02403
-180.127
-180.127
-7.59862
-7.59862
-7.74527
-7.74527
-201.605
-201.605
-8.30308
-8.30308
-7.1134
-7.1134
-5.9136
-5.9136
-8.4391
-8.4391
-6.63949
-6.63949
-7.64171
-7.64171
-5.87674
-5.87674
-8.23661
-8.23661
-7.74123
-7.74123
-7.83561
-7.83561
-96.184
-96.184
-7.60828
-7.60828
-7.16596
-7.16596
-8.31622
-8.31622
-8.02839
-8.02839
-1.83598
-1.83598
-4.616
-7.71303
-7.71303
-6.06826
-6.06826
-7.89448
-7.89448
-7.29855
-7.29855
-7.57265
-7.57265
-8.13414
-8.13414
461.449
461.449
-7.56113
-7.56113
591.179
591.179
-7.38008
-7.38008
-66.7186
-66.7186
-8.33561
-8.33561
848.171
848.171
911.827
-8.21343
-8.21343
-8.70541
-8.70541
-5.6076
-5.6076
-5.63943
-7.47066
-7.47066
783.117
783.117
-7.00082
-7.00082
-8.4482
-8.4482
654.967
654.967
1258.2
1258.2
1805.64
1805.64
1836.32
406.866
406.866
-7.67629
-7.67629
-6.71303
-6.71303
-6.76906
-6.76906
399.521
399.521
-6.60394
-6.60394
-6.67189
-6.67189
-42.0405
-42.0405
-8.135
-8.135
246.172
246.172
-7.19536
-7.19536
-6.8739
-6.8739
-8.50494
-8.50494
-7.00866
-7.00866
-7.41476
-7.41476
-29.3266
-29.3266
-6.31468
-6.31468
-6.55125
-6.55125
-7.70504
-7.70504
-6.91551
-6.91551
-6.4842
-6.4842
-6.77533
-6.77533
468.949
468.949
-95.728
-95.728
-95.7835
-7.92706
-7.92706
224.215
224.215
-49.9543
-49.9543
-50.01
-7.87011
-7.87011
1.36264
1.36264
1.32561
-7.25513
-7.25513
-7.68902
-7.68902
7.5967
7.5967
7.5648
-8.18119
-8.18119
-8.64165
-8.64165
4.51791
4.51791
4.48608
-6.59934
-6.59934
-6.64545
-6.64545
-48.5034
-48.5034
0.843311
0.843311
0.811482
-1.9149
-1.9149
-1.94673
-6.80341
-6.80341
-10.2164
-10.2164
-6.69476
-6.69476
-7.77353
-7.77353
-6.97177
-6.97177
-6.34084
-6.34084
-8.02385
-8.02385
56.2207
56.2207
238.931
238.931
263.521
153.848
153.848
134.246
-3.94068
-3.94068
-3.9725
-6.60254
-6.60254
-8.33127
-8.33127
-7.49073
-7.49073
-8.34933
-8.34933
-6.28074
-6.28074
783.617
783.617
-8.57408
-8.57408
-6.07122
-6.07122
-6.99749
-6.99749
-8.42552
-8.42552
-76.0262
-76.0262
-68.7482
-68.7482
406.326
406.326
-5.40106
-5.40106
-5.43289
-8.24995
-8.24995
-7.93474
-7.93474
1549.95
1549.95
1582.65
-6.58103
-6.58103
-5.94713
-5.94713
-6.4178
-6.4178
-6.7619
-6.7619
-6.02544
-6.02544
-118.925
-118.925
-118.963
-151.973
-151.973
-152.024
-8.40005
-8.40005
-7.58401
-7.58401
-150.581
-150.581
-150.714
-7.51899
-7.51899
-6.66744
-6.66744
-6.07509
-6.07509
-6.89664
-6.89664
848.114
848.114
911.508
-9.15331
-9.15331
-9.21697
-8.73869
-8.73869
-8.80235
-8.56357
-8.56357
-60.5279
-60.5279
-6.41878
-6.41878
-7.43523
-7.43523
-6.56977
-6.56977
-7.12223
-7.12223
-7.01486
-7.01486
-6.73605
-6.73605
-5.87278
-5.87278
-7.1806
-7.1806
-5.66029
-5.66029
-31.8905
-31.8905
-32.0809
-7.08753
-7.08753
-6.80084
-6.80084
-6.56502
-6.56502
23.644
23.644
-6.80008
-6.80008
-6.27538
-6.27538
-6.30721
-7.26308
-7.26308
130.182
130.182
95.8016
95.8016
63.974
409.707
409.707
-6.82938
-6.82938
-5.55548
-5.55548
-5.81344
-5.81344
-6.96111
-6.96111
-8.7075
-8.7075
-8.77116
-7.45703
-7.45703
849.328
849.328
912.984
676.607
676.607
-6.126
-6.126
-5.97806
-5.97806
-7.33091
-7.33091
-7.57778
-7.57778
-5.37182
-5.37182
-6.87311
-6.87311
-6.39173
-6.39173
-8.14287
-8.14287
-5.81695
-5.81695
-6.00871
-6.00871
-5.97688
-6.05314
-6.05314
-6.08497
-6.24763
-6.24763
0.589465
0.589465
0.286268
-8.13804
-8.13804
-6.61861
-6.61861
-5.46989
-5.46989
-6.85278
-6.85278
-6.31973
-6.31973
-7.66289
-7.66289
-7.85009
-7.85009
-7.8149
-7.8149
656.326
656.326
-7.17214
-7.17214
-6.57505
-6.57505
-6.60688
3.0864
3.0864
2.45765
-5.33041
-5.33041
-8.37505
-8.37505
-8.4387
1136.14
1136.14
1169.45
-7.2455
-7.2455
-6.57696
-6.57696
-7.12745
-7.12745
-8.37971
-8.37971
-8.44336
-5.09709
-5.09709
-8.64673
-8.64673
-8.71038
-8.42931
-8.42931
-7.41312
-7.41312
-6.93326
-6.93326
-8.59332
-8.59332
-8.65698
-6.76928
-6.76928
-5.28903
-5.28903
-8.44639
-8.44639
-8.51004
-6.92417
-6.92417
-5.80927
-5.80927
284.117
284.117
252.289
-5.26176
-5.26176
-7.91178
-7.91178
-5.41687
-5.41687
-6.46223
-6.46223
-5.66895
-5.66895
-7.09297
-7.09297
104.963
104.963
105.902
-18.7337
-18.7337
-19.6768
-7.32671
-7.32671
595.681
595.681
-8.22447
-8.22447
-7.17567
-7.17567
-6.91841
-6.91841
-6.95754
-6.95754
-5.99397
-5.99397
-7.5953
-7.5953
-8.27064
-8.27064
-8.33429
-6.98703
-6.98703
-7.48161
-7.48161
-4.99453
-4.99453
-7.03162
-7.03162
-4.98623
-4.98623
-6.89038
-6.89038
784.547
784.547
849.548
849.548
913.204
-5.28768
-5.28768
-7.01253
-7.01253
-6.95734
-6.95734
-59.8356
-59.8356
-6.78887
-6.78887
-7.00542
-7.00542
-8.53214
-8.53214
-8.59579
-7.40435
-7.40435
-7.71256
-7.71256
-6.4299
-6.4299
-7.25489
-7.25489
-6.36021
-6.36021
-6.39928
-6.39928
-6.4311
-5.44812
-5.44812
-4.97816
-4.97816
-4.87452
-4.87452
-5.14752
-5.14752
-6.56345
-6.56345
-6.59528
-6.71462
-6.71462
-6.74645
-6.30865
-6.30865
-6.92224
-6.92224
-7.51255
-7.51255
-5.84567
-5.84567
-4.92134
-4.92134
-74.0171
-74.0171
-4.86264
-4.86264
-7.34424
-7.34424
-4.83025
-4.83025
596.588
596.588
470.666
470.666
438.838
-7.56606
-7.56606
-5.03222
-5.03222
-7.08245
-7.08245
-8.03549
-8.03549
-8.16489
-8.16489
-8.22855
-7.48666
-7.48666
-7.12149
-7.12149
-7.95926
-7.95926
-7.15373
-7.15373
-5.11316
-5.11316
-7.12414
-7.12414
-7.19728
-7.19728
-5.32815
-5.32815
-6.8648
-6.8648
-6.89663
-4.68697
-4.68697
-6.29684
-6.29684
-5.65895
-5.65895
-6.67739
-6.67739
-6.74104
-7.05355
-7.05355
-7.23313
-7.23313
-7.29679
-8.21985
-8.21985
-8.34721
-8.34721
-8.41086
-7.29774
-7.29774
-6.4047
-6.4047
-6.43652
-7.42365
-7.42365
-7.08811
-7.08811
-4.65999
-4.65999
-7.80653
-7.80653
-6.08999
-6.08999
-6.15365
-4.96967
-4.96967
-4.70613
-4.70613
-5.29382
-5.29382
-4.87838
-4.87838
-4.94494
-4.94494
-4.97677
-7.62829
-7.62829
217.702
217.702
267.017
-7.56555
-7.56555
-5.54013
-5.54013
-5.60378
-4.81457
-4.81457
-7.37449
-7.37449
-7.23742
-7.23742
-7.02413
-7.02413
-7.05596
-7.96824
-7.96824
-8.0319
-7.93606
-7.93606
-7.85223
-7.85223
-7.91938
-7.91938
-7.27945
-7.27945
-7.70721
-7.70721
-7.77087
-5.11801
-5.11801
-5.18167
-7.31064
-7.31064
-7.51983
-7.51983
-7.26324
-7.26324
-4.76838
-4.76838
-7.20471
-7.20471
-7.23654
-4.88102
-4.88102
-4.94468
-4.81097
-4.81097
-4.71963
-4.71963
-7.48413
-7.48413
-7.45532
-7.45532
-4.61185
-4.61185
-7.71697
-7.71697
-7.33636
-7.33636
-4.58166
-4.58166
-7.41245
-7.41245
-7.44428
-7.48381
-7.48381
-4.62469
-4.62469
-6.23516
-6.23516
-6.26699
-7.6811
-7.6811
-7.73452
-7.73452
-7.79818
-7.6571
-7.6571
-7.43972
-7.43972
-7.52729
-7.52729
659.62
659.62
627.792
785.397
785.397
-7.69773
-7.69773
-7.76138
-7.6659
849.913
849.913
913.569
818.085
-7.63873
-7.63873
849.336
849.336
912.992
-4.5529
-4.5529
-4.58473
-4.57225
-4.57225
-8.07644
-8.07644
-8.1401
-4.64547
-4.64547
-4.6655
-4.6655
-4.69733
-5.39458
-5.39458
-5.42641
-4.60062
-4.60062
-4.55991
-4.55991
-4.59174
-5.93385
-5.93385
-5.96567
-5.83295
-5.83295
-7.74388
-7.74388
-7.79446
-7.79446
-7.85811
-8.06107
-8.06107
-8.12473
-7.76022
-7.76022
-7.82388
-7.71088
-7.71088
-7.83647
-7.83647
-7.90013
-7.78855
-7.78855
-7.70929
-7.70929
-7.77295
-4.95159
-4.95159
-5.01525
-4.88252
-4.88252
-4.91435
-4.80149
-4.80149
-4.74628
-4.74628
-4.77811
-4.63412
-4.63412
-4.66595
-4.68325
-4.68325
-7.89278
-7.89278
-7.95643
-7.503
-7.503
-3.85275
-3.85275
-7.55886
-7.55886
-7.64788
-7.64788
-7.59768
-7.59768
-244.253
-244.253
-211.05
-211.05
-178.522
245.463
245.463
69.0051
69.0051
115.41
115.41
504.888
504.888
513.599
-51.41
-51.41
-10.1068
-10.1068
434.489
434.489
-46.2765
-46.2765
150.319
150.319
742.408
742.408
-4.01268
-4.01268
184.826
184.826
17.944
17.944
8.39719
322.519
322.519
325.289
179.972
179.972
151.633
-8.55885
-8.55885
653.68
653.68
157.282
157.282
-9.27148
-9.27148
368.793
368.793
340.453
342.21
342.21
-6.84836
-6.84836
198.406
198.406
437.801
437.801
437.831
436.391
436.391
436.369
539.138
539.138
482.458
598.836
598.836
542.156
428.754
428.754
368.113
623.614
623.614
566.934
537.48
537.48
480.801
582.12
582.12
525.44
24.6014
24.6014
105.503
105.503
312.029
312.029
483.611
483.611
531.384
521.503
521.503
572.44
510.272
510.272
561.209
308.127
308.127
-7.49097
-7.49097
-12.7079
-12.7079
459.13
459.13
503.322
484.575
484.575
523.813
431.03
431.03
464.979
369.391
369.391
315.312
315.312
484.561
484.561
73.5928
73.5928
-4.05756
-4.05756
212.422
212.422
896.902
896.902
858.246
858.246
475.125
475.125
525.667
617.316
617.316
663.474
663.474
611.434
611.434
614.794
614.794
681.815
681.815
640.022
640.022
1014.68
1014.68
1040.84
915.554
915.554
889.395
76.3379
76.3379
-7.74298
-7.74298
312.485
312.485
-4.19972
-4.19972
634.494
634.494
460.347
460.347
441.136
441.136
372.541
372.541
313.794
313.794
435.63
435.63
-7.83038
-7.83038
349.253
349.253
271.537
271.537
373.959
373.959
466.925
466.925
488.049
308.676
308.676
296.693
296.693
415.316
415.316
379.811
379.811
-4.95248
-4.95248
358.04
358.04
-8.44185
-8.44185
437.629
437.629
437.685
231.96
231.96
-5.0066
-5.0066
290.633
290.633
479.618
479.618
404.03
404.03
428.043
329.995
329.995
-8.95131
-8.95131
-5.6806
-5.6806
508.962
508.962
447.794
447.794
1063.04
1063.04
1115.36
-8.85434
-8.85434
-4.8687
-4.8687
392.247
392.247
-5.01019
-5.01019
-8.87138
-8.87138
492.955
492.955
-9.40329
-9.40329
-4.91183
-4.91183
101.975
101.975
-9.38055
-9.38055
108.97
108.97
165.357
165.357
222.095
222.095
485.63
485.63
459.874
-7.85322
-7.85322
997.813
997.813
1028.05
1028.05
1076.42
-5.24122
-5.24122
)
;
    }
}


// ************************************************************************* //
