/*--------------------------------*- C++ -*----------------------------------*\
  =========                 |
  \\      /  F ield         | OpenFOAM: The Open Source CFD Toolbox
   \\    /   O peration     | Website:  https://openfoam.org
    \\  /    A nd           | Version:  8
     \\/     M anipulation  |
\*---------------------------------------------------------------------------*/
FoamFile
{
    version     2.0;
    format      ascii;
    class       volScalarField;
    location    "0.6";
    object      p_rgh;
}
// * * * * * * * * * * * * * * * * * * * * * * * * * * * * * * * * * * * * * //

dimensions      [1 -1 -2 0 0 0 0];

internalField   nonuniform List<scalar> 
1924
(
102.476
-3.23139
-3.04205
-2.88054
-2.45465
-2.98077
-2.81256
-2.94568
-2.76547
-2.94592
-2.90371
-2.75633
577.976
-2.97656
-4.15109
-4.08564
103.611
-2.81318
700.236
-2.99852
1145.82
-6.80663
14.3563
-2.75301
-6.87407
-5.42005
-5.09287
-3.16337
-2.00867
-1.71944
13.4107
-6.53406
-2.25417
11.2917
-3.10818
14.1958
-6.12188
-1.79268
-1.54938
13.943
-5.77378
1014.34
-5.81625
256.341
-2.09966
-3.53672
573.654
-2.32916
1075.39
1093.77
959.574
258.859
-6.49979
775.034
-4.08807
-2.92244
738.144
-2.32469
-1.61007
-3.15994
895.479
-4.28158
1041.91
-1.08298
613.843
-2.46128
-3.90548
13.2983
-3.16958
1004.2
423.324
-4.05253
-1.57344
-1.73785
-1.81119
90.6061
-2.28603
-1.84915
-2.09668
1040.01
-2.05605
-4.63247
-1.8572
978.021
-3.69245
29.2576
-3.15229
-4.4755
1070.21
400.902
-3.93181
-4.52223
-3.79785
-4.56385
60.5709
433.108
-2.38858
-2.04762
-3.34575
67.3056
-3.32995
117.862
-4.00056
-3.27146
-4.29465
-1.96834
-3.59437
-4.549
23.7147
-4.08201
-2.38956
-2.93954
-1.65762
-1.8153
-2.04843
1105.25
-3.21664
-3.92796
44.4768
-2.16422
832.167
999.645
1093.4
642.864
-4.10161
-4.73227
49.9613
-1.87985
-3.9263
902.725
-2.31489
-3.57337
31.7949
-1.84209
56.0596
-4.37424
-2.58317
-2.60418
0.0126347
-2.84474
-2.83326
-4.0416
772.72
7.97235
-3.33284
900.524
-4.71947
45.4384
29.3723
7.66112
-1.82934
997.543
142.067
-3.69404
-3.21475
-4.72569
1042.16
-3.17394
-2.36486
0.614019
-1.79246
52.0931
-3.58078
978.474
1.60638
-4.44711
-4.61432
1060.07
-2.11942
-4.0644
-2.91021
-3.33838
-1.96665
-0.388944
-2.78692
-3.72016
-1.67129
554.77
14.9527
-3.69418
-5.21974
-1.05699
-1.89453
-4.33696
1087.15
-2.80657
88.2837
-5.14435
-2.18905
-1.82485
-4.90534
-3.22138
-2.28361
-3.60168
-4.38428
972.085
-4.92261
-4.68423
-4.4802
4.66517
37.046
-3.071
-4.28096
-3.3767
-2.75498
-5.02627
-3.73814
138.448
61.8064
98.2816
943.594
-3.93409
17.8291
-4.57954
-5.17405
-1.93036
27.734
-4.05652
-3.68676
-1.90168
-4.27034
-1.80421
-4.36986
18.0303
-3.24954
-4.92584
-2.32073
-2.00783
-4.48213
-0.422763
75.9107
-1.80733
-5.41635
123.937
-4.68234
7.30427
18.6916
-3.88401
-4.23992
933.242
15.548
-5.33941
18.8467
84.4356
127.105
51.8338
-3.46817
-2.67115
-1.89783
-1.98442
124.735
911.905
-4.54304
-4.02283
-2.14071
5.14164
-5.48339
-6.01719
-4.05914
-3.89116
-4.46006
-4.33677
-0.438086
-1.95442
-6.55056
-1.85314
1097.53
-1.9513
-3.35708
747.573
-4.6653
-1.87258
-3.23548
-5.76226
-0.842919
-2.05828
-3.39216
-4.65542
-3.9208
-4.89713
171.52
938.981
-3.99972
-4.43955
916.507
-1.82452
-2.23245
900.853
-4.26658
-5.73769
-4.23717
-1.692
-4.41039
19.3777
1111.25
1.15221
-4.01848
69.5478
-1.93322
-0.497649
911.24
-4.03297
19.5547
-4.76679
-3.79697
-5.45426
1109.98
8.09242
-6.04848
-1.74035
133.61
22.498
-4.48763
-7.36687
-2.18688
1097.44
-5.03209
-4.2502
-4.32503
-4.8549
-1.82371
-4.90682
-3.94166
-0.948477
-5.09901
-2.01781
-5.4807
-5.76901
-2.70549
-2.26532
-4.36279
11.5543
-7.98463
-3.59293
-1.90724
-4.34057
-2.59273
-4.27012
-4.42426
-4.04794
-2.00455
-1.73849
-5.98483
38.0807
-3.76701
-3.92154
6.41934
-4.03863
186.995
-5.44131
-6.15864
639.491
3.99921
20.3544
49.788
-1.98409
1047.57
-3.71908
-6.34932
433.387
-4.15414
-3.44659
20.3097
7.34988
-6.36422
-3.99975
-6.38855
-4.63875
-4.39396
-4.36887
-2.08654
-4.89005
-6.11167
16.0659
5.96904
544.496
-3.50073
-3.82489
-6.25385
-3.92567
-3.92514
-1.9688
-5.46101
-4.70199
-4.5955
-2.0068
-1.89361
27.8464
-1.86203
-4.12438
2.63428
-7.9688
-5.17939
3.63827
-4.33813
236.688
-5.93483
-5.31743
-2.15377
-3.85069
874.813
-1.94968
51.8922
-4.7527
1055.66
13.4587
-2.04093
-4.08923
-6.37932
-6.18822
-4.0425
-8.05996
12.0959
-4.15136
-4.45464
-3.04737
-2.02905
-3.22949
10.8272
-2.57062
3.80078
-4.27426
-2.02957
41.4583
-6.54772
8.44115
-2.13131
-1.98891
-6.85671
2.095
39.5736
-2.02078
3.81911
55.5936
-4.45312
22.1262
-2.16862
1116.12
-4.3735
-6.60333
-5.94544
7.44125
-4.72513
15.7205
-3.90651
329.343
-3.90676
-1.94247
-5.15899
40.5856
-3.64604
-7.74385
-4.55734
-2.21941
-6.07359
-4.86148
-2.14062
-3.23957
46.8434
7.61014
-2.01171
-5.46815
1064.1
21.7013
46.005
14.0191
-4.03471
-4.33705
-4.4821
-1.90306
-6.52058
17.5444
-1.95111
-2.09035
-5.57993
-1.99739
-1.91163
13.6708
2.03998
4.23208
-3.40062
-4.62531
30.0532
-3.91195
-5.79717
-6.48893
24.7871
16.9591
7.35174
-2.15951
1119.67
25.2141
65.5537
-2.60425
15.5168
-2.06091
10.0284
40.6538
23.6398
-0.84438
15.6255
-1.52263
-6.06625
-6.6923
39.6451
-4.11349
-2.9673
-6.78619
-7.72889
-2.24308
-1.98684
-2.04602
41.5398
-4.55002
-4.33748
-4.20969
-6.75284
-4.82038
-4.84734
15.3978
29.0166
-2.97131
-2.03989
-2.1922
-4.39614
-4.50322
-1.9702
930.749
-6.75795
-4.38611
-22.4287
12.5604
-7.93532
29.8733
17.2936
-1.74073
-4.58187
-6.17764
538.142
-6.52027
-6.07925
1.09571
1016.81
-1.97473
-2.12271
26.6109
-1.98463
-0.360038
4.12217
-2.08755
25.6522
23.4888
15.5761
62.4041
4.10824
26.8837
230.287
976.269
-0.0859945
-2.12147
-6.44506
-26.6108
-5.06641
7.58432
-6.3951
32.9485
-2.02705
-2.50531
-2.01117
-7.30984
-2.10072
26.4361
-6.72341
4.62757
-1.984
-4.01102
16.9775
51.7741
-1.93664
5.25935
-5.54093
4.00496
-4.91598
-4.40827
817.642
1001.86
2.18196
366.184
-2.07524
-1.09751
-6.70973
49.1212
727.583
908.397
1009.5
-2.31286
-3.97022
-2.06009
2.09837
-26.3457
431.925
-2.76728
-4.21882
-2.67837
-7.8068
-4.70277
-4.42156
-2.01645
25.9395
149.35
-6.57569
11.1182
23.4994
-2.10005
-6.19377
0.439642
-4.33958
-3.42893
612.164
1.47269
-2.20915
-2.06024
-2.55313
-6.32684
-4.65919
-1.98534
223.496
-3.62117
-4.15292
11.4714
16.2242
25.7989
-2.03967
-27.9718
54.5109
428.983
4.26612
9.83441
9.79104
-2.17837
-4.62198
-4.92193
-7.09116
-6.44544
-4.62011
-2.71195
-4.4526
17.5179
-2.90326
-6.44331
-28.8165
-4.77597
-2.93528
-4.26291
59.6042
-4.34036
-26.3081
-2.00589
-6.64772
2.93059
5.37828
967.321
-1.9935
-2.12529
-3.992
-3.82965
-6.42169
15.6047
-15.9065
-7.46929
-6.0385
-2.04739
1106.77
-2.10251
-0.264207
-2.10616
-4.86689
16.5378
988.962
24.6132
-2.44203
-0.149395
-2.17524
-3.79428
-6.22112
-4.56555
-3.85224
897.969
-2.32298
856.257
-0.0933313
-4.07917
-2.44699
-0.423866
-32.0644
-2.52104
17.7237
-2.00677
-6.17088
-3.85158
-2.08275
242.616
1.40522
40.6273
923.292
1.73201
-4.54308
-6.41841
-2.27533
44.1358
-24.3092
1003.87
-4.20823
895.402
-6.68788
-4.03577
-4.66498
206.398
-2.53026
468.228
-2.00569
-3.55997
-2.03623
32.6969
16.6988
1107.26
563.875
603.458
27.6542
-2.18484
-4.4969
-5.79664
-0.420469
-4.0166
-2.3622
-6.45932
-3.80751
-2.82667
-3.5854
217.051
998.467
-3.92051
-2.06976
435.681
-2.52255
18.6556
-7.1512
36.6156
-6.49238
-2.16236
-4.25736
-5.99325
-1.88951
-4.4826
0.0815526
-4.13973
-2.32409
854.823
888.914
-3.52641
-2.10673
-3.82792
17.0612
-2.12285
-3.59032
326.161
-6.01179
-5.50812
977.625
2.55861
-3.58724
2.28298
-0.871422
-2.23512
13.18
-2.38253
-8.23543
-6.54547
655.545
-2.6069
53.2046
-2.02917
-4.50838
-5.02511
14.7032
-2.0557
16.8696
-4.26412
-2.19727
0.888214
331.153
174.61
-2.43347
-3.95454
-4.67686
-2.10773
-2.33875
436.506
-3.12527
-3.3236
1096.64
31.4118
-5.79253
-2.84764
-2.0561
10.9025
-4.60514
-3.55222
-4.40752
-5.74423
-2.02541
-2.24875
-0.909998
432.795
-21.1395
60.8882
-3.51907
1070.73
-5.51528
58.6072
-49.3857
-4.08897
-2.39967
1035.42
-3.76053
-2.22377
-4.53425
-3.64374
-4.24625
241.561
-2.84798
-2.08732
-9.36165
-3.09779
-3.54552
-6.16616
-2.02363
-3.4653
-2.16682
1110.63
-2.37364
437.466
2.77878
-6.47296
1067.67
-64.9655
-5.0438
-4.24372
-3.42726
-39.3226
-4.65747
-3.94227
909.61
-2.04712
-3.32322
-2.39317
-126.208
-3.06866
1141.17
-2.03291
-3.57884
-1.89613
-2.02711
-2.20575
-86.4836
-3.03308
1130.75
-6.32521
297.792
378.401
-2.14889
6.06167
-88.053
-4.22757
-4.53539
-2.28282
-2.07569
-72.4014
1063.15
-2.97929
-4.79959
-10.2683
-3.4203
-2.09869
-6.21129
3.10533
-4.26052
-2.48126
-3.81398
-3.66331
-1.42769
-2.11714
820.579
7.3602
-2.35789
-2.33394
-2.29329
-3.04668
-104.123
-2.80319
362.773
-2.04206
-5.31138
1252.31
-4.97405
-0.748259
-2.35902
1106.45
-5.5098
-2.35054
-5.89458
-2.57399
-2.264
437.033
1247.35
-4.13437
992.004
2.1754
-4.33258
-2.04215
-2.04352
-3.132
-2.87877
890.177
-2.20913
327.247
-2.10411
-3.94362
-3.93603
-6.98922
-1.15912
-3.1833
2.25133
-109.413
-3.79184
13.8886
-3.34294
-71.4902
-4.61637
-3.98899
-2.06356
437.435
-2.19038
433.902
453.584
-4.59656
-0.855677
-3.12089
365.5
-3.04947
-125.91
3.75416
17.6478
-31.9722
-3.49225
362.155
-91.2925
845.068
276.44
-3.28261
168.728
-2.15389
-11.1528
17.3143
1264.16
-4.32244
-1.43367
-3.98815
-6.0732
1189.9
-2.09097
-3.52503
-2.04383
-5.47653
-2.90497
-3.44782
-5.82321
-7.14026
-3.58893
-5.10157
-2.77872
-7.13499
-106.675
-1.35992
2.2809
-3.71915
-3.11067
658.102
-10.6686
-81.9945
-6.97104
-4.16365
-2.13666
-1.22061
-47.5325
-2.05861
-124.336
-3.41028
-3.31984
119.945
2.5813
944.355
-135.863
-3.24746
-20.3896
13.9596
-2.96303
-2.26392
-2.29062
909.283
-1.2437
592.78
-3.1306
-5.41331
-2.26945
-2.23992
-5.13092
-6.55467
-7.99452
0.490848
-2.32065
-2.56938
-2.30419
1044.92
-2.08302
-2.11726
-3.75436
-1.26506
-3.85409
-1.87041
1.01498
12.6524
-121.074
-2.21979
-3.50668
1525.58
1457.59
0.221809
-2.30503
0.0728076
-4.31718
-87.5834
-2.81923
-0.0227962
-3.6139
-3.15134
-0.347164
-2.18149
-6.70478
-6.44721
-4.32707
-2.10775
-2.34922
35.7073
-2.50668
-2.03623
5.39946
2.60558
-2.36031
-3.729
-74.1229
-6.85707
-95.4177
-35.1694
-4.21276
57.3946
-2.10693
-2.78995
-1.74757
-2.16981
1241.71
-2.41283
1057.51
-1.73577
-13.2198
-6.55022
-3.97723
1478.68
-3.10492
-4.28814
-4.69654
-2.20768
-4.80836
-1.14015
473.842
-76.4474
-122.945
-2.1591
-5.42449
-2.58218
-5.68115
-0.767412
-3.21149
-2.11846
-2.37629
-3.78017
-4.32778
-2.81032
-2.05739
-3.83465
211.694
-48.7562
-1.79701
-156.931
-2.02172
-6.88957
435.374
-126.071
-6.75465
-3.34004
-4.23158
-16.2992
-3.42313
435.047
434.512
15
-82.9476
-3.11047
-2.27429
-18.1038
-3.52857
-6.73249
-78.1718
-2.99489
-2.25802
-2.24365
-4.96814
-4.09448
-5.32442
-2.0847
-2.15315
-3.10905
-3.51396
-2.23724
-1.12052
-95.6126
-5.38298
-2.22738
-2.20622
1449.65
-0.337474
-2.98382
436.58
1674.12
-93.0104
-2.79132
-2.06523
-6.72367
-1.10197
-2.67142
1116.9
-3.91983
-2.19163
-2.24256
-3.19307
-2.39492
-2.29797
-59.4516
-3.59515
270.585
-4.96862
-6.06898
440.786
-2.0753
-5.63908
1011.84
956.331
-4.65628
-2.15859
-2.37751
-2.31239
-146.396
-152.669
652.665
17.7332
-3.26339
-4.06347
928.1
-1.88095
-3.34977
-3.42611
-104.092
-2.89044
-182.178
-4.99025
-34.3518
1702.21
-4.17498
-6.6205
-7.13352
-2.09548
-6.18697
-6.95266
681.177
-3.38611
-3.00736
900.058
-7.14019
1.00839
-73.0453
-3.4949
-2.66899
-3.94026
-84.3442
-3.65199
1.8045
-6.62071
899.355
-2.1394
-3.08983
0.764423
-2.41982
-58.0349
-2.89261
-5.05935
416.311
-2.88742
-3.66411
-2.23203
1078.28
1090.49
-6.03366
-6.50754
-0.655284
533.705
-2.3926
-67.2694
-75.0919
433.762
-2.11617
-2.21972
-5.0323
-5.6811
-2.24575
-3.00072
-3.06966
-2.90292
-139.527
-3.54238
-54.235
-2.37386
-3.20885
-3.67271
1203.56
1493.92
-2.37633
-2.02519
-4.15717
-11.2912
15.6249
-4.65459
0.57255
-3.14013
2.43582
-3.33961
-3.66612
-2.20968
908.859
907.013
-3.92528
-3.28026
1.53976
1201.74
905.626
-4.60397
-65.4551
-167.954
0.0641584
-104.786
-2.25996
-6.00228
-2.1982
484.66
-93.9928
-2.1905
-5.91694
-2.75698
-6.26689
-220.889
47.6789
435.786
-3.37703
-2.98319
1856.89
-3.21846
-2.15781
-5.67511
-2.77914
-3.61969
-5.98701
-3.10582
-1.39682
-3.27308
898.524
-3.55065
-61.9886
-2.91036
-2.77983
-4.46533
-3.17285
-2.28042
-5.32892
-5.06389
899.09
-2.51293
-3.17005
-2.186
-3.30636
-2.15601
-161.707
-2.81161
-2.02567
-2.06334
436.215
-4.79574
-2.20466
-1.96724
-62.1164
-3.06518
-3.49532
436.183
-2.90829
-3.20604
-3.12305
-2.64503
-4.0004
-2.50089
-2.97331
-2.2148
-109.144
-3.38037
-2.52745
-199.928
-3.76667
-4.79368
-69.5857
-2.19876
-68.7819
-2.10104
-2.10856
-2.06105
885.696
-225.231
-2.98395
1720.79
-3.4867
-3.16004
13.1725
-3.30803
-3.72074
-2.82049
-2.29835
436.415
-2.07117
-3.10982
-2.70283
-2.06899
1047.05
1041.88
774.744
900.803
-3.09673
1182.91
-4.75367
-2.65726
-4.83413
-3.2097
-2.67136
-3.34748
716.923
-3.64532
-3.34578
-2.85576
-2.11919
-2.71805
904.401
-2.08969
-4.54923
-63.4682
-4.89642
-79.4248
-54.871
-32.4491
-3.33364
1667.67
901.704
915.444
8.12962
-2.36447
908.86
-3.16595
-4.38755
837.89
9.03076
-3.11919
5.24853
-2.19075
782.233
2.272
-3.38712
525.039
-3.11284
-2.91461
907.428
-2.10732
0.126892
-3.9941
-63.5079
-3.26151
-4.2939
-2.89615
-4.29359
-2.73493
-3.21247
-7.49695
-3.20883
-120.303
-2.82704
922.213
-3.17348
-2.1789
-3.42693
-68.115
-4.31513
2033.89
905.267
-1.43854
-2.32315
-2.233
-3.08332
-3.62582
-3.13422
-54.1504
-3.09737
-3.14472
-2.14385
-2.17349
-2.58488
-60.7528
-3.31145
-2.18849
-3.08549
-2.62904
-2.6046
-2.9924
-178.647
-2.88566
-3.41564
-198.074
-3.08178
-2.3962
-2.22155
-2.96442
-2.18357
-2.54653
-2.50297
-2.76193
-3.22165
-3.57052
-91.6878
-2.76671
-3.47391
-2.84154
-2.93363
87.1254
-3.06508
-2.18524
-3.43831
-2.45535
-2.66785
-2.65948
907.228
-2.52902
908.795
-2.41382
-66.2075
-3.05106
911.827
-2.61171
-3.10369
-2.10652
-3.33302
910.168
-2.16049
-3.03698
908.9
1324.33
1836.32
678.551
-2.64502
-2.19345
-2.24948
909.647
-2.14802
-2.15231
-37.0703
-2.91381
490.175
-2.16439
-2.16291
-3.03028
-2.10431
-3.34077
31.5062
-2.17704
-2.98651
-2.61052
-2.26862
-2.15559
-2.25469
914.568
-92.6187
-2.51583
924.432
-46.5025
-2.64905
3.88042
-2.16085
-2.4677
9.95711
-2.89671
-3.03993
7.06435
-1.56868
-2.12588
-42.3318
3.58053
1.01328
-2.34644
-8.1344
-1.60073
-2.48895
-3.0251
-1.43797
-2.54919
767.064
857.282
860.62
-0.821531
-2.27391
-2.92008
-2.2698
-2.74761
-1.4422
910.929
-2.97235
-1.36067
-1.7767
-2.8238
-65.893
-68.2333
915.575
-2.09095
-2.64822
-2.65034
1582.65
-2.12511
-0.91711
-1.19715
-2.11501
-1.37831
-117.021
-149.743
-2.92541
-2.29971
-145.555
-2.42402
-2.91174
-0.981305
-3.01363
911.508
-3.48793
-3.07331
-2.96184
-59.975
-2.15382
-2.40338
-1.28567
-1.83803
-2.30123
-2.08916
-1.35214
-2.33802
-0.758539
-25.7974
-2.24649
-2.09029
-2.30007
27.9802
-2.15319
-2.7743
-2.35741
863.05
923.322
918.955
-2.11884
-0.717623
-0.592934
-1.55006
-3.04212
-2.04594
912.984
774.675
-2.17932
-0.694064
-2.29937
-2.35658
-0.660919
-2.16256
-0.980725
-2.54115
-1.36028
-2.25301
-2.17013
-2.17365
8.47259
-2.72688
-2.09903
-0.376807
-2.20589
-2.18209
-2.37841
-2.43896
-2.4037
910.977
-2.26697
-2.883
15.6614
-0.301257
-2.70966
1169.45
-2.21431
-1.10241
-1.65288
-2.71432
-0.195579
-2.98134
-2.82758
-2.31837
-2.22215
-2.92794
-2.05873
-0.64118
-2.781
-2.27593
-0.398302
920.677
-0.0415264
-2.43714
-0.132982
-2.13362
-1.34034
-2.1897
114.353
-5.53013
-2.23224
913.988
-2.74985
-2.1453
-2.08055
-2.11968
-0.519445
-2.12071
-2.60525
-2.08552
-2.26055
-0.156671
-2.1298
0.106352
-2.05252
911.86
913.204
0.123238
-2.1738
-2.05583
-59.4947
-4.03124
-1.4037
-2.86675
-2.18346
-2.3014
-0.828179
-2.16072
-2.41354
-2.51626
0.026387
0.305484
0.1543
-0.627947
-2.10753
-2.06773
-2.23467
-2.02073
-1.91082
-0.24394
0.489514
-73.6144
0.357273
-2.12353
-0.119705
914.869
916.258
-2.28166
0.442267
-2.05362
-2.43376
-2.49951
-2.20238
-2.09223
-2.48465
-2.06112
-0.657244
-2.03166
-2.104
0.273573
-2.02695
0.214539
-2.1592
-1.394
-1.012
-2.02473
-1.56775
-2.61812
-2.68182
-2.07737
-2.13974
-2.13949
-1.99563
0.432487
-2.3319
-0.424608
0.63206
0.577351
-0.965209
-0.358805
-0.489027
-2.21717
267.017
-2.15448
0.125256
0.659873
-2.09047
-2.01763
-1.99531
-2.30286
-2.33433
-2.2505
-2.31765
-1.996
-2.04183
0.547368
-2.02715
-2.10881
-2.04327
-0.12149
-1.98492
0.784359
0.790754
0.691161
-2.07316
-2.04444
0.226005
-2.24236
-2.05265
0.447161
-2.00169
-2.00939
0.595104
-2.16117
-2.07938
-2.06914
-2.05537
-2.02892
-2.05278
914.244
912.709
-2.03234
913.569
-2.03701
912.992
0.284957
0.329261
-2.41106
0.0650721
-0.0186073
-1.12963
0.491858
0.468911
-1.85986
-1.69531
-2.14215
-2.12907
-2.39569
-2.09484
-2.10916
-2.17109
-2.18682
-2.04391
0.71379
0.719204
0.672921
0.66448
0.585672
0.600196
-2.22739
-2.02855
-1.96464
-2.08433
-2.1733
-2.12312
-177.102
-178.522
886.573
866.162
849.022
513.599
-50.3742
-1.64336
434.85
-45.8956
176.012
1106.83
-2.0311
862.775
303.613
333.732
857.929
43.5633
1066.47
879.737
-7.07822
876.733
960.627
14.7565
872.172
437.91
436.604
933.718
993.416
819.373
1018.19
932.061
976.7
440.137
814.85
876.65
1035.5
1105.28
1094.04
872.743
-3.60679
60.0233
938.647
994.676
872.37
880.465
880.604
875.181
623.969
-2.00869
1102.42
1100.42
1118.03
999.809
928.264
1001.37
918.421
952.695
1019.72
977.922
1119.32
1124.83
889.277
-4.6498
1110.56
-2.05603
1031.66
1094.61
604.815
1106.71
1092.14
956.459
-3.61139
1048.8
1106.27
965.762
1110.32
1093.58
983.415
999.674
952.627
-2.0073
1045.75
-5.00902
437.685
541.117
-1.92845
731.589
1034.59
981.769
1057.7
23.5004
12.7942
1025.91
1083.63
1115.36
-6.12889
-2.02673
1086.07
-1.99948
-7.00306
1060.04
-7.48965
-1.9575
574.997
58.6306
445.998
1138.78
1118.32
996.154
9.56505
1098.5
1076.42
-1.65774
)
;

boundaryField
{
    patch0
    {
        type            fixedFluxPressure;
        gradient        uniform 0;
        value           nonuniform List<scalar> 
4010
(
102.476
102.476
-3.23139
-3.23139
-3.04205
-3.04205
-2.88054
-2.88054
-2.45465
-2.45465
-2.98077
-2.98077
-2.81256
-2.81256
-2.94568
-2.94568
-2.76547
-2.76547
-2.94592
-2.94592
-2.90371
-2.90371
-2.75633
-2.75633
577.976
577.976
-2.97656
-2.97656
-4.15109
-4.15109
-4.08564
-4.08564
103.611
103.611
-2.81318
-2.81318
700.236
700.236
-2.99852
-2.99852
1145.82
1145.82
-6.80663
-6.80663
14.3563
14.3563
-2.75301
-2.75301
-6.87407
-6.87407
-5.42005
-5.42005
-5.09287
-5.09287
-3.16337
-3.16337
-2.00867
-2.00867
-1.71944
-1.71944
13.4107
13.4107
-6.53406
-6.53406
-2.25417
-2.25417
11.2917
11.2917
-3.10818
-3.10818
14.1958
14.1958
-6.12188
-6.12188
-1.79268
-1.79268
-1.54938
-1.54938
13.943
13.943
-5.77378
-5.77378
1014.34
1014.34
-5.81625
-5.81625
256.341
256.341
-2.09966
-2.09966
-3.53672
-3.53672
573.654
573.654
-2.32916
-2.32916
1075.39
1075.39
1093.77
1093.77
959.574
959.574
258.859
258.859
-6.49979
-6.49979
775.034
775.034
-4.08807
-4.08807
-2.92244
-2.92244
738.144
738.144
-2.32469
-2.32469
-1.61007
-1.61007
-3.15994
-3.15994
895.479
895.479
-4.28158
-4.28158
1041.91
1041.91
-1.08298
-1.08298
613.843
613.843
-2.46128
-2.46128
-3.90548
-3.90548
13.2983
13.2983
-3.16958
-3.16958
1004.2
1004.2
423.324
423.324
-4.05253
-4.05253
-1.57344
-1.57344
-1.73785
-1.73785
-1.81119
-1.81119
90.6061
90.6061
-2.28603
-2.28603
-1.84915
-1.84915
-2.09668
-2.09668
1040.01
1040.01
-2.05605
-2.05605
-4.63247
-4.63247
-1.8572
-1.8572
978.021
978.021
-3.69245
-3.69245
29.2576
29.2576
-3.15229
-3.15229
-4.4755
-4.4755
1070.21
1070.21
400.902
400.902
-3.93181
-3.93181
-4.52223
-4.52223
-3.79785
-3.79785
-4.56385
-4.56385
60.5709
60.5709
433.108
433.108
-2.38858
-2.38858
-2.04762
-2.04762
-3.34575
-3.34575
67.3056
67.3056
-3.32995
-3.32995
117.862
117.862
-4.00056
-4.00056
-3.27146
-3.27146
-4.29465
-4.29465
-1.96834
-1.96834
-3.59437
-3.59437
-4.549
-4.549
23.7147
23.7147
-4.08201
-4.08201
-2.38956
-2.38956
-2.93954
-2.93954
-1.65762
-1.65762
-1.8153
-1.8153
-2.04843
-2.04843
1105.25
1105.25
-3.21664
-3.21664
-3.92796
-3.92796
44.4768
44.4768
-2.16422
-2.16422
832.167
832.167
999.645
999.645
1093.4
1093.4
642.864
642.864
-4.10161
-4.10161
-4.73227
-4.73227
49.9613
49.9613
-1.87985
-1.87985
-3.9263
-3.9263
902.725
902.725
-2.31489
-2.31489
-3.57337
-3.57337
31.7949
31.7949
-1.84209
-1.84209
56.0596
56.0596
-4.37424
-4.37424
-2.58317
-2.58317
-2.60418
-2.60418
0.0126347
0.0126347
-2.84474
-2.84474
-2.83326
-2.83326
-4.0416
-4.0416
772.72
772.72
772.72
7.97235
7.97235
7.97235
-3.33284
-3.33284
900.524
900.524
-4.71947
-4.71947
45.4384
45.4384
29.3723
29.3723
7.66112
7.66112
-1.82934
-1.82934
997.543
997.543
997.543
142.067
142.067
-3.69404
-3.69404
-3.21475
-3.21475
-4.72569
-4.72569
1042.16
1042.16
-3.17394
-3.17394
-2.36486
-2.36486
0.614019
0.614019
-1.79246
-1.79246
52.0931
52.0931
-3.58078
-3.58078
978.474
978.474
1.60638
1.60638
-4.44711
-4.44711
-4.61432
-4.61432
1060.07
1060.07
-2.11942
-2.11942
-4.0644
-4.0644
-2.91021
-2.91021
-3.33838
-3.33838
-1.96665
-1.96665
-0.388944
-0.388944
-2.78692
-2.78692
-3.72016
-3.72016
-1.67129
-1.67129
554.77
554.77
14.9527
14.9527
-3.69418
-3.69418
-5.21974
-5.21974
-1.05699
-1.05699
-1.89453
-1.89453
-4.33696
-4.33696
1087.15
1087.15
-2.80657
-2.80657
88.2837
88.2837
-5.14435
-5.14435
-2.18905
-2.18905
-1.82485
-1.82485
-4.90534
-4.90534
-3.22138
-3.22138
-2.28361
-2.28361
-3.60168
-3.60168
-4.38428
-4.38428
972.085
972.085
972.085
-4.92261
-4.92261
-4.68423
-4.68423
-4.4802
-4.4802
4.66517
4.66517
37.046
37.046
-3.071
-3.071
-4.28096
-4.28096
-3.3767
-3.3767
-2.75498
-2.75498
-5.02627
-5.02627
-3.73814
-3.73814
138.448
138.448
61.8064
61.8064
98.2816
98.2816
98.2816
943.594
943.594
-3.93409
-3.93409
17.8291
17.8291
-4.57954
-4.57954
-5.17405
-5.17405
-1.93036
-1.93036
27.734
27.734
-4.05652
-4.05652
-3.68676
-3.68676
-1.90168
-1.90168
-4.27034
-4.27034
-1.80421
-1.80421
-4.36986
-4.36986
18.0303
18.0303
-3.24954
-3.24954
-4.92584
-4.92584
-2.32073
-2.32073
-2.00783
-2.00783
-4.48213
-4.48213
-0.422763
-0.422763
75.9107
75.9107
-1.80733
-1.80733
-5.41635
-5.41635
123.937
123.937
-4.68234
-4.68234
7.30427
7.30427
7.30427
18.6916
18.6916
-3.88401
-3.88401
-4.23992
-4.23992
933.242
933.242
933.242
15.548
15.548
-5.33941
-5.33941
18.8467
18.8467
84.4356
84.4356
127.105
127.105
51.8338
51.8338
-3.46817
-3.46817
-2.67115
-2.67115
-1.89783
-1.89783
-1.98442
-1.98442
124.735
124.735
911.905
911.905
-4.54304
-4.54304
-4.02283
-4.02283
-2.14071
-2.14071
5.14164
5.14164
-5.48339
-5.48339
-6.01719
-6.01719
-4.05914
-4.05914
-3.89116
-3.89116
-4.46006
-4.46006
-4.33677
-4.33677
-0.438086
-0.438086
-1.95442
-1.95442
-6.55056
-6.55056
-1.85314
-1.85314
1097.53
1097.53
-1.9513
-1.9513
-3.35708
-3.35708
747.573
747.573
-4.6653
-4.6653
-1.87258
-1.87258
-3.23548
-3.23548
-5.76226
-5.76226
-0.842919
-0.842919
-2.05828
-2.05828
-3.39216
-3.39216
-4.65542
-4.65542
-3.9208
-3.9208
-4.89713
-4.89713
171.52
171.52
938.981
938.981
938.981
-3.99972
-3.99972
-4.43955
-4.43955
916.507
916.507
-1.82452
-1.82452
-2.23245
-2.23245
900.853
900.853
-4.26658
-4.26658
-5.73769
-5.73769
-4.23717
-4.23717
-1.692
-1.692
-4.41039
-4.41039
19.3777
19.3777
1111.25
1111.25
1.15221
1.15221
-4.01848
-4.01848
69.5478
69.5478
-1.93322
-1.93322
-0.497649
-0.497649
911.24
911.24
911.24
-4.03297
-4.03297
19.5547
19.5547
-4.76679
-4.76679
-3.79697
-3.79697
-5.45426
-5.45426
1109.98
1109.98
8.09242
8.09242
-6.04848
-6.04848
-1.74035
-1.74035
133.61
133.61
22.498
22.498
-4.48763
-4.48763
-7.36687
-7.36687
-2.18688
-2.18688
1097.44
1097.44
-5.03209
-5.03209
-4.2502
-4.2502
-4.32503
-4.32503
-4.8549
-4.8549
-1.82371
-1.82371
-4.90682
-4.90682
-3.94166
-3.94166
-0.948477
-0.948477
-5.09901
-5.09901
-2.01781
-2.01781
-5.4807
-5.4807
-5.76901
-5.76901
-2.70549
-2.70549
-2.26532
-2.26532
-4.36279
-4.36279
11.5543
11.5543
-7.98463
-7.98463
-3.59293
-3.59293
-1.90724
-1.90724
-4.34057
-4.34057
-2.59273
-2.59273
-4.27012
-4.27012
-4.42426
-4.42426
-4.04794
-4.04794
-2.00455
-2.00455
-1.73849
-1.73849
-5.98483
-5.98483
38.0807
38.0807
-3.76701
-3.76701
-3.92154
-3.92154
6.41934
6.41934
-4.03863
-4.03863
186.995
186.995
-5.44131
-5.44131
-6.15864
-6.15864
639.491
639.491
3.99921
3.99921
20.3544
20.3544
49.788
49.788
-1.98409
-1.98409
1047.57
1047.57
-3.71908
-3.71908
-6.34932
-6.34932
433.387
433.387
-4.15414
-4.15414
-3.44659
-3.44659
20.3097
20.3097
7.34988
7.34988
-6.36422
-6.36422
-3.99975
-3.99975
-6.38855
-6.38855
-4.63875
-4.63875
-4.39396
-4.39396
-4.36887
-4.36887
-2.08654
-2.08654
-4.89005
-4.89005
-6.11167
-6.11167
16.0659
16.0659
5.96904
5.96904
544.496
544.496
-3.50073
-3.50073
-3.82489
-3.82489
-6.25385
-6.25385
-3.92567
-3.92567
-3.92514
-3.92514
-1.9688
-1.9688
-5.46101
-5.46101
-4.70199
-4.70199
-4.5955
-4.5955
-2.0068
-2.0068
-1.89361
-1.89361
27.8464
27.8464
-1.86203
-1.86203
-4.12438
-4.12438
2.63428
2.63428
-7.9688
-7.9688
-5.17939
-5.17939
3.63827
3.63827
-4.33813
-4.33813
236.688
236.688
236.688
-5.93483
-5.93483
-5.31743
-5.31743
-2.15377
-2.15377
-3.85069
-3.85069
874.813
874.813
-1.94968
-1.94968
51.8922
51.8922
-4.7527
-4.7527
1055.66
1055.66
1055.66
13.4587
13.4587
-2.04093
-2.04093
-4.08923
-4.08923
-6.37932
-6.37932
-6.18822
-6.18822
-4.0425
-4.0425
-8.05996
-8.05996
12.0959
12.0959
-4.15136
-4.15136
-4.45464
-4.45464
-3.04737
-3.04737
-2.02905
-2.02905
-3.22949
-3.22949
10.8272
10.8272
-2.57062
-2.57062
3.80078
3.80078
-4.27426
-4.27426
-2.02957
-2.02957
41.4583
41.4583
-6.54772
-6.54772
8.44115
8.44115
-2.13131
-2.13131
-1.98891
-1.98891
-6.85671
-6.85671
2.095
2.095
39.5736
39.5736
-2.02078
-2.02078
3.81911
3.81911
55.5936
55.5936
-4.45312
-4.45312
22.1262
22.1262
-2.16862
-2.16862
1116.12
1116.12
-4.3735
-4.3735
-6.60333
-6.60333
-5.94544
-5.94544
7.44125
7.44125
-4.72513
-4.72513
15.7205
15.7205
-3.90651
-3.90651
329.343
329.343
329.343
-3.90676
-3.90676
-1.94247
-1.94247
-5.15899
-5.15899
40.5856
40.5856
-3.64604
-3.64604
-7.74385
-7.74385
-4.55734
-4.55734
-2.21941
-2.21941
-6.07359
-6.07359
-4.86148
-4.86148
-2.14062
-2.14062
-3.23957
-3.23957
46.8434
46.8434
7.61014
7.61014
-2.01171
-2.01171
-5.46815
-5.46815
1064.1
1064.1
21.7013
21.7013
46.005
46.005
14.0191
14.0191
-4.03471
-4.03471
-4.33705
-4.33705
-4.4821
-4.4821
-1.90306
-1.90306
-6.52058
-6.52058
17.5444
17.5444
-1.95111
-1.95111
-2.09035
-2.09035
-5.57993
-5.57993
-1.99739
-1.99739
-1.91163
-1.91163
13.6708
13.6708
2.03998
2.03998
4.23208
4.23208
-3.40062
-3.40062
-4.62531
-4.62531
30.0532
30.0532
-3.91195
-3.91195
-5.79717
-5.79717
-6.48893
-6.48893
24.7871
24.7871
16.9591
16.9591
7.35174
7.35174
-2.15951
-2.15951
1119.67
1119.67
25.2141
25.2141
65.5537
65.5537
-2.60425
-2.60425
15.5168
15.5168
-2.06091
-2.06091
10.0284
10.0284
40.6538
40.6538
23.6398
23.6398
-0.84438
-0.84438
15.6255
15.6255
-1.52263
-1.52263
-6.06625
-6.06625
-6.6923
-6.6923
39.6451
39.6451
-4.11349
-4.11349
-2.9673
-2.9673
-6.78619
-6.78619
-7.72889
-7.72889
-2.24308
-2.24308
-1.98684
-1.98684
-2.04602
-2.04602
41.5398
41.5398
-4.55002
-4.55002
-4.33748
-4.33748
-4.20969
-4.20969
-6.75284
-6.75284
-4.82038
-4.82038
-4.84734
-4.84734
15.3978
15.3978
29.0166
29.0166
-2.97131
-2.97131
-2.03989
-2.03989
-2.1922
-2.1922
-4.39614
-4.39614
-4.50322
-4.50322
-1.9702
-1.9702
930.749
930.749
-6.75795
-6.75795
-4.38611
-4.38611
-22.4287
-22.4287
12.5604
12.5604
-7.93532
-7.93532
29.8733
29.8733
17.2936
17.2936
-1.74073
-1.74073
-4.58187
-4.58187
-6.17764
-6.17764
538.142
538.142
-6.52027
-6.52027
-6.07925
-6.07925
1.09571
1.09571
1016.81
1016.81
-1.97473
-1.97473
-2.12271
-2.12271
26.6109
26.6109
-1.98463
-1.98463
-0.360038
-0.360038
4.12217
4.12217
-2.08755
-2.08755
25.6522
25.6522
23.4888
23.4888
15.5761
15.5761
62.4041
62.4041
4.10824
4.10824
26.8837
26.8837
230.287
230.287
976.269
976.269
-0.0859945
-0.0859945
-2.12147
-2.12147
-6.44506
-6.44506
-26.6108
-26.6108
-5.06641
-5.06641
7.58432
7.58432
-6.3951
-6.3951
32.9485
32.9485
-2.02705
-2.02705
-2.50531
-2.50531
-2.01117
-2.01117
-7.30984
-7.30984
-2.10072
-2.10072
26.4361
26.4361
-6.72341
-6.72341
4.62757
4.62757
-1.984
-1.984
-4.01102
-4.01102
16.9775
16.9775
51.7741
51.7741
-1.93664
-1.93664
5.25935
5.25935
-5.54093
-5.54093
4.00496
4.00496
-4.91598
-4.91598
-4.40827
-4.40827
817.642
817.642
1001.86
1001.86
2.18196
2.18196
366.184
366.184
-2.07524
-2.07524
-1.09751
-1.09751
-6.70973
-6.70973
49.1212
49.1212
727.583
727.583
908.397
908.397
1009.5
1009.5
-2.31286
-2.31286
-3.97022
-3.97022
-2.06009
-2.06009
2.09837
2.09837
-26.3457
-26.3457
431.925
431.925
-2.76728
-2.76728
-4.21882
-4.21882
-2.67837
-2.67837
-7.8068
-7.8068
-4.70277
-4.70277
-4.42156
-4.42156
-2.01645
-2.01645
25.9395
25.9395
149.35
149.35
-6.57569
-6.57569
11.1182
11.1182
23.4994
23.4994
-2.10005
-2.10005
-6.19377
-6.19377
0.439642
0.439642
-4.33958
-4.33958
-3.42893
-3.42893
612.164
612.164
1.47269
1.47269
-2.20915
-2.20915
-2.06024
-2.06024
-2.55313
-2.55313
-6.32684
-6.32684
-4.65919
-4.65919
-1.98534
-1.98534
223.496
223.496
-3.62117
-3.62117
-4.15292
-4.15292
11.4714
11.4714
16.2242
16.2242
25.7989
25.7989
-2.03967
-2.03967
-27.9718
-27.9718
54.5109
54.5109
428.983
428.983
4.26612
4.26612
9.83441
9.83441
9.79104
9.79104
-2.17837
-2.17837
-4.62198
-4.62198
-4.92193
-4.92193
-7.09116
-7.09116
-6.44544
-6.44544
-4.62011
-4.62011
-2.71195
-2.71195
-4.4526
-4.4526
17.5179
17.5179
-2.90326
-2.90326
-6.44331
-6.44331
-28.8165
-28.8165
-4.77597
-4.77597
-2.93528
-2.93528
-4.26291
-4.26291
59.6042
59.6042
-4.34036
-4.34036
-26.3081
-26.3081
-2.00589
-2.00589
-6.64772
-6.64772
2.93059
2.93059
5.37828
5.37828
967.321
967.321
-1.9935
-1.9935
-2.12529
-2.12529
-3.992
-3.992
-3.82965
-3.82965
-6.42169
-6.42169
15.6047
15.6047
-15.9065
-15.9065
-7.46929
-7.46929
-6.0385
-6.0385
-2.04739
-2.04739
1106.77
1106.77
-2.10251
-2.10251
-0.264207
-0.264207
-2.10616
-2.10616
-4.86689
-4.86689
16.5378
16.5378
988.962
988.962
24.6132
24.6132
-2.44203
-2.44203
-0.149395
-0.149395
-2.17524
-2.17524
-3.79428
-3.79428
-6.22112
-6.22112
-4.56555
-4.56555
-3.85224
-3.85224
897.969
897.969
-2.32298
-2.32298
856.257
856.257
-0.0933313
-0.0933313
-4.07917
-4.07917
-2.44699
-2.44699
-0.423866
-0.423866
-32.0644
-32.0644
-2.52104
-2.52104
17.7237
17.7237
-2.00677
-2.00677
-6.17088
-6.17088
-3.85158
-3.85158
-2.08275
-2.08275
242.616
242.616
1.40522
1.40522
40.6273
40.6273
923.292
923.292
1.73201
1.73201
-4.54308
-4.54308
-6.41841
-6.41841
-2.27533
-2.27533
44.1358
44.1358
-24.3092
-24.3092
1003.87
1003.87
-4.20823
-4.20823
895.402
895.402
-6.68788
-6.68788
-4.03577
-4.03577
-4.66498
-4.66498
206.398
206.398
-2.53026
-2.53026
468.228
468.228
-2.00569
-2.00569
-3.55997
-3.55997
-2.03623
-2.03623
32.6969
32.6969
16.6988
16.6988
1107.26
1107.26
563.875
563.875
563.875
603.458
603.458
27.6542
27.6542
-2.18484
-2.18484
-4.4969
-4.4969
-5.79664
-5.79664
-0.420469
-0.420469
-4.0166
-4.0166
-2.3622
-2.3622
-6.45932
-6.45932
-3.80751
-3.80751
-2.82667
-2.82667
-3.5854
-3.5854
217.051
217.051
998.467
998.467
-3.92051
-3.92051
-2.06976
-2.06976
435.681
435.681
-2.52255
-2.52255
18.6556
18.6556
-7.1512
-7.1512
36.6156
36.6156
-6.49238
-6.49238
-2.16236
-2.16236
-4.25736
-4.25736
-5.99325
-5.99325
-1.88951
-1.88951
-4.4826
-4.4826
0.0815526
0.0815526
-4.13973
-4.13973
-2.32409
-2.32409
854.823
854.823
888.914
888.914
-3.52641
-3.52641
-2.10673
-2.10673
-3.82792
-3.82792
17.0612
17.0612
-2.12285
-2.12285
-3.59032
-3.59032
326.161
326.161
-6.01179
-6.01179
-5.50812
-5.50812
977.625
977.625
2.55861
2.55861
-3.58724
-3.58724
2.28298
2.28298
-0.871422
-0.871422
-2.23512
-2.23512
13.18
13.18
-2.38253
-2.38253
-8.23543
-8.23543
-6.54547
-6.54547
655.545
655.545
-2.6069
-2.6069
53.2046
53.2046
-2.02917
-2.02917
-4.50838
-4.50838
-5.02511
-5.02511
14.7032
14.7032
-2.0557
-2.0557
16.8696
16.8696
-4.26412
-4.26412
-2.19727
-2.19727
0.888214
0.888214
331.153
331.153
174.61
174.61
-2.43347
-2.43347
-3.95454
-3.95454
-4.67686
-4.67686
-2.10773
-2.10773
-2.33875
-2.33875
436.506
436.506
-3.12527
-3.12527
-3.3236
-3.3236
1096.64
1096.64
31.4118
31.4118
-5.79253
-5.79253
-2.84764
-2.84764
-2.0561
-2.0561
10.9025
10.9025
-4.60514
-4.60514
-3.55222
-3.55222
-4.40752
-4.40752
-5.74423
-5.74423
-2.02541
-2.02541
-2.24875
-2.24875
-0.909998
-0.909998
432.795
432.795
-21.1395
-21.1395
60.8882
60.8882
-3.51907
-3.51907
1070.73
1070.73
-5.51528
-5.51528
58.6072
58.6072
-49.3857
-49.3857
-4.08897
-4.08897
-2.39967
-2.39967
1035.42
1035.42
-3.76053
-3.76053
-2.22377
-2.22377
-4.53425
-4.53425
-3.64374
-3.64374
-4.24625
-4.24625
241.561
241.561
-2.84798
-2.84798
-2.08732
-2.08732
-9.36165
-9.36165
-3.09779
-3.09779
-3.54552
-3.54552
-6.16616
-6.16616
-2.02363
-2.02363
-3.4653
-3.4653
-2.16682
-2.16682
1110.63
1110.63
1110.63
-2.37364
-2.37364
437.466
437.466
2.77878
2.77878
-6.47296
-6.47296
1067.67
1067.67
-64.9655
-64.9655
-5.0438
-5.0438
-4.24372
-4.24372
-3.42726
-3.42726
-39.3226
-39.3226
-4.65747
-4.65747
-3.94227
-3.94227
909.61
909.61
-2.04712
-2.04712
-3.32322
-3.32322
-2.39317
-2.39317
-126.208
-126.208
-3.06866
-3.06866
1141.17
1141.17
-2.03291
-2.03291
-3.57884
-3.57884
-1.89613
-1.89613
-2.02711
-2.02711
-2.20575
-2.20575
-86.4836
-86.4836
-3.03308
-3.03308
1130.75
1130.75
-6.32521
-6.32521
297.792
297.792
378.401
378.401
-2.14889
-2.14889
6.06167
6.06167
-88.053
-88.053
-4.22757
-4.22757
-4.53539
-4.53539
-2.28282
-2.28282
-2.07569
-2.07569
-72.4014
-72.4014
1063.15
1063.15
-2.97929
-2.97929
-4.79959
-4.79959
-10.2683
-10.2683
-3.4203
-3.4203
-2.09869
-2.09869
-6.21129
-6.21129
3.10533
3.10533
-4.26052
-4.26052
-2.48126
-2.48126
-3.81398
-3.81398
-3.66331
-3.66331
-1.42769
-1.42769
-2.11714
-2.11714
820.579
820.579
7.3602
7.3602
-2.35789
-2.35789
-2.33394
-2.33394
-2.29329
-2.29329
-3.04668
-3.04668
-104.123
-104.123
-2.80319
-2.80319
362.773
362.773
-2.04206
-2.04206
-5.31138
-5.31138
1252.31
1252.31
-4.97405
-4.97405
-0.748259
-0.748259
-2.35902
-2.35902
1106.45
1106.45
-5.5098
-5.5098
-2.35054
-2.35054
-5.89458
-5.89458
-2.57399
-2.57399
-2.264
-2.264
437.033
437.033
437.033
1247.35
1247.35
-4.13437
-4.13437
992.004
992.004
2.1754
2.1754
-4.33258
-4.33258
-2.04215
-2.04215
-2.04352
-2.04352
-3.132
-3.132
-2.87877
-2.87877
890.177
890.177
-2.20913
-2.20913
327.247
327.247
-2.10411
-2.10411
-3.94362
-3.94362
-3.93603
-3.93603
-6.98922
-6.98922
-1.15912
-1.15912
-3.1833
-3.1833
2.25133
2.25133
-109.413
-109.413
-3.79184
-3.79184
13.8886
13.8886
-3.34294
-3.34294
-71.4902
-71.4902
-4.61637
-4.61637
-3.98899
-3.98899
-2.06356
-2.06356
437.435
437.435
-2.19038
-2.19038
433.902
433.902
453.584
453.584
-4.59656
-4.59656
-0.855677
-0.855677
-3.12089
-3.12089
365.5
365.5
-3.04947
-3.04947
-125.91
-125.91
3.75416
3.75416
17.6478
17.6478
17.6478
-31.9722
-31.9722
-3.49225
-3.49225
362.155
362.155
362.155
-91.2925
-91.2925
845.068
845.068
845.068
276.44
276.44
-3.28261
-3.28261
168.728
168.728
-2.15389
-2.15389
-11.1528
-11.1528
17.3143
17.3143
1264.16
1264.16
-4.32244
-4.32244
-1.43367
-1.43367
-3.98815
-3.98815
-6.0732
-6.0732
1189.9
1189.9
-2.09097
-2.09097
-3.52503
-3.52503
-2.04383
-2.04383
-5.47653
-5.47653
-2.90497
-2.90497
-3.44782
-3.44782
-5.82321
-5.82321
-7.14026
-7.14026
-3.58893
-3.58893
-5.10157
-5.10157
-2.77872
-2.77872
-7.13499
-7.13499
-106.675
-106.675
-1.35992
-1.35992
2.2809
2.2809
-3.71915
-3.71915
-3.11067
-3.11067
658.102
658.102
-10.6686
-10.6686
-81.9945
-81.9945
-6.97104
-6.97104
-4.16365
-4.16365
-2.13666
-2.13666
-1.22061
-1.22061
-47.5325
-47.5325
-2.05861
-2.05861
-124.336
-124.336
-3.41028
-3.41028
-3.31984
-3.31984
119.945
119.945
2.5813
2.5813
944.355
944.355
-135.863
-135.863
-3.24746
-3.24746
-20.3896
-20.3896
13.9596
13.9596
-2.96303
-2.96303
-2.26392
-2.26392
-2.29062
-2.29062
909.283
909.283
-1.2437
-1.2437
592.78
592.78
-3.1306
-3.1306
-5.41331
-5.41331
-2.26945
-2.26945
-2.23992
-2.23992
-5.13092
-5.13092
-6.55467
-6.55467
-7.99452
-7.99452
0.490848
0.490848
-2.32065
-2.32065
-2.56938
-2.56938
-2.30419
-2.30419
1044.92
1044.92
-2.08302
-2.08302
-2.11726
-2.11726
-3.75436
-3.75436
-1.26506
-1.26506
-3.85409
-3.85409
-1.87041
-1.87041
1.01498
1.01498
12.6524
12.6524
-121.074
-121.074
-2.21979
-2.21979
-3.50668
-3.50668
1525.58
1525.58
1457.59
1457.59
0.221809
0.221809
-2.30503
-2.30503
0.0728076
0.0728076
-4.31718
-4.31718
-87.5834
-87.5834
-2.81923
-2.81923
-0.0227962
-0.0227962
-3.6139
-3.6139
-3.15134
-3.15134
-0.347164
-0.347164
-2.18149
-2.18149
-6.70478
-6.70478
-6.44721
-6.44721
-4.32707
-4.32707
-2.10775
-2.10775
-2.34922
-2.34922
35.7073
35.7073
-2.50668
-2.50668
-2.03623
-2.03623
5.39946
5.39946
2.60558
2.60558
-2.36031
-2.36031
-3.729
-3.729
-74.1229
-74.1229
-6.85707
-6.85707
-95.4177
-95.4177
-35.1694
-35.1694
-4.21276
-4.21276
57.3946
57.3946
-2.10693
-2.10693
-2.78995
-2.78995
-1.74757
-1.74757
-2.16981
-2.16981
1241.71
1241.71
-2.41283
-2.41283
1057.51
1057.51
-1.73577
-1.73577
-13.2198
-13.2198
-6.55022
-6.55022
-3.97723
-3.97723
1478.68
1478.68
-3.10492
-3.10492
-4.28814
-4.28814
-4.69654
-4.69654
-2.20768
-2.20768
-4.80836
-4.80836
-1.14015
-1.14015
473.842
473.842
-76.4474
-76.4474
-122.945
-122.945
-2.1591
-2.1591
-5.42449
-5.42449
-2.58218
-2.58218
-5.68115
-5.68115
-0.767412
-0.767412
-3.21149
-3.21149
-2.11846
-2.11846
-2.37629
-2.37629
-3.78017
-3.78017
-4.32778
-4.32778
-2.81032
-2.81032
-2.05739
-2.05739
-3.83465
-3.83465
211.694
211.694
-48.7562
-48.7562
-1.79701
-1.79701
-156.931
-156.931
-2.02172
-2.02172
-6.88957
-6.88957
435.374
435.374
-126.071
-126.071
-6.75465
-6.75465
-3.34004
-3.34004
-4.23158
-4.23158
-16.2992
-16.2992
-3.42313
-3.42313
435.047
435.047
435.047
434.512
434.512
434.512
15
15
-82.9476
-82.9476
-3.11047
-3.11047
-2.27429
-2.27429
-18.1038
-18.1038
-3.52857
-3.52857
-6.73249
-6.73249
-78.1718
-78.1718
-2.99489
-2.99489
-2.25802
-2.25802
-2.24365
-2.24365
-4.96814
-4.96814
-4.09448
-4.09448
-5.32442
-5.32442
-2.0847
-2.0847
-2.15315
-2.15315
-3.10905
-3.10905
-3.51396
-3.51396
-2.23724
-2.23724
-1.12052
-1.12052
-95.6126
-95.6126
-5.38298
-5.38298
-2.22738
-2.22738
-2.20622
-2.20622
1449.65
1449.65
-0.337474
-0.337474
-2.98382
-2.98382
436.58
436.58
436.58
1674.12
1674.12
-93.0104
-93.0104
-2.79132
-2.79132
-2.06523
-2.06523
-6.72367
-6.72367
-1.10197
-1.10197
-2.67142
-2.67142
1116.9
1116.9
-3.91983
-3.91983
-2.19163
-2.19163
-2.24256
-2.24256
-3.19307
-3.19307
-2.39492
-2.39492
-2.29797
-2.29797
-59.4516
-59.4516
-3.59515
-3.59515
270.585
270.585
-4.96862
-4.96862
-6.06898
-6.06898
440.786
440.786
440.786
-2.0753
-2.0753
-5.63908
-5.63908
1011.84
1011.84
956.331
956.331
-4.65628
-4.65628
-2.15859
-2.15859
-2.37751
-2.37751
-2.31239
-2.31239
-146.396
-146.396
-152.669
-152.669
652.665
652.665
17.7332
17.7332
-3.26339
-3.26339
-4.06347
-4.06347
928.1
928.1
-1.88095
-1.88095
-3.34977
-3.34977
-3.42611
-3.42611
-104.092
-104.092
-2.89044
-2.89044
-182.178
-182.178
-4.99025
-4.99025
-34.3518
-34.3518
1702.21
1702.21
-4.17498
-4.17498
-6.6205
-6.6205
-7.13352
-7.13352
-2.09548
-2.09548
-6.18697
-6.18697
-6.95266
-6.95266
681.177
681.177
-3.38611
-3.38611
-3.00736
-3.00736
900.058
900.058
-7.14019
-7.14019
1.00839
1.00839
-73.0453
-73.0453
-3.4949
-3.4949
-2.66899
-2.66899
-3.94026
-3.94026
-84.3442
-84.3442
-3.65199
-3.65199
1.8045
1.8045
-6.62071
-6.62071
899.355
899.355
-2.1394
-2.1394
-3.08983
-3.08983
0.764423
0.764423
-2.41982
-2.41982
-58.0349
-58.0349
-2.89261
-2.89261
-5.05935
-5.05935
416.311
416.311
-2.88742
-2.88742
-3.66411
-3.66411
-2.23203
-2.23203
1078.28
1078.28
1078.28
1090.49
1090.49
1090.49
-6.03366
-6.03366
-6.50754
-6.50754
-0.655284
-0.655284
533.705
533.705
-2.3926
-2.3926
-67.2694
-67.2694
-75.0919
-75.0919
433.762
433.762
-2.11617
-2.11617
-2.21972
-2.21972
-5.0323
-5.0323
-5.6811
-5.6811
-2.24575
-2.24575
-3.00072
-3.00072
-3.06966
-3.06966
-2.90292
-2.90292
-139.527
-139.527
-3.54238
-3.54238
-54.235
-54.235
-2.37386
-2.37386
-3.20885
-3.20885
-3.67271
-3.67271
1203.56
1203.56
1493.92
1493.92
-2.37633
-2.37633
-2.02519
-2.02519
-4.15717
-4.15717
-11.2912
-11.2912
15.6249
15.6249
15.6249
-4.65459
-4.65459
0.57255
0.57255
-3.14013
-3.14013
2.43582
2.43582
-3.33961
-3.33961
-3.66612
-3.66612
-2.20968
-2.20968
908.859
908.859
907.013
907.013
-3.92528
-3.92528
-3.28026
-3.28026
1.53976
1.53976
1201.74
1201.74
1201.74
905.626
905.626
-4.60397
-4.60397
-65.4551
-65.4551
-167.954
-167.954
0.0641584
0.0641584
-104.786
-104.786
-2.25996
-2.25996
-6.00228
-6.00228
-2.1982
-2.1982
484.66
484.66
-93.9928
-93.9928
-2.1905
-2.1905
-5.91694
-5.91694
-2.75698
-2.75698
-6.26689
-6.26689
-220.889
-220.889
47.6789
47.6789
435.786
435.786
-3.37703
-3.37703
-2.98319
-2.98319
1856.89
1856.89
-3.21846
-3.21846
-2.15781
-2.15781
-5.67511
-5.67511
-2.77914
-2.77914
-3.61969
-3.61969
-5.98701
-5.98701
-3.10582
-3.10582
-1.39682
-1.39682
-3.27308
-3.27308
898.524
898.524
-3.55065
-3.55065
-61.9886
-61.9886
-2.91036
-2.91036
-2.77983
-2.77983
-4.46533
-4.46533
-3.17285
-3.17285
-2.28042
-2.28042
-2.28042
-5.32892
-5.32892
-5.06389
-5.06389
899.09
899.09
-2.51293
-2.51293
-3.17005
-3.17005
-2.186
-2.186
-3.30636
-3.30636
-2.15601
-2.15601
-2.15601
-161.707
-161.707
-2.81161
-2.81161
-2.02567
-2.02567
-2.06334
-2.06334
-2.06334
436.215
436.215
-4.79574
-4.79574
-2.20466
-2.20466
-1.96724
-1.96724
-62.1164
-62.1164
-3.06518
-3.06518
-3.49532
-3.49532
436.183
436.183
-2.90829
-2.90829
-3.20604
-3.20604
-3.12305
-3.12305
-2.64503
-2.64503
-4.0004
-4.0004
-2.50089
-2.50089
-2.50089
-2.97331
-2.97331
-2.2148
-2.2148
-109.144
-109.144
-3.38037
-3.38037
-2.52745
-2.52745
-199.928
-199.928
-3.76667
-3.76667
-4.79368
-4.79368
-69.5857
-69.5857
-2.19876
-2.19876
-68.7819
-68.7819
-2.10104
-2.10104
-2.10856
-2.10856
-2.10856
-2.06105
-2.06105
-2.06105
885.696
885.696
-225.231
-225.231
-2.98395
-2.98395
1720.79
1720.79
1720.79
-3.4867
-3.4867
-3.16004
-3.16004
13.1725
13.1725
-3.30803
-3.30803
-3.72074
-3.72074
-2.82049
-2.82049
-2.29835
-2.29835
436.415
436.415
-2.07117
-2.07117
-2.07117
-3.10982
-3.10982
-2.70283
-2.70283
-2.06899
-2.06899
1047.05
1047.05
1047.05
1041.88
1041.88
1041.88
774.744
774.744
900.803
900.803
-3.09673
-3.09673
1182.91
1182.91
-4.75367
-4.75367
-2.65726
-2.65726
-4.83413
-4.83413
-3.2097
-3.2097
-2.67136
-2.67136
-3.34748
-3.34748
716.923
716.923
716.923
-3.64532
-3.64532
-3.34578
-3.34578
-3.34578
-2.85576
-2.85576
-2.85576
-2.11919
-2.11919
-2.71805
-2.71805
904.401
904.401
-2.08969
-2.08969
-2.08969
-4.54923
-4.54923
-63.4682
-63.4682
-4.89642
-4.89642
-79.4248
-79.4248
-54.871
-54.871
-32.4491
-32.4491
-3.33364
-3.33364
1667.67
1667.67
901.704
901.704
915.444
915.444
8.12962
8.12962
-2.36447
-2.36447
908.86
908.86
-3.16595
-3.16595
-4.38755
-4.38755
837.89
837.89
9.03076
9.03076
-3.11919
-3.11919
5.24853
5.24853
-2.19075
-2.19075
782.233
782.233
2.272
2.272
-3.38712
-3.38712
525.039
525.039
-3.11284
-3.11284
-2.91461
-2.91461
907.428
907.428
907.428
-2.10732
-2.10732
-2.10732
0.126892
0.126892
-3.9941
-3.9941
-63.5079
-63.5079
-3.26151
-3.26151
-4.2939
-4.2939
-2.89615
-2.89615
-4.29359
-4.29359
-2.73493
-2.73493
-3.21247
-3.21247
-7.49695
-7.49695
-3.20883
-3.20883
-120.303
-120.303
-2.82704
-2.82704
922.213
922.213
-3.17348
-3.17348
-2.1789
-2.1789
-3.42693
-3.42693
-68.115
-68.115
-4.31513
-4.31513
2033.89
2033.89
2033.89
905.267
905.267
-1.43854
-1.43854
-2.32315
-2.32315
-2.233
-2.233
-3.08332
-3.08332
-3.62582
-3.62582
-3.13422
-3.13422
-54.1504
-54.1504
-3.09737
-3.09737
-3.14472
-3.14472
-2.14385
-2.14385
-2.14385
-2.17349
-2.17349
-2.58488
-2.58488
-60.7528
-60.7528
-3.31145
-3.31145
-2.18849
-2.18849
-3.08549
-3.08549
-2.62904
-2.62904
-2.6046
-2.6046
-2.9924
-2.9924
-178.647
-178.647
-2.88566
-2.88566
-3.41564
-3.41564
-198.074
-198.074
-3.08178
-3.08178
-2.3962
-2.3962
-2.22155
-2.22155
-2.96442
-2.96442
-2.18357
-2.18357
-2.54653
-2.54653
-2.50297
-2.50297
-2.76193
-2.76193
-3.22165
-3.22165
-3.57052
-3.57052
-91.6878
-91.6878
-2.76671
-2.76671
-3.47391
-3.47391
-2.84154
-2.84154
-2.93363
-2.93363
87.1254
87.1254
87.1254
-3.06508
-3.06508
-2.18524
-2.18524
-3.43831
-3.43831
-2.45535
-2.45535
-2.66785
-2.66785
-2.65948
-2.65948
907.228
907.228
-2.52902
-2.52902
908.795
908.795
-2.41382
-2.41382
-66.2075
-66.2075
-3.05106
-3.05106
911.827
911.827
911.827
-2.61171
-2.61171
-3.10369
-3.10369
-2.10652
-2.10652
-2.10652
-3.33302
-3.33302
910.168
910.168
-2.16049
-2.16049
-3.03698
-3.03698
908.9
908.9
1324.33
1324.33
1836.32
1836.32
1836.32
678.551
678.551
-2.64502
-2.64502
-2.19345
-2.19345
-2.24948
-2.24948
909.647
909.647
-2.14802
-2.14802
-2.15231
-2.15231
-37.0703
-37.0703
-2.91381
-2.91381
490.175
490.175
-2.16439
-2.16439
-2.16291
-2.16291
-3.03028
-3.03028
-2.10431
-2.10431
-3.34077
-3.34077
31.5062
31.5062
-2.17704
-2.17704
-2.98651
-2.98651
-2.61052
-2.61052
-2.26862
-2.26862
-2.15559
-2.15559
-2.25469
-2.25469
914.568
914.568
-92.6187
-92.6187
-92.6187
-2.51583
-2.51583
924.432
924.432
-46.5025
-46.5025
-46.5025
-2.64905
-2.64905
3.88042
3.88042
3.88042
-2.16085
-2.16085
-2.4677
-2.4677
9.95711
9.95711
9.95711
-2.89671
-2.89671
-3.03993
-3.03993
7.06435
7.06435
7.06435
-1.56868
-1.56868
-2.12588
-2.12588
-42.3318
-42.3318
3.58053
3.58053
3.58053
1.01328
1.01328
1.01328
-2.34644
-2.34644
-8.1344
-8.1344
-1.60073
-1.60073
-2.48895
-2.48895
-3.0251
-3.0251
-1.43797
-1.43797
-2.54919
-2.54919
767.064
767.064
857.282
857.282
857.282
860.62
860.62
860.62
-0.821531
-0.821531
-0.821531
-2.27391
-2.27391
-2.92008
-2.92008
-2.2698
-2.2698
-2.74761
-2.74761
-1.4422
-1.4422
910.929
910.929
-2.97235
-2.97235
-1.36067
-1.36067
-1.7767
-1.7767
-2.8238
-2.8238
-65.893
-65.893
-68.2333
-68.2333
915.575
915.575
-2.09095
-2.09095
-2.09095
-2.64822
-2.64822
-2.65034
-2.65034
1582.65
1582.65
1582.65
-2.12511
-2.12511
-0.91711
-0.91711
-1.19715
-1.19715
-2.11501
-2.11501
-1.37831
-1.37831
-117.021
-117.021
-117.021
-149.743
-149.743
-149.743
-2.92541
-2.92541
-2.29971
-2.29971
-145.555
-145.555
-145.555
-2.42402
-2.42402
-2.91174
-2.91174
-0.981305
-0.981305
-3.01363
-3.01363
911.508
911.508
911.508
-3.48793
-3.48793
-3.48793
-3.07331
-3.07331
-3.07331
-2.96184
-2.96184
-59.975
-59.975
-2.15382
-2.15382
-2.40338
-2.40338
-1.28567
-1.28567
-1.83803
-1.83803
-2.30123
-2.30123
-2.08916
-2.08916
-1.35214
-1.35214
-2.33802
-2.33802
-0.758539
-0.758539
-25.7974
-25.7974
-25.7974
-2.24649
-2.24649
-2.09029
-2.09029
-2.30007
-2.30007
27.9802
27.9802
-2.15319
-2.15319
-2.7743
-2.7743
-2.7743
-2.35741
-2.35741
863.05
863.05
923.322
923.322
923.322
918.955
918.955
-2.11884
-2.11884
-0.717623
-0.717623
-0.592934
-0.592934
-1.55006
-1.55006
-3.04212
-3.04212
-3.04212
-2.04594
-2.04594
912.984
912.984
912.984
774.675
774.675
-2.17932
-2.17932
-0.694064
-0.694064
-2.29937
-2.29937
-2.35658
-2.35658
-0.660919
-0.660919
-2.16256
-2.16256
-0.980725
-0.980725
-2.54115
-2.54115
-1.36028
-1.36028
-2.25301
-2.25301
-2.25301
-2.17013
-2.17013
-2.17013
-2.17365
-2.17365
8.47259
8.47259
8.47259
-2.72688
-2.72688
-2.09903
-2.09903
-0.376807
-0.376807
-2.20589
-2.20589
-2.18209
-2.18209
-2.37841
-2.37841
-2.43896
-2.43896
-2.4037
-2.4037
910.977
910.977
-2.26697
-2.26697
-2.883
-2.883
-2.883
15.6614
15.6614
15.6614
-0.301257
-0.301257
-2.70966
-2.70966
-2.70966
1169.45
1169.45
1169.45
-2.21431
-2.21431
-1.10241
-1.10241
-1.65288
-1.65288
-2.71432
-2.71432
-2.71432
-0.195579
-0.195579
-2.98134
-2.98134
-2.98134
-2.82758
-2.82758
-2.31837
-2.31837
-2.22215
-2.22215
-2.92794
-2.92794
-2.92794
-2.05873
-2.05873
-0.64118
-0.64118
-2.781
-2.781
-2.781
-2.27593
-2.27593
-0.398302
-0.398302
920.677
920.677
920.677
-0.0415264
-0.0415264
-2.43714
-2.43714
-0.132982
-0.132982
-2.13362
-2.13362
-1.34034
-1.34034
-2.1897
-2.1897
114.353
114.353
114.353
-5.53013
-5.53013
-5.53013
-2.23224
-2.23224
913.988
913.988
-2.74985
-2.74985
-2.1453
-2.1453
-2.08055
-2.08055
-2.11968
-2.11968
-0.519445
-0.519445
-2.12071
-2.12071
-2.60525
-2.60525
-2.60525
-2.08552
-2.08552
-2.26055
-2.26055
-0.156671
-0.156671
-2.1298
-2.1298
0.106352
0.106352
-2.05252
-2.05252
911.86
911.86
913.204
913.204
913.204
0.123238
0.123238
-2.1738
-2.1738
-2.05583
-2.05583
-59.4947
-59.4947
-4.03124
-4.03124
-1.4037
-1.4037
-2.86675
-2.86675
-2.86675
-2.18346
-2.18346
-2.3014
-2.3014
-0.828179
-0.828179
-2.16072
-2.16072
-2.41354
-2.41354
-2.51626
-2.51626
-2.51626
0.026387
0.026387
0.305484
0.305484
0.1543
0.1543
-0.627947
-0.627947
-2.10753
-2.10753
-2.10753
-2.06773
-2.06773
-2.06773
-2.23467
-2.23467
-2.02073
-2.02073
-1.91082
-1.91082
-0.24394
-0.24394
0.489514
0.489514
-73.6144
-73.6144
0.357273
0.357273
-2.12353
-2.12353
-0.119705
-0.119705
914.869
914.869
916.258
916.258
916.258
-2.28166
-2.28166
0.442267
0.442267
-2.05362
-2.05362
-2.43376
-2.43376
-2.49951
-2.49951
-2.49951
-2.20238
-2.20238
-2.09223
-2.09223
-2.48465
-2.48465
-2.06112
-2.06112
-0.657244
-0.657244
-2.03166
-2.03166
-2.104
-2.104
0.273573
0.273573
-2.02695
-2.02695
-2.02695
0.214539
0.214539
-2.1592
-2.1592
-1.394
-1.394
-1.012
-1.012
-1.012
-2.02473
-2.02473
-1.56775
-1.56775
-1.56775
-2.61812
-2.61812
-2.68182
-2.68182
-2.68182
-2.07737
-2.07737
-2.13974
-2.13974
-2.13974
-2.13949
-2.13949
-1.99563
-1.99563
0.432487
0.432487
-2.3319
-2.3319
-0.424608
-0.424608
-0.424608
0.63206
0.63206
0.577351
0.577351
-0.965209
-0.965209
-0.358805
-0.358805
-0.489027
-0.489027
-0.489027
-2.21717
-2.21717
267.017
267.017
267.017
-2.15448
-2.15448
0.125256
0.125256
0.125256
0.659873
0.659873
-2.09047
-2.09047
-2.01763
-2.01763
-1.99531
-1.99531
-1.99531
-2.30286
-2.30286
-2.30286
-2.33433
-2.33433
-2.2505
-2.2505
-2.31765
-2.31765
-1.996
-1.996
-2.04183
-2.04183
-2.04183
0.547368
0.547368
0.547368
-2.02715
-2.02715
-2.10881
-2.10881
-2.04327
-2.04327
-0.12149
-0.12149
-1.98492
-1.98492
-1.98492
0.784359
0.784359
0.784359
0.790754
0.790754
0.691161
0.691161
-2.07316
-2.07316
-2.04444
-2.04444
0.226005
0.226005
-2.24236
-2.24236
-2.05265
-2.05265
0.447161
0.447161
-2.00169
-2.00169
-2.00169
-2.00939
-2.00939
0.595104
0.595104
-2.16117
-2.16117
-2.16117
-2.07938
-2.07938
-2.06914
-2.06914
-2.06914
-2.05537
-2.05537
-2.02892
-2.02892
-2.05278
-2.05278
914.244
914.244
914.244
912.709
912.709
-2.03234
-2.03234
-2.03234
-2.03234
913.569
913.569
913.569
913.569
-2.03701
-2.03701
912.992
912.992
912.992
0.284957
0.284957
0.284957
0.329261
0.329261
-2.41106
-2.41106
-2.41106
0.0650721
0.0650721
-0.0186073
-0.0186073
-0.0186073
-1.12963
-1.12963
-1.12963
0.491858
0.491858
0.468911
0.468911
0.468911
-1.85986
-1.85986
-1.85986
-1.69531
-1.69531
-2.14215
-2.14215
-2.12907
-2.12907
-2.12907
-2.39569
-2.39569
-2.39569
-2.09484
-2.09484
-2.09484
-2.10916
-2.10916
-2.17109
-2.17109
-2.17109
-2.18682
-2.18682
-2.04391
-2.04391
-2.04391
0.71379
0.71379
0.71379
0.719204
0.719204
0.719204
0.672921
0.672921
0.66448
0.66448
0.66448
0.585672
0.585672
0.585672
0.600196
0.600196
-2.22739
-2.22739
-2.22739
-2.02855
-2.02855
-1.96464
-1.96464
-2.08433
-2.08433
-2.1733
-2.1733
-2.12312
-2.12312
-177.102
-177.102
-178.522
-178.522
-178.522
886.573
886.573
866.162
866.162
849.022
849.022
513.599
513.599
513.599
-50.3742
-50.3742
-1.64336
-1.64336
434.85
434.85
-45.8956
-45.8956
176.012
176.012
1106.83
1106.83
-2.0311
-2.0311
862.775
862.775
303.613
303.613
303.613
333.732
333.732
333.732
857.929
857.929
857.929
43.5633
43.5633
1066.47
1066.47
879.737
879.737
-7.07822
-7.07822
876.733
876.733
876.733
960.627
960.627
14.7565
14.7565
872.172
872.172
437.91
437.91
437.91
436.604
436.604
436.604
933.718
933.718
933.718
993.416
993.416
993.416
819.373
819.373
819.373
1018.19
1018.19
1018.19
932.061
932.061
932.061
976.7
976.7
976.7
440.137
440.137
814.85
814.85
876.65
876.65
1035.5
1035.5
1035.5
1105.28
1105.28
1105.28
1094.04
1094.04
1094.04
872.743
872.743
-3.60679
-3.60679
60.0233
60.0233
938.647
938.647
938.647
994.676
994.676
994.676
872.37
872.37
872.37
880.465
880.465
880.604
880.604
875.181
875.181
623.969
623.969
-2.00869
-2.00869
1102.42
1102.42
1100.42
1100.42
1118.03
1118.03
999.809
999.809
999.809
928.264
928.264
1001.37
1001.37
918.421
918.421
952.695
952.695
1019.72
1019.72
977.922
977.922
1119.32
1119.32
1119.32
1124.83
1124.83
1124.83
889.277
889.277
-4.6498
-4.6498
1110.56
1110.56
-2.05603
-2.05603
1031.66
1031.66
1094.61
1094.61
604.815
604.815
1106.71
1106.71
1092.14
1092.14
956.459
956.459
-3.61139
-3.61139
1048.8
1048.8
1106.27
1106.27
965.762
965.762
1110.32
1110.32
1110.32
1093.58
1093.58
983.415
983.415
999.674
999.674
952.627
952.627
-2.0073
-2.0073
1045.75
1045.75
-5.00902
-5.00902
437.685
437.685
437.685
541.117
541.117
-1.92845
-1.92845
731.589
731.589
1034.59
1034.59
981.769
981.769
981.769
1057.7
1057.7
23.5004
23.5004
12.7942
12.7942
1025.91
1025.91
1083.63
1083.63
1115.36
1115.36
1115.36
-6.12889
-6.12889
-2.02673
-2.02673
1086.07
1086.07
-1.99948
-1.99948
-7.00306
-7.00306
1060.04
1060.04
-7.48965
-7.48965
-1.9575
-1.9575
574.997
574.997
58.6306
58.6306
445.998
445.998
1138.78
1138.78
1118.32
1118.32
996.154
996.154
996.154
9.56505
9.56505
1098.5
1098.5
1076.42
1076.42
1076.42
-1.65774
-1.65774
)
;
    }
}


// ************************************************************************* //
