/*--------------------------------*- C++ -*----------------------------------*\
  =========                 |
  \\      /  F ield         | OpenFOAM: The Open Source CFD Toolbox
   \\    /   O peration     | Website:  https://openfoam.org
    \\  /    A nd           | Version:  8
     \\/     M anipulation  |
\*---------------------------------------------------------------------------*/
FoamFile
{
    version     2.0;
    format      ascii;
    class       volScalarField;
    location    "0.75";
    object      nut;
}
// * * * * * * * * * * * * * * * * * * * * * * * * * * * * * * * * * * * * * //

dimensions      [0 2 -1 0 0 0 0];

internalField   nonuniform List<scalar> 
1924
(
0.00160061
0.001714
0.00173515
0.00174285
0.00173369
0.00176622
0.00179491
0.00179978
0.00187192
0.00169988
0.00185235
0.0019391
0.00164406
0.00191708
0.00199364
0.00200107
0.00179328
0.00200495
0.00154251
0.0019883
0.00142683
0.00212845
0.00181467
0.00208516
0.00212181
0.00207097
0.00210112
0.00166163
0.00174707
0.00160316
0.0018619
0.00211538
0.00151898
0.0017783
0.0016814
0.00182463
0.00212104
0.00173253
0.0016387
0.00186195
0.00210591
0.00148673
0.00208909
0.00173807
0.00160322
0.00177581
0.00160465
0.0016707
0.00108432
0.00119218
0.00139021
0.00162999
0.00212652
0.0012913
0.00181124
0.0016881
0.00154362
0.00161256
0.00162455
0.00212329
0.0017015
0.00199517
0.00160456
0.00152935
0.00132758
0.0016743
0.00208195
0.001895
0.00176585
0.00142217
0.00165706
0.00201943
0.00150833
0.00181711
0.00200314
0.00185577
0.00178413
0.00212292
0.00168526
0.00155664
0.00240122
0.00209546
0.00160547
0.001476
0.00149413
0.00189079
0.00164021
0.00198491
0.00109607
0.00159081
0.00207743
0.00208335
0.00179663
0.00185848
0.00169723
0.00132209
0.001774
0.00237526
0.00212244
0.00176975
0.00175928
0.00164901
0.00212412
0.00209442
0.00189038
0.00236827
0.00179714
0.00192959
0.00211746
0.00182957
0.00184555
0.00178243
0.00171254
0.00160501
0.00174761
0.00133696
0.00174699
0.00200931
0.00196492
0.00183787
0.0013646
0.000408004
0.00129895
0.00137258
0.00206266
0.00193175
0.00190358
0.00234882
0.00180602
0.000465985
0.00199375
0.00177814
0.000191582
0.00161537
0.00168688
0.00187115
0.00174067
0.00176172
0.00207365
0.00169828
0.00167347
0.00205187
0.000126146
0.000105484
0.00178013
0.00149826
0.00196834
0.00175751
0.00211484
0.00197551
0.00159077
0.000202421
0.00190703
0.00181321
0.00177551
0.0019619
0.000410941
0.00172529
0.00198305
0.000172197
0.00159856
0.00184868
0.0017986
0.000412891
0.00155251
0.00189676
0.00194191
0.000307885
0.00194657
0.00184126
0.00169805
0.00180299
0.00241399
0.00209628
0.00168138
0.00204886
0.00159179
0.000335328
0.00181036
0.00183176
0.00205566
0.00207022
0.00193888
0.00196582
0.00103376
0.00167976
0.00194599
0.00206026
0.00203528
0.0016972
0.00200238
0.00180605
0.00213042
0.00182142
0.00195185
0.000205986
0.00206899
0.00206644
0.00205563
0.00207541
0.000269816
0.00171154
0.00188113
0.0018274
0.00174034
0.00207732
0.0018518
0.00194112
0.00183305
0.000133794
0.000422187
0.00182017
0.00210687
0.00197381
0.00208152
0.00228689
0.00210954
0.00202889
0.00184504
0.00239866
0.00199852
0.00161048
0.00190808
0.00209503
0.00184613
0.00208825
0.00209134
0.00241657
0.00196903
0.00208771
0.000262301
0.00210724
0.00207413
0.000301835
0.00207906
0.00013087
0.00223872
0.0018709
0.00189165
0.000210027
0.00207521
0.00209379
0.00225357
0.00196905
0.000238011
0.00181434
0.00185227
0.00174861
0.00206076
0.00244497
0.00161249
0.000370641
0.00198972
0.00185141
0.00215928
0.00211222
0.00206154
0.00211574
0.00202911
0.00186715
0.00199864
0.00191708
0.00209385
0.00220606
0.00211146
0.00211345
0.00145464
0.00244365
0.00183469
0.000307905
0.00209147
0.00158648
0.00171447
0.00212073
0.00210951
0.00243773
0.00189033
0.00209321
0.00183593
0.00208852
0.00029369
0.000151823
0.00209221
0.00199055
0.00134479
0.00176996
0.00220501
0.000385726
0.00188707
0.00210632
0.00191056
0.00172148
0.00208764
0.00225907
0.0011902
0.00155573
0.00210343
0.00196406
0.00247204
0.00224446
0.000223567
0.00186426
0.00237025
0.00210793
0.0018873
0.0021218
0.00148624
0.00238359
0.00212371
0.00162035
0.00185956
0.00196762
0.00201009
0.00211428
0.00218016
0.00158266
0.00202602
0.00189438
0.00193436
0.00200747
0.00203228
0.00210124
0.00185517
0.001582
0.0021177
0.00243171
0.002098
0.002126
0.00174522
0.00217855
0.00210073
0.0020868
0.00209912
0.00194838
0.00241556
0.00209764
0.00211794
0.00193224
0.00201611
0.00188151
0.00244568
0.00159365
0.00211638
0.00198967
0.00210062
0.00202739
0.000238102
0.00206744
0.00198616
0.0021208
0.0020882
0.000228099
0.00034775
0.00237105
0.00183647
0.00246767
0.00103456
0.00190723
0.00212907
0.00136621
0.0020947
0.00223894
0.00238473
0.00211118
0.00210352
0.00187711
0.00210972
0.00210326
0.00203325
0.00195505
0.00244315
0.00203144
0.00212821
0.00213325
0.0020677
0.000290906
0.00223115
0.00208205
0.00211148
0.00206937
0.00203501
0.00248583
0.00211086
0.00202307
0.00210826
0.00244825
0.00232739
0.00210695
0.00206037
0.00190053
0.000314919
0.00208823
0.00210331
0.00209148
0.00196024
0.000118562
0.0020618
0.00211342
0.00228289
0.00201891
0.00156891
0.00249661
0.00198669
0.00187063
9.31034e-05
0.00211781
0.00245675
0.00208969
0.00213156
0.0020746
0.00210319
0.00205786
0.00192698
0.00189906
0.00203966
0.00210289
0.00245193
0.00235365
0.00196255
0.00181831
0.00236493
0.00211102
0.00245944
0.00187805
0.00210416
0.00243719
0.00226786
0.00163849
0.00210498
0.00208496
0.00211719
0.00245915
0.00209616
0.002023
0.0019792
0.00207219
0.00244228
0.0013528
0.00192649
0.00210956
0.0021164
0.00205798
0.00204402
0.00144631
0.00207322
0.000110574
0.0021025
0.00251779
0.00211347
0.00210974
0.00208814
0.00208677
0.00204211
0.00226085
0.00205804
0.00210733
0.00245873
0.00222878
0.00201984
0.00204132
0.002463
0.00211286
0.00162416
0.00199483
0.00201277
0.00210965
0.00209501
0.00205111
0.00192151
0.00164802
0.00207878
0.0020539
0.0021603
0.00245634
0.00211201
0.00247199
0.00147933
0.00193446
0.00207402
0.0020247
0.00210955
0.0019833
0.00211654
0.00209627
0.00210747
0.00209603
0.00206948
0.00213518
0.00209324
0.00225291
0.00143892
0.00208531
0.00203333
0.00180865
0.00242341
0.00246265
0.00205173
0.00211821
0.00206282
0.00157457
0.00243035
0.00218405
0.00212072
0.00210658
0.00186958
0.00209282
0.0023482
0.00206052
0.00208539
0.00244456
0.00249684
0.00246408
0.00211854
0.00205915
0.00211266
0.00211354
0.00211285
0.0021147
0.00194302
0.00203386
0.00204394
0.00231479
0.00246809
0.00244157
0.00205849
0.00211369
0.00241082
0.00169638
0.0020732
0.00205249
0.00203286
0.00195163
0.00206264
0.00187678
0.00200856
0.00210253
0.00200111
0.00211856
0.00172657
0.00208725
0.00211099
0.00156504
0.00154731
0.00251507
0.00245013
0.00208537
0.00171633
0.00150659
0.00208242
0.00232819
0.00207792
0.00211646
0.00206254
0.00204862
0.0020664
0.00189774
0.0017626
0.00140041
0.00156166
0.00149308
0.00209276
0.00205419
0.00190071
0.00211771
0.0021264
0.00198574
0.00247104
0.00193332
0.00195584
0.00209511
0.00245155
0.00209722
0.00206356
0.00211919
0.00253281
0.00211488
0.00182344
0.00191538
0.00242525
0.00194801
0.00211288
0.0020572
0.00194233
0.00211921
0.00135233
0.0016253
0.00241735
0.00198512
0.00245925
0.0015835
0.00207206
0.0020565
0.000336661
0.00138099
0.00145357
0.00242733
0.00211424
0.00231551
0.00210279
0.00204549
0.00137601
0.00238834
0.00206044
0.0014724
0.00207353
0.00196003
0.00211838
0.00248151
0.00202481
0.00200308
0.00207607
0.00218446
0.00185244
0.00231926
0.00211695
0.00208377
0.00207119
0.00202932
0.00138807
0.0015286
0.0024278
0.00246673
0.00190983
0.00208627
0.0020072
0.00232341
0.00177013
0.00206948
0.00211993
0.00190038
0.00203926
0.00208307
0.00238139
0.00201417
0.00206434
0.00138846
0.00207712
0.00149623
0.00209281
0.00243541
0.00211165
0.00211647
0.00210526
0.0020696
0.00208175
0.00231421
0.00209621
0.00214247
0.00209786
0.00212808
0.00208463
0.00211647
0.00171037
0.00206858
0.00181783
0.00211723
0.00208429
0.00248933
0.00207063
0.00191901
0.00195995
0.00164113
0.00249632
0.00243782
0.00211518
0.00144645
0.00207088
0.00205127
0.00207495
0.00209125
0.00212327
0.00247449
0.00147157
0.00232191
0.00223215
0.0024484
0.00196215
0.00206711
0.00148372
0.00187111
0.00241075
0.00240913
0.00209156
0.00210502
0.00207403
0.00202145
0.00211052
0.00154275
0.00240725
0.00172529
0.00156978
0.00206537
0.00203049
0.00208433
0.00209186
0.00238504
0.00189168
0.00251388
0.00211997
0.00210006
0.00245498
0.00203691
0.00209215
0.0019057
0.00141526
0.00209451
0.00210632
0.00207965
0.00241642
0.00208039
0.00208884
0.00157115
0.00210677
0.00157199
0.00207223
0.00212261
0.00211116
0.00208188
0.00231978
0.00121992
0.00253866
0.00207385
0.00248048
0.00183507
0.00205838
0.000226903
0.000154384
0.00141914
0.00201843
0.00241817
0.00210799
0.00193783
0.00154509
0.0021169
0.00210432
0.00207241
0.0021087
0.00209905
0.00209186
0.00206455
0.00146516
0.00210685
0.00246784
0.000267311
0.00199117
0.000313768
0.00210505
0.00186891
0.00208522
0.00242721
0.00207994
0.00206388
0.00196655
0.00147309
0.00150867
0.00207764
0.00159071
0.0014533
0.00157174
0.00208461
0.0021429
0.00210406
0.00214499
0.00243226
0.00209477
0.00191805
0.00208508
0.00213053
0.00174816
0.00209347
0.00205706
0.00209238
0.00159589
0.0020954
0.00194304
0.00239353
0.00209907
0.00208207
0.00180201
0.0020929
0.0020241
0.00249352
0.00202648
0.00194216
0.00205645
0.00245184
0.00209406
0.0020933
0.0023823
0.00155277
0.00193796
0.00211156
0.00238739
0.00209246
0.00212952
0.00244465
0.00239881
0.00117296
0.00209462
0.00210456
0.00157719
0.00203475
0.00207635
0.0014138
0.00248207
0.00221887
0.00144147
0.00207116
0.00209592
0.00212266
0.002551
0.00239896
0.00159143
0.00028849
0.00209697
0.00190313
0.00209397
0.00161777
0.00208483
0.00202062
0.00207143
0.0020753
0.00227807
0.00171138
0.00209963
0.00240869
0.00214123
0.00210206
0.00209151
0.0019277
0.00206475
0.00246401
0.00209754
0.00209282
0.0021173
0.00209121
0.00250265
0.0021004
0.00241157
8.61316e-05
0.00210831
0.000326269
0.00208942
0.0020831
0.00106404
0.00211185
0.00208922
0.00214082
0.00208758
0.0021129
0.00198211
0.00208946
0.00183989
0.00248865
0.00206635
0.00207555
0.00210457
0.00211263
0.00152024
0.00253983
0.00210205
0.00223005
0.00207346
0.00187462
0.00203907
0.00207627
0.00161143
0.00208325
0.00188775
0.00196072
0.0024226
0.00210596
0.00201801
0.00204005
0.00213382
0.0016816
0.00247579
0.0020079
0.000230888
0.00208191
0.00138638
0.00210481
0.00209451
0.00229291
0.00205475
0.00211001
0.00206996
0.002083
0.00208763
0.0020983
0.00215093
0.00244285
0.000265335
0.0021612
0.00236505
0.0023742
0.00238018
0.00207686
0.00205342
0.00210204
0.00195565
0.00253595
0.00211231
0.00149926
0.00209013
0.00213122
0.00231232
0.00174581
0.0020866
0.00229288
0.00208805
0.00144807
0.00238873
9.89365e-05
0.00155629
0.00207302
0.00180283
0.00208712
0.0021271
0.00251911
0.0025659
0.00207835
0.00215891
0.00160991
0.00239134
0.00197219
0.00245586
0.00208341
0.00198297
0.00207672
0.00214512
0.00208886
0.00209851
0.00212235
0.00205445
0.00191655
0.00210296
0.0021184
0.00207454
0.00207018
0.00250942
0.000128659
0.00240188
0.0012436
0.000347542
0.00205966
0.00215959
0.00204974
0.00192389
0.00207464
0.00210686
0.00211829
0.000161364
0.00211337
0.00209512
0.000132912
0.0020289
0.000123756
0.00195648
0.00209936
0.00161026
0.00242095
0.00211563
0.00197501
0.00165576
0.00205158
0.00220432
0.00216185
0.00208658
0.0017242
0.00249778
0.00212483
0.0025273
0.00208791
0.00211432
0.0013634
0.00203856
0.00207717
0.00208508
0.00196714
0.00208388
0.00207276
0.00205146
0.00213844
0.00209033
0.00207056
0.00216676
0.00142054
0.00137417
0.00212312
0.00212181
0.00204878
0.00243445
0.00215271
0.00212039
0.00251436
0.00212457
0.00209601
0.00210035
0.0019912
0.00209993
0.00184168
0.00211827
0.00210699
0.00212337
0.0019414
0.0020912
0.00217867
0.00235375
0.00147228
0.00216421
0.00189268
0.00209476
0.00204225
0.00236324
0.00237144
0.00203748
0.00205937
0.00212743
0.00215491
0.00230976
0.00216624
0.0023245
0.000136316
0.00250464
0.00248404
0.00203381
0.00213476
0.00205252
0.00164513
0.00155101
0.00145987
0.00206906
0.00238097
0.00208512
0.00158827
0.00165206
0.00214644
0.00216152
0.00158459
0.00216692
0.00202321
0.00208533
0.00198814
0.00207052
0.00210525
0.00208847
0.00240062
0.00207636
0.00208209
0.00203185
0.00215848
0.00224516
0.00197388
0.00217283
0.00240605
0.00194081
0.00209131
0.00222362
0.00205251
0.00212967
0.00206168
0.00202672
0.00212889
0.00135274
0.00199378
0.0024919
0.00212431
0.00212975
0.00241155
0.00174896
0.00209342
0.00179591
0.0021682
0.00213077
0.00205519
0.00203426
0.000374742
0.00211217
0.00213287
0.00215228
0.000513255
0.00202234
0.00213833
0.00118653
0.00199027
0.00213258
0.00246676
0.00203223
0.00210225
0.00203459
0.00214691
0.00210227
0.000636012
0.000391189
0.00217649
0.00201993
0.00210569
0.00235798
0.00203533
0.00191147
0.00212745
0.00215635
0.00210816
0.000681856
0.00208383
0.00131567
0.00202252
0.00207075
0.00208568
0.0020888
0.00194733
0.00207177
0.000127786
0.000131765
0.0019361
0.00200684
0.00217724
0.00231513
0.00212873
0.00210486
0.00206207
0.0019992
0.00211454
0.00232677
0.00234859
0.00200141
0.00202042
0.0021294
0.000684206
0.00247706
0.00210881
0.00205711
0.00209942
0.00213274
0.00212834
0.00212278
0.00235747
0.0023801
0.00170162
0.00213974
0.00211858
0.000152012
0.00165562
0.0019751
0.00216514
0.000670879
0.00216423
0.00214884
0.000331341
0.000201632
0.00202243
0.00239063
0.00210229
0.00209333
0.00214051
0.00227001
0.00199168
0.00204206
0.00162438
0.0020172
0.00204283
0.000166716
0.000663803
0.00217668
0.000270133
0.00181027
0.00201264
0.0024467
0.00215776
0.00225474
0.00212799
0.00205168
0.00185528
0.00197357
0.00208765
0.00201093
0.00130872
0.00168303
0.00207402
0.00206008
0.00198292
0.0021154
0.00210708
0.00202468
0.00208944
0.000377629
0.00217557
0.00207495
0.00209507
0.000660132
0.00209582
0.00208387
0.00124467
0.000308909
0.00211212
0.00150633
0.00210349
0.00210147
0.0019471
0.00204634
0.0021196
0.00201272
0.00208261
0.00202923
0.00211015
0.00213725
0.00157044
0.00245812
0.00209692
0.00212274
0.00218448
0.00193657
0.00212166
0.00201145
0.0015646
0.00212491
0.00216815
0.00232119
8.71765e-05
9.67759e-05
0.00205707
0.00215816
0.00213799
0.00163797
0.00211072
0.00195617
0.00194863
0.00132076
0.000656086
0.00233087
0.00217686
0.00204605
0.00228605
0.00210498
0.00209245
0.00212007
0.00206489
0.00203471
0.00207101
0.00220537
0.00208222
0.00201998
0.00173037
0.0016905
0.00211906
0.00215355
0.00201085
0.00207918
0.000128111
0.00201723
0.00208808
0.00208605
0.00209701
0.00206766
0.000310244
0.00236092
0.00143955
0.000389628
0.00200991
0.00207261
0.00210817
0.000168135
0.00148245
0.0021777
0.00189182
0.00200624
0.00212308
0.00205791
0.00227395
0.00209036
0.00236992
0.00184897
0.00191101
0.00242831
0.00211655
0.00212355
0.00209745
0.00202182
0.00187214
0.00122849
0.00206245
0.00211741
0.000371538
0.00207669
0.00065203
0.00207697
0.00213355
0.00201682
0.00213257
0.00210973
0.00214117
0.00207575
0.0015134
0.00202562
0.001901
0.0021266
0.00213259
0.00203641
0.00216834
0.000220183
0.00206614
0.00216238
0.00148586
0.00214876
0.00212128
0.00243824
0.00208051
0.000287392
0.00201711
0.0021378
0.002318
0.00033333
0.00112146
0.00217515
0.00230411
0.00176652
0.00185346
0.00211511
0.00202011
0.000248603
0.00212953
0.00214846
0.00212442
0.0021582
0.00202667
0.000175173
0.00212367
0.00229435
0.00190984
0.00205651
0.00213289
0.00199648
0.0020214
0.00204736
0.00193886
0.00234411
0.00191305
0.00212967
0.000341872
0.000338889
0.00161865
0.00201358
0.00223291
0.000173274
0.00202627
0.00215411
0.000283942
0.0020745
0.00218113
0.00213835
0.0022324
0.000235619
0.000334274
0.00227589
0.00214983
0.000648471
9.58421e-05
0.000111394
0.00173834
0.00154047
0.00227287
0.00170354
0.00210924
0.00214068
0.00209598
0.00215858
0.0021414
0.00202381
0.000146159
0.00205389
0.00015457
0.000158731
0.00212844
0.00214902
0.00146288
0.000331701
0.00208791
0.00184952
0.0021195
0.000467241
0.00179706
0.000468195
0.00205111
0.000362077
0.00153523
0.00133535
0.000468726
0.00218058
0.000318383
0.00218064
0.00214482
0.000295181
0.000472678
0.00228478
0.000479967
0.00235236
0.000214627
0.000484815
0.00217402
0.00127141
0.00228587
0.00223798
0.000202465
0.000329503
0.000488515
0.00206659
0.00184223
0.00206719
0.00207541
0.00222828
0.00216104
0.00222382
0.00204985
0.00210289
0.0020485
0.000459293
0.00222433
0.00126025
0.00215594
0.00233199
0.00204757
0.00185897
0.00203373
0.000179484
0.00144313
0.000503486
0.00221884
0.00225585
0.00204154
0.00218563
0.00217219
0.00179714
0.00227795
0.00205975
0.000327605
0.00233977
0.00216162
0.00173874
0.000609842
0.00241177
0.00228851
0.00222656
0.00216064
0.00205894
0.000450666
0.00207924
0.00211016
0.000437879
0.00213713
0.00216317
0.000647659
0.0022392
0.00228572
0.00214907
0.000520473
0.00223139
0.00209461
0.00211803
0.000419146
0.00207475
0.00218633
0.00223321
0.00206022
0.000149271
0.00208542
0.0024208
0.00210062
0.00214897
0.00206897
0.00223227
0.00145772
0.00214942
0.00136687
0.00214062
0.00174002
0.00215922
0.000140154
0.000609993
0.000605687
0.000325608
0.00213749
0.000316747
0.00209781
0.00225309
0.00136472
0.000357681
0.000178091
0.00119193
0.00207869
0.00227633
0.00224471
0.0014309
0.00233526
0.00232867
0.000410814
0.00211536
0.00170036
0.00210064
0.00211002
0.0022706
0.00209491
0.00215134
0.00173282
0.00240266
0.000536583
0.00207314
0.00211828
0.00240218
0.00212335
0.00131526
0.000224254
0.00223307
0.00027154
0.000228202
0.0021104
0.000229234
0.00209807
0.00217345
0.000230741
0.00213555
0.000601906
0.000233721
0.00211627
0.00240874
0.000401713
0.00023741
0.000239977
0.00212882
0.00209309
0.00212188
0.00217223
0.00218133
0.00211723
0.00223684
0.00161394
9.89296e-05
0.000103891
0.00024486
0.0021395
0.0022209
0.00212575
0.000614823
0.00212605
0.000301631
0.000611759
0.00215181
0.00214972
0.0006133
0.000394185
0.00180876
0.00126163
0.00025302
0.000616428
0.00211986
0.000175086
0.00241146
0.00213647
0.00216451
0.00234001
0.00215527
0.000220031
0.000214358
0.00224114
0.00212373
0.00020625
0.00215867
0.000549464
0.00213412
0.00218944
0.000134713
0.000305989
0.000304475
0.000596818
0.00182469
0.00240681
0.00216266
0.00217309
0.00214712
0.00219559
0.00241913
0.00215275
0.00217314
0.00216218
0.000201341
0.00219931
0.00241679
0.00215158
0.000382402
0.00227815
0.000261291
0.00216101
0.00164351
0.000129612
0.000265043
0.0023345
0.00217381
0.00217478
0.00222735
0.000302382
0.00221033
0.000126501
0.000358609
0.00063951
0.00218202
0.00218118
0.00218697
0.00217581
0.00226902
0.00223312
0.000618204
0.00216055
0.000324345
0.00032215
0.00240964
0.000197298
0.00219493
0.000630939
0.00216391
0.002238
0.00218028
0.0021843
0.00219319
0.00224212
0.00123504
0.00218702
0.000269211
0.000192888
0.00219542
0.00030854
0.000174162
0.00220474
0.00223238
0.00222385
0.000305955
0.00220365
0.000300161
0.000590448
0.00217301
0.00222709
0.000306942
0.000629671
0.0021797
0.00030771
0.00220839
0.00223307
0.000117234
0.00221037
0.0022444
0.00219468
0.000632699
0.00218491
0.00222169
0.000185862
0.000181783
0.00219296
0.0012066
0.00221146
0.00224493
0.00235198
0.0022815
0.00223388
0.0022076
0.000309402
0.00234687
0.00220494
0.00220248
0.00227224
0.00222594
0.00242504
0.000279054
0.000114972
0.00222819
0.00223291
0.00242129
0.00168151
0.00203633
0.000574286
0.000297255
0.00223463
0.00225371
0.000571734
0.00223162
0.000556564
0.000275462
0.00223148
0.00223161
0.00223244
0.00219502
0.000316394
0.000315519
0.00218783
0.000628737
0.00057687
0.000569567
0.00223041
0.00170696
0.00223862
0.00228918
0.00220909
0.00024975
0.000105288
0.00219896
0.00223029
0.00237235
0.000620233
0.000310364
0.00222022
0.00230162
0.00219893
0.00236596
0.00219689
0.00242395
0.00229156
0.000567886
0.000314888
0.00222773
0.000635488
0.00219056
0.000286602
0.00242901
0.000287965
0.000584776
0.000294301
0.00234537
0.000317598
0.00227125
0.00062803
0.00224584
0.0022542
0.000285433
0.000567158
0.00224973
0.000564487
0.000568278
0.00028348
0.00226913
0.000174526
0.00229057
0.000284452
0.00223301
0.00233727
0.00243589
0.000314448
0.000312825
0.000622641
0.000625949
0.000579643
0.00062769
0.000289464
0.000283721
0.00243199
0.00234197
0.00239799
0.0022071
0.000313987
0.000282575
0.000566915
0.00223618
0.00240128
0.00243539
0.00222124
0.00226692
0.00238999
0.00224011
0.000313179
0.000628902
0.00225072
0.000319395
0.000644682
0.000321121
0.000638932
0.0024509
0.00242988
9.25251e-05
0.000192612
0.000151779
7.56253e-05
0.000618463
0.000107191
0.000287486
0.000576666
0.00029126
0.000572183
0.000285467
0.000281456
0.000583341
0.000290434
0.00027914
0.000560748
0.000636573
0.000320746
0.000311472
0.000322624
0.000643129
0.000317228
0.000630785
0.000314576
0.000279283
0.000283162
0.000576416
0.000290629
0.000293333
0.000585855
0.000314707
0.00244771
0.00189978
0.00239097
0.00228416
0.00232017
0.000359421
0.000172661
0.00161253
0.00143889
0.00155855
0.000164147
0.001621
0.00206982
0.00128263
0.00163877
0.000354919
0.000236652
0.00198826
0.00161071
0.000126987
0.00015588
0.000125844
0.00205718
0.00103561
0.00163297
0.00211631
0.000132099
0.00129049
0.00205501
0.00164652
0.000116414
0.000115408
0.000115437
9.78811e-05
0.000143506
9.6274e-05
0.000105626
0.000101489
0.00156872
0.000307576
0.00157268
8.3888e-05
6.53758e-05
6.93462e-05
0.000320935
0.00205545
0.00202407
9.13113e-05
7.42063e-05
7.13348e-05
0.00160402
0.00163374
0.000233201
0.00141838
0.00215169
0.00120329
0.00102523
0.000236861
9.192e-05
0.000324887
0.000208447
0.000342591
0.000222082
0.000214654
0.000213857
6.76511e-05
6.94701e-05
0.00153587
0.00207085
0.00104401
0.0022098
0.000124232
0.00018517
0.000167239
0.00102572
0.00126139
0.000193506
0.00206985
0.0010475
0.00136817
0.00129361
8.32955e-05
0.00125197
0.00111018
0.00109966
0.000199442
0.00244706
0.00118717
0.00208272
0.000131948
0.00107316
0.00233919
0.00103523
0.000165816
8.9004e-05
0.00140924
0.00208023
0.00219711
0.00100536
0.00108512
8.10685e-05
0.00209269
0.00235767
0.00111964
0.00243701
0.00207728
0.000212099
0.0020704
0.00236142
0.00135082
0.00203529
0.00137117
0.00123445
0.00119097
5.7803e-05
0.00204366
0.000185667
8.41257e-05
0.00221602
)
;

boundaryField
{
    patch0
    {
        type            nutkWallFunction;
        Cmu             0.09;
        kappa           0.41;
        E               9.8;
        value           nonuniform List<scalar> 
4010
(
0.000153011
0.000153011
0.000201784
0.000201784
0.000204681
0.000204681
0.000204527
0.000204527
0.00020406
0.00020406
0.000207805
0.000207805
0.000209202
0.000209202
0.000210986
0.000210986
0.000215782
0.000215782
0.000200872
0.000200872
0.000215323
0.000215323
0.000222379
0.000222379
0.000178717
0.000178717
0.000220861
0.000220861
0.0002321
0.0002321
0.000232899
0.000232899
0.000179005
0.000179005
0.000229741
0.000229741
0.000145969
0.000145969
0.000228171
0.000228171
0.000135664
0.000135664
0.000246587
0.000246587
0.000183848
0.000183848
0.00023892
0.00023892
0.000245862
0.000245862
0.000217635
0.000217635
0.00023428
0.00023428
0.000196582
0.000196582
0.000205873
0.000205873
0.00018766
0.00018766
0.000212079
0.000212079
0.000245221
0.000245221
0.000144302
0.000144302
0.000173736
0.000173736
0.000198617
0.000198617
0.000176678
0.000176678
0.000245819
0.000245819
0.000202449
0.000202449
0.000189015
0.000189015
0.000185281
0.000185281
0.000244144
0.000244144
0.000141029
0.000141029
0.000242352
0.000242352
0.000171123
0.000171123
0.000160131
0.000160131
0.000209202
0.000209202
0.000190089
0.000190089
0.000192186
0.000192186
0.000105766
0.000105766
0.000115259
0.000115259
0.000132616
0.000132616
0.000177562
0.000177562
0.000246319
0.000246319
0.000124054
0.000124054
0.000213379
0.000213379
0.000199272
0.000199272
0.000146683
0.000146683
0.000167264
0.000167264
0.000172608
0.000172608
0.000245931
0.000245931
0.000171889
0.000171889
0.000232741
0.000232741
0.000150973
0.000150973
0.000182193
0.000182193
0.000128286
0.000128286
0.000196882
0.000196882
0.00022543
0.00022543
0.000199947
0.000199947
0.00020814
0.00020814
0.000135074
0.000135074
0.000180929
0.000180929
0.000235056
0.000235056
0.000179631
0.000179631
0.000205788
0.000205788
0.000221749
0.000221749
0.000216405
0.000216405
0.000205754
0.000205754
0.000230829
0.000230829
0.000197485
0.000197485
0.000146746
0.000146746
0.000259218
0.000259218
0.000242785
0.000242785
0.00018986
0.00018986
0.000151389
0.000151389
0.000141856
0.000141856
0.000190895
0.000190895
0.000192887
0.000192887
0.000231197
0.000231197
0.000106788
0.000106788
0.000161606
0.000161606
0.000224318
0.000224318
0.000210968
0.000210968
0.00021162
0.00021162
0.000219219
0.000219219
0.000171415
0.000171415
0.000136393
0.000136393
0.000205081
0.000205081
0.000256226
0.000256226
0.000245923
0.000245923
0.000175747
0.000175747
0.000206513
0.000206513
0.00017614
0.00017614
0.000246115
0.000246115
0.000217261
0.000217261
0.000222769
0.000222769
0.000252703
0.000252703
0.000209798
0.000209798
0.000209708
0.000209708
0.000244579
0.000244579
0.000215291
0.000215291
0.000211833
0.000211833
0.000207968
0.000207968
0.000201369
0.000201369
0.000190017
0.000190017
0.000201976
0.000201976
0.000128252
0.000128252
0.000206431
0.000206431
0.000233728
0.000233728
0.000228797
0.000228797
0.000209759
0.000209759
0.000130597
0.000130597
4.35013e-05
4.35013e-05
0.000124525
0.000124525
0.000141835
0.000141835
0.000238034
0.000238034
0.00022266
0.00022266
0.000211801
0.000211801
0.00024874
0.00024874
0.000210588
0.000210588
4.9083e-05
4.9083e-05
0.000223825
0.000223825
0.000207724
0.000207724
1.90429e-05
1.90429e-05
0.000191153
0.000191153
0.000183416
0.000183416
0.000215002
0.000215002
0.000203476
0.000203476
0.00020581
0.00020581
0.000237751
0.000237751
0.00019999
0.00019999
0.000196301
0.000196301
0.000238685
0.000238685
1.52979e-05
1.52979e-05
1.52979e-05
1.25153e-05
1.25153e-05
1.25153e-05
0.000210297
0.000210297
0.000142086
0.000142086
0.000209392
0.000209392
0.000182552
0.000182552
0.000244844
0.000244844
0.000230221
0.000230221
0.00018802
0.00018802
2.29036e-05
2.29036e-05
2.29036e-05
0.000212671
0.000212671
0.000213433
0.000213433
0.000209383
0.000209383
0.000230312
0.000230312
4.37831e-05
4.37831e-05
0.000202151
0.000202151
0.000223596
0.000223596
1.96844e-05
1.96844e-05
0.000189154
0.000189154
0.00021618
0.00021618
0.000212569
0.000212569
4.39777e-05
4.39777e-05
0.000182841
0.000182841
0.000217724
0.000217724
0.00022814
0.00022814
3.36411e-05
3.36411e-05
0.00021836
0.00021836
0.000214734
0.000214734
0.000199777
0.000199777
0.00021272
0.00021272
0.000258454
0.000258454
0.000234017
0.000234017
0.000197858
0.000197858
0.000232739
0.000232739
0.000187899
0.000187899
3.80559e-05
3.80559e-05
0.000175575
0.000175575
0.000216336
0.000216336
0.000239154
0.000239154
0.000240022
0.000240022
0.0002171
0.0002171
0.000229443
0.000229443
0.000101355
0.000101355
0.000198226
0.000198226
0.000214732
0.000214732
0.000240134
0.000240134
0.000227647
0.000227647
0.000196821
0.000196821
0.000212269
0.000212269
0.000212362
0.000212362
0.000237821
0.000237821
0.000215021
0.000215021
0.000228021
0.000228021
2.32751e-05
2.32751e-05
2.32751e-05
0.000216305
0.000216305
0.000239707
0.000239707
0.000239015
0.000239015
0.000229356
0.000229356
2.98506e-05
2.98506e-05
0.000201523
0.000201523
0.000220604
0.000220604
0.000215125
0.000215125
0.000204778
0.000204778
0.000241536
0.000241536
0.000218498
0.000218498
0.000225606
0.000225606
0.000209787
0.000209787
1.61405e-05
1.61405e-05
1.61405e-05
4.48792e-05
4.48792e-05
0.000213069
0.000213069
0.000241836
0.000241836
0.000230745
0.000230745
0.000212198
0.000212198
0.000241607
0.000241607
0.000242333
0.000242333
0.000217423
0.000217423
0.000217417
0.000217417
0.000255209
0.000255209
0.000233816
0.000233816
0.0001904
0.0001904
0.000224615
0.000224615
0.000240612
0.000240612
0.000215762
0.000215762
0.000218223
0.000218223
0.000234499
0.000234499
0.000261101
0.000261101
0.000230932
0.000230932
0.000211522
0.000211522
3.11884e-05
3.11884e-05
0.000244341
0.000244341
0.000220674
0.000220674
3.43583e-05
3.43583e-05
0.000218358
0.000218358
1.57282e-05
1.57282e-05
1.57282e-05
0.0002492
0.0002492
0.000220499
0.000220499
0.00022286
0.00022286
2.36955e-05
2.36955e-05
2.36955e-05
0.000240422
0.000240422
0.000220577
0.000220577
0.000247956
0.000247956
0.000228794
0.000228794
2.72643e-05
2.72643e-05
0.000209793
0.000209793
0.00021732
0.00021732
0.000203108
0.000203108
0.000226067
0.000226067
0.000265769
0.000265769
0.000164551
0.000164551
3.98546e-05
3.98546e-05
0.000233298
0.000233298
0.000218082
0.000218082
0.000238433
0.000238433
0.000243168
0.000243168
0.000207991
0.000207991
0.000214126
0.000214126
0.000236574
0.000236574
0.000219503
0.000219503
0.000232461
0.000232461
0.000225646
0.000225646
0.000232404
0.000232404
0.000235191
0.000235191
0.000244846
0.000244846
0.000230618
0.000230618
0.000137982
0.000137982
0.000263044
0.000263044
0.000216002
0.000216002
3.4903e-05
3.4903e-05
0.000211762
0.000211762
0.000187022
0.000187022
0.000201861
0.000201861
0.000238329
0.000238329
0.000244186
0.000244186
0.000263786
0.000263786
0.000219622
0.000219622
0.000240464
0.000240464
0.000216447
0.000216447
0.000211921
0.000211921
3.22809e-05
3.22809e-05
1.75617e-05
1.75617e-05
1.75617e-05
0.00024282
0.00024282
0.00023335
0.00023335
0.00012886
0.00012886
0.000202021
0.000202021
0.000247204
0.000247204
4.13299e-05
4.13299e-05
0.000222039
0.000222039
0.000213383
0.000213383
0.000224943
0.000224943
0.000195088
0.000195088
0.000222656
0.000222656
0.00024604
0.00024604
0.000115044
0.000115044
0.00018274
0.00018274
0.000242454
0.000242454
0.00022828
0.00022828
0.000264503
0.000264503
0.000250478
0.000250478
2.50946e-05
2.50946e-05
2.50946e-05
0.000219918
0.000219918
0.000256879
0.000256879
0.000243874
0.000243874
0.000220115
0.000220115
0.000246144
0.000246144
0.000140678
0.000140678
0.000258473
0.000258473
0.000218242
0.000218242
0.00019159
0.00019159
0.000216579
0.000216579
0.000192196
0.000192196
0.000235343
0.000235343
0.00023882
0.00023882
0.000238926
0.000238926
0.000150497
0.000150497
0.000235679
0.000235679
0.000221874
0.000221874
0.000227502
0.000227502
0.000234871
0.000234871
0.000223223
0.000223223
0.000212634
0.000212634
0.000218941
0.000218941
0.000187082
0.000187082
0.000245467
0.000245467
0.000266499
0.000266499
0.000212956
0.000212956
0.000246502
0.000246502
0.000203448
0.000203448
0.000244981
0.000244981
0.00021282
0.00021282
0.00022871
0.00022871
0.000226945
0.000226945
0.000225084
0.000225084
0.000258101
0.000258101
0.000237186
0.000237186
0.000242997
0.000242997
0.000227249
0.000227249
0.000235859
0.000235859
0.000221847
0.000221847
0.000268571
0.000268571
0.000188695
0.000188695
0.00024532
0.00024532
0.000231106
0.000231106
0.00023885
0.00023885
0.000235893
0.000235893
2.69424e-05
2.69424e-05
0.00022907
0.00022907
0.000198191
0.000198191
0.000245888
0.000245888
0.000242368
0.000242368
2.63389e-05
2.63389e-05
3.98687e-05
3.98687e-05
0.000257666
0.000257666
0.000199042
0.000199042
0.000269655
0.000269655
0.000101442
0.000101442
0.000223673
0.000223673
0.000236087
0.000236087
0.000140431
0.000140431
0.000235626
0.000235626
0.000251414
0.000251414
0.000259037
0.000259037
0.000243369
0.000243369
0.000244043
0.000244043
0.00022131
0.00022131
0.000243878
0.000243878
0.000212841
0.000212841
0.000237493
0.000237493
0.000229657
0.000229657
0.000265315
0.000265315
0.000237613
0.000237613
0.000246682
0.000246682
0.00024663
0.00024663
0.000208531
0.000208531
3.40968e-05
3.40968e-05
0.000247586
0.000247586
0.000241327
0.000241327
0.000244915
0.000244915
0.00022855
0.00022855
0.000236664
0.000236664
0.000271825
0.000271825
0.00021862
0.00021862
0.000236595
0.000236595
0.000213382
0.000213382
0.000270171
0.000270171
0.000245869
0.000245869
0.000233968
0.000233968
0.000207913
0.000207913
0.000223884
0.000223884
3.74593e-05
3.74593e-05
0.000240534
0.000240534
0.000234528
0.000234528
0.00023838
0.00023838
0.000230108
0.000230108
8.65271e-06
8.65271e-06
8.65271e-06
0.000208055
0.000208055
0.000245106
0.000245106
0.000251964
0.000251964
0.00023469
0.00023469
0.000148163
0.000148163
0.000268705
0.000268705
0.00023052
0.00023052
0.000220128
0.000220128
1.11045e-05
1.11045e-05
1.11045e-05
0.000242549
0.000242549
0.000266584
0.000266584
0.000231569
0.000231569
0.00024695
0.00024695
0.000220261
0.000220261
0.000244127
0.000244127
0.000238616
0.000238616
0.000224947
0.000224947
0.000223622
0.000223622
0.000237859
0.000237859
0.00024021
0.00024021
0.000271208
0.000271208
0.000258225
0.000258225
0.000206486
0.000206486
0.000209662
0.000209662
0.000261891
0.000261891
0.000213404
0.000213404
0.000269051
0.000269051
0.00021401
0.00021401
0.000239507
0.000239507
0.000271251
0.000271251
0.000242587
0.000242587
0.000186712
0.000186712
0.000243676
0.000243676
0.000228463
0.000228463
0.000242539
0.000242539
0.000269175
0.000269175
0.000230225
0.000230225
0.000234467
0.000234467
0.000232072
0.000232072
0.000225781
0.000225781
0.000276225
0.000276225
0.00012912
0.00012912
0.000226575
0.000226575
0.000244453
0.000244453
0.000214098
0.000214098
0.000207779
0.000207779
0.000238771
0.000238771
0.000150058
0.000150058
0.000228498
0.000228498
1.13832e-05
1.13832e-05
1.13832e-05
0.000243951
0.000243951
0.00026697
0.00026697
0.000245244
0.000245244
0.000240616
0.000240616
0.00024174
0.00024174
0.000241789
0.000241789
0.000238365
0.000238365
0.000251533
0.000251533
0.000207722
0.000207722
0.000244732
0.000244732
0.000280367
0.000280367
0.000245261
0.000245261
0.000234485
0.000234485
0.000237337
0.000237337
0.000271018
0.000271018
0.000245103
0.000245103
0.000156678
0.000156678
0.000232458
0.000232458
0.000233098
0.000233098
0.000243872
0.000243872
0.00023447
0.00023447
0.00022503
0.00022503
0.000225848
0.000225848
0.00019418
0.00019418
0.00023659
0.00023659
0.00023855
0.00023855
0.00023764
0.00023764
0.000279443
0.000279443
0.000213263
0.000213263
0.000272253
0.000272253
0.000175341
0.000175341
0.000226008
0.000226008
0.000228658
0.000228658
0.000235305
0.000235305
0.00024468
0.00024468
0.000232391
0.000232391
0.000244804
0.000244804
0.000233693
0.000233693
0.000244335
0.000244335
0.00023858
0.00023858
0.000240412
0.000240412
0.000246908
0.000246908
0.000229871
0.000229871
0.000250396
0.000250396
0.000136559
0.000136559
0.00023644
0.00023644
0.000235998
0.000235998
0.000209362
0.000209362
0.000276235
0.000276235
0.000279302
0.000279302
0.000236757
0.000236757
0.000244972
0.000244972
0.000238783
0.000238783
0.000179062
0.000179062
0.00027364
0.00027364
0.00024159
0.00024159
0.000214559
0.000214559
0.000240988
0.000240988
0.000212953
0.000212953
0.000241028
0.000241028
0.000257624
0.000257624
0.000208467
0.000208467
0.000242073
0.000242073
0.000279557
0.000279557
0.000273873
0.000273873
0.000278886
0.000278886
0.000245285
0.000245285
0.0002235
0.0002235
0.000244417
0.000244417
0.000243986
0.000243986
0.000245099
0.000245099
0.000245449
0.000245449
0.00022816
0.00022816
0.000236299
0.000236299
0.000237526
0.000237526
0.000255024
0.000255024
0.000271672
0.000271672
0.000278974
0.000278974
0.000219675
0.000219675
0.00024531
0.00024531
0.000258615
0.000258615
0.000171541
0.000171541
0.000227604
0.000227604
0.000221707
0.000221707
0.000236667
0.000236667
0.000227732
0.000227732
0.000239674
0.000239674
0.000185553
0.000185553
0.000232539
0.000232539
0.000243492
0.000243492
0.000234209
0.000234209
0.000230097
0.000230097
0.000165577
0.000165577
0.000217988
0.000217988
0.000244885
0.000244885
0.000181781
0.000181781
0.000146103
0.000146103
0.000275667
0.000275667
0.000280289
0.000280289
0.000242147
0.000242147
0.000193328
0.000193328
0.000179467
0.000179467
0.000231761
0.000231761
0.000251358
0.000251358
0.000241372
0.000241372
0.000245345
0.000245345
0.000239236
0.000239236
0.000237451
0.000237451
0.000240082
0.000240082
0.000198401
0.000198401
0.000176439
0.000176439
0.000156345
0.000156345
0.000163271
0.000163271
0.000175113
0.000175113
0.000211213
0.000211213
0.000238815
0.000238815
0.000214887
0.000214887
0.000245488
0.000245488
0.000242872
0.000242872
0.000206188
0.000206188
0.000271941
0.000271941
0.000219855
0.000219855
0.000214953
0.000214953
0.000243239
0.000243239
0.000278743
0.000278743
0.000238877
0.000238877
0.000222644
0.000222644
0.000245368
0.000245368
0.000270344
0.000270344
0.00024402
0.00024402
0.000180624
0.000180624
0.000214774
0.000214774
0.000277581
0.000277581
0.00020216
0.00020216
0.000245125
0.000245125
0.00023889
0.00023889
0.000227753
0.000227753
0.000245115
0.000245115
0.000152023
0.000152023
0.000152992
0.000152992
0.000276121
0.000276121
0.000192038
0.000192038
0.000278454
0.000278454
0.000187694
0.000187694
0.000240554
0.000240554
0.000238591
0.000238591
3.66071e-05
3.66071e-05
0.000155391
0.000155391
0.00013964
0.00013964
0.000277695
0.000277695
0.000244743
0.000244743
0.000247651
0.000247651
0.000243546
0.000243546
0.000237863
0.000237863
0.000134274
0.000134274
0.000269306
0.000269306
0.000217477
0.000217477
0.000175715
0.000175715
0.000240957
0.000240957
0.00022875
0.00022875
0.000245663
0.000245663
0.00027353
0.00027353
0.00021477
0.00021477
0.000195459
0.000195459
0.000232086
0.000232086
0.000244054
0.000244054
0.000183429
0.000183429
0.000257925
0.000257925
0.000245583
0.000245583
0.000239285
0.000239285
0.000218754
0.000218754
0.000215404
0.000215404
0.00015598
0.00015598
0.000181621
0.000181621
0.000278083
0.000278083
0.000278796
0.000278796
0.000218198
0.000218198
0.000210639
0.000210639
0.000234653
0.000234653
0.000250281
0.000250281
0.000179042
0.000179042
0.000240167
0.000240167
0.000245824
0.000245824
0.000185207
0.000185207
0.000236912
0.000236912
0.000241932
0.000241932
0.000255679
0.000255679
0.000231073
0.000231073
0.000239416
0.000239416
0.000155752
0.000155752
0.000241316
0.000241316
0.00015371
0.00015371
0.000241825
0.000241825
0.000278771
0.000278771
0.000244869
0.000244869
0.000245345
0.000245345
0.00024439
0.00024439
0.000239185
0.000239185
0.000240666
0.000240666
0.000254635
0.000254635
0.000211935
0.000211935
0.00024705
0.00024705
0.000239789
0.000239789
0.000246561
0.000246561
0.00024196
0.00024196
0.000244901
0.000244901
0.000202099
0.000202099
0.000218297
0.000218297
0.000183471
0.000183471
0.000244636
0.000244636
0.000242
0.000242
0.000274292
0.000274292
0.00024046
0.00024046
0.000186176
0.000186176
0.000208678
0.000208678
0.000154516
0.000154516
0.000263521
0.000263521
0.000274698
0.000274698
0.000244029
0.000244029
0.000172704
0.000172704
0.000213298
0.000213298
0.000238224
0.000238224
0.000239338
0.000239338
0.000242976
0.000242976
0.000246297
0.000246297
0.000272873
0.000272873
0.000139337
0.000139337
0.000249859
0.000249859
0.000246411
0.000246411
0.000277342
0.000277342
0.000229889
0.000229889
0.00023973
0.00023973
0.00014145
0.00014145
0.000188367
0.000188367
0.000275983
0.000275983
0.000275539
0.000275539
0.000241412
0.000241412
0.000243759
0.000243759
0.000209535
0.000209535
0.000236059
0.000236059
0.000244667
0.000244667
0.000145904
0.000145904
0.000275772
0.000275772
0.000163665
0.000163665
0.000186425
0.000186425
0.000218737
0.000218737
0.000229662
0.000229662
0.000242067
0.000242067
0.000242752
0.000242752
0.000262315
0.000262315
0.000190225
0.000190225
0.000272911
0.000272911
0.000246003
0.000246003
0.000211978
0.000211978
0.000275304
0.000275304
0.000234232
0.000234232
0.000239331
0.000239331
0.000219653
0.000219653
0.000159009
0.000159009
0.000239475
0.000239475
0.000244292
0.000244292
0.000241591
0.000241591
0.000276774
0.000276774
0.000240404
0.000240404
0.000241036
0.000241036
0.000148752
0.000148752
0.00024426
0.00024426
0.000148422
0.000148422
0.00024069
0.00024069
0.000246044
0.000246044
0.000244066
0.000244066
0.000241183
0.000241183
0.000255691
0.000255691
0.000117984
0.000117984
0.000273729
0.000273729
0.000240671
0.000240671
0.000275206
0.000275206
0.000185127
0.000185127
0.000238997
0.000238997
2.53391e-05
2.53391e-05
1.86283e-05
1.86283e-05
1.86283e-05
0.000159307
0.000159307
0.000222578
0.000222578
0.00027703
0.00027703
0.000243627
0.000243627
0.000187862
0.000187862
0.00018316
0.00018316
0.000219717
0.000219717
0.000243938
0.000243938
0.000239314
0.000239314
0.000244459
0.000244459
0.000239838
0.000239838
0.000239338
0.000239338
0.000237122
0.000237122
0.000164246
0.000164246
0.000243904
0.000243904
0.000279966
0.000279966
2.95846e-05
2.95846e-05
0.000226294
0.000226294
3.70532e-05
3.70532e-05
0.000244452
0.000244452
0.000188216
0.000188216
0.000240835
0.000240835
0.000273932
0.000273932
0.000210142
0.000210142
0.000239743
0.000239743
0.000229953
0.000229953
0.000175388
0.000175388
0.00017926
0.00017926
0.000219129
0.000219129
0.000180898
0.000180898
0.000162834
0.000162834
0.000148403
0.000148403
0.000240773
0.000240773
0.00023378
0.00023378
0.000243927
0.000243927
0.000248848
0.000248848
0.00027494
0.00027494
0.00021156
0.00021156
0.000187337
0.000187337
0.000242134
0.000242134
0.000247139
0.000247139
0.000177196
0.000177196
0.000240085
0.000240085
0.000238886
0.000238886
0.000241791
0.000241791
0.000154751
0.000154751
0.000243056
0.000243056
0.000223814
0.000223814
0.00027419
0.00027419
0.000242887
0.000242887
0.000241812
0.000241812
0.000182177
0.000182177
0.000242844
0.000242844
0.000229071
0.000229071
0.000271974
0.000271974
0.000236293
0.000236293
0.000207119
0.000207119
0.000235974
0.000235974
0.000267027
0.000267027
0.000242995
0.000242995
0.000239227
0.000239227
0.000262635
0.000262635
0.000170025
0.000170025
0.000187876
0.000187876
0.000244638
0.000244638
0.000272841
0.000272841
0.00024266
0.00024266
0.000236328
0.000236328
0.000274447
0.000274447
0.000274815
0.000274815
0.000113771
0.000113771
0.000239359
0.000239359
0.000242019
0.000242019
0.000148549
0.000148549
0.000216017
0.000216017
0.00024094
0.00024094
0.000166847
0.000166847
0.000282076
0.000282076
0.00025251
0.00025251
0.000171992
0.000171992
0.000240363
0.000240363
0.00024307
0.00024307
0.000246326
0.000246326
0.000273092
0.000273092
0.000275013
0.000275013
0.00016642
0.00016642
3.17071e-05
3.17071e-05
0.000239967
0.000239967
0.000191385
0.000191385
0.000239605
0.000239605
0.000152814
0.000152814
0.000217323
0.000217323
0.000233767
0.000233767
0.000236888
0.000236888
0.000218842
0.000218842
0.000253093
0.000253093
0.000163005
0.000163005
0.00024352
0.00024352
0.000276008
0.000276008
0.000248299
0.000248299
0.000243758
0.000243758
0.000242644
0.000242644
0.000193595
0.000193595
0.000239759
0.000239759
0.000280741
0.000280741
0.000243174
0.000243174
0.000242901
0.000242901
0.000218486
0.000218486
0.000242761
0.000242761
0.000274828
0.000274828
0.00024216
0.00024216
0.00027174
0.00027174
1.03079e-05
1.03079e-05
1.03079e-05
0.000239383
0.000239383
3.54883e-05
3.54883e-05
0.000241104
0.000241104
0.000241878
0.000241878
0.000104076
0.000104076
0.000243382
0.000243382
0.000239061
0.000239061
0.000247054
0.000247054
0.000238875
0.000238875
0.00024476
0.00024476
0.000231669
0.000231669
0.000242456
0.000242456
0.000180362
0.000180362
0.000278559
0.000278559
0.000239994
0.000239994
0.000240958
0.000240958
0.000244045
0.000244045
0.00024408
0.00024408
0.00014453
0.00014453
0.000267871
0.000267871
0.000243765
0.000243765
0.000253621
0.000253621
0.000240745
0.000240745
0.000207494
0.000207494
0.00023116
0.00023116
0.000241015
0.000241015
0.000152196
0.000152196
0.000234661
0.000234661
0.000189214
0.000189214
0.000189879
0.000189879
0.000272916
0.000272916
0.000240898
0.000240898
0.000196282
0.000196282
0.000237574
0.000237574
0.00024733
0.00024733
0.000189125
0.000189125
0.00028183
0.00028183
0.000194933
0.000194933
2.58319e-05
2.58319e-05
0.000239017
0.000239017
0.000165824
0.000165824
0.000241124
0.000241124
0.000239652
0.000239652
0.000249282
0.000249282
0.000238794
0.000238794
0.000224676
0.000224676
0.000240332
0.000240332
0.000236798
0.000236798
0.000242255
0.000242255
0.000243368
0.000243368
0.000249265
0.000249265
0.000274863
0.000274863
2.94474e-05
2.94474e-05
0.000249151
0.000249151
0.000271522
0.000271522
0.000272518
0.000272518
0.000273065
0.000273065
0.000241026
0.000241026
0.00022351
0.00022351
0.000244084
0.000244084
0.000196127
0.000196127
0.000267673
0.000267673
0.000245061
0.000245061
0.000142481
0.000142481
0.000242594
0.000242594
0.000228997
0.000228997
0.000256709
0.000256709
0.000169757
0.000169757
0.000242215
0.000242215
0.000254675
0.000254675
0.000242378
0.000242378
0.000168644
0.000168644
0.000273964
0.000273964
1.18292e-05
1.18292e-05
1.18292e-05
0.000147313
0.000147313
0.000240686
0.000240686
0.000174845
0.000174845
0.000242291
0.000242291
0.000245598
0.000245598
0.000285089
0.000285089
0.000265815
0.000265815
0.000241711
0.000241711
0.000250105
0.000250105
0.000151677
0.000151677
0.000271958
0.000271958
0.000192823
0.000192823
0.000279922
0.000279922
0.000230433
0.000230433
0.00023146
0.00023146
0.000240614
0.000240614
0.000248632
0.000248632
0.00024125
0.00024125
0.000235828
0.000235828
0.000221596
0.000221596
0.000238716
0.000238716
0.000217924
0.000217924
0.000243875
0.000243875
0.00024542
0.00024542
0.000240452
0.000240452
0.00024038
0.00024038
0.00028514
0.00028514
1.50405e-05
1.50405e-05
0.000270805
0.000270805
0.000119816
0.000119816
3.76092e-05
3.76092e-05
0.000239294
0.000239294
0.000250155
0.000250155
0.000238225
0.000238225
0.000192308
0.000192308
0.000240947
0.000240947
0.000244378
0.000244378
0.000240725
0.000240725
1.9343e-05
1.9343e-05
1.9343e-05
0.000242803
0.000242803
0.00024306
0.00024306
1.55483e-05
1.55483e-05
1.55483e-05
0.000230073
0.000230073
1.4432e-05
1.4432e-05
1.4432e-05
0.000196256
0.000196256
0.000240359
0.000240359
0.000152551
0.000152551
0.000273823
0.000273823
0.000244037
0.000244037
0.000229173
0.000229173
0.000155915
0.000155915
0.000238401
0.000238401
0.000251991
0.000251991
0.000250315
0.000250315
0.000242221
0.000242221
0.000162116
0.000162116
0.000283901
0.000283901
0.00024641
0.00024641
0.000271254
0.000271254
0.000242365
0.000242365
0.000245347
0.000245347
0.000162686
0.000162686
0.000237069
0.000237069
0.000241194
0.000241194
0.000241998
0.000241998
0.000208835
0.000208835
0.000241871
0.000241871
0.000240669
0.000240669
0.000210179
0.000210179
0.000247461
0.000247461
0.000240442
0.000240442
0.000240461
0.000240461
0.000250897
0.000250897
0.000138995
0.000138995
0.000164023
0.000164023
0.000222578
0.000222578
0.000237832
0.000237832
0.0002381
0.0002381
0.000274423
0.000274423
0.000249379
0.000249379
0.000245672
0.000245672
0.000285865
0.000285865
0.000238538
0.000238538
0.000243155
0.000243155
0.000243641
0.000243641
0.000193453
0.000193453
0.000235939
0.000235939
0.000175852
0.000175852
0.000245544
0.000245544
0.000243656
0.000243656
0.000245631
0.000245631
0.000220306
0.000220306
0.000243209
0.000243209
0.000248116
0.000248116
0.000265386
0.000265386
0.000140443
0.000140443
0.00025004
0.00025004
0.000180589
0.000180589
0.000239891
0.000239891
0.000237449
0.000237449
0.000268339
0.000268339
0.000269259
0.000269259
0.000236946
0.000236946
0.00023927
0.00023927
0.000246671
0.000246671
0.00024931
0.00024931
0.000257971
0.000257971
0.0002508
0.0002508
0.000267602
0.000267602
1.58751e-05
1.58751e-05
0.000284632
0.000284632
0.000282545
0.000282545
0.000236545
0.000236545
0.000247448
0.000247448
0.000238526
0.000238526
0.000193685
0.000193685
0.000184495
0.000184495
0.000144186
0.000144186
0.000236882
0.000236882
0.000271563
0.000271563
0.000241993
0.000241993
0.000149953
0.000149953
0.000155414
0.000155414
0.00024871
0.00024871
0.000246207
0.000246207
0.000177222
0.000177222
0.000250739
0.000250739
0.000206274
0.000206274
0.000242286
0.000242286
0.000231329
0.000231329
0.00024045
0.00024045
0.000241015
0.000241015
0.00024046
0.00024046
0.000274548
0.000274548
0.00024112
0.00024112
0.000241729
0.000241729
0.000236328
0.000236328
0.000249923
0.000249923
0.000250269
0.000250269
0.000197219
0.000197219
0.000247597
0.000247597
0.000258897
0.000258897
0.000224918
0.000224918
0.000241063
0.000241063
0.00025057
0.00025057
0.000238529
0.000238529
0.000216986
0.000216986
0.000239467
0.000239467
0.000200501
0.000200501
0.000228633
0.000228633
0.000161806
0.000161806
0.000199019
0.000199019
0.00028331
0.00028331
0.000247022
0.000247022
0.000244204
0.000244204
0.000275919
0.000275919
0.000164007
0.000164007
0.000242886
0.000242886
0.000169181
0.000169181
0.000236224
0.000236224
0.000229986
0.000229986
0.000238819
0.000238819
0.000236586
0.000236586
4.02555e-05
4.02555e-05
0.000244841
0.000244841
0.000228713
0.000228713
0.000248979
0.000248979
5.60237e-05
5.60237e-05
0.000235342
0.000235342
0.000226691
0.000226691
0.000114845
0.000114845
0.000189006
0.000189006
0.000217269
0.000217269
0.000281085
0.000281085
0.000236396
0.000236396
0.000241993
0.000241993
0.000236647
0.000236647
0.000226354
0.000226354
0.000243856
0.000243856
7.06149e-05
7.06149e-05
4.34233e-05
4.34233e-05
0.000251683
0.000251683
0.000235072
0.000235072
0.000244888
0.000244888
0.000253466
0.000253466
0.000236709
0.000236709
0.00018211
0.00018211
0.000216839
0.000216839
0.000231533
0.000231533
0.00024452
0.00024452
7.82538e-05
7.82538e-05
0.000241096
0.000241096
0.000130714
0.000130714
0.000198608
0.000198608
0.000240517
0.000240517
0.000242087
0.000242087
0.000240488
0.000240488
0.000184971
0.000184971
0.000240607
0.000240607
1.49624e-05
1.49624e-05
1.49624e-05
1.5393e-05
1.5393e-05
1.5393e-05
0.000224705
0.000224705
0.000192348
0.000192348
0.000251823
0.000251823
0.000261359
0.000261359
0.000225234
0.000225234
0.000241603
0.000241603
0.000239572
0.000239572
0.000189733
0.000189733
0.000243351
0.000243351
0.000261213
0.000261213
0.000262946
0.000262946
0.000211709
0.000211709
0.00023512
0.00023512
0.000222248
0.000222248
7.8424e-05
7.8424e-05
0.00028175
0.00028175
0.000244517
0.000244517
0.000239044
0.000239044
0.000243849
0.000243849
0.00021856
0.00021856
0.000216885
0.000216885
0.000243297
0.000243297
0.000263895
0.000263895
0.000270221
0.000270221
0.000159581
0.000159581
0.00022194
0.00022194
0.000245552
0.000245552
1.75816e-05
1.75816e-05
1.75816e-05
0.000155645
0.000155645
0.000195937
0.000195937
0.00023071
0.00023071
7.84233e-05
7.84233e-05
0.000250125
0.000250125
0.000230286
0.000230286
3.73913e-05
3.73913e-05
2.279e-05
2.279e-05
0.000235339
0.000235339
0.000273832
0.000273832
0.000244017
0.000244017
0.000242771
0.000242771
0.000248908
0.000248908
0.000254552
0.000254552
0.000195494
0.000195494
0.000237433
0.000237433
0.000154171
0.000154171
0.000234787
0.000234787
0.000237518
0.000237518
1.91594e-05
1.91594e-05
1.91594e-05
7.83935e-05
7.83935e-05
0.000251616
0.000251616
2.98372e-05
2.98372e-05
0.000169081
0.000169081
0.000234284
0.000234284
0.00027946
0.00027946
0.000229995
0.000229995
0.000253536
0.000253536
0.000216896
0.000216896
0.000212638
0.000212638
0.000173232
0.000173232
0.00022918
0.00022918
0.000242233
0.000242233
0.000234085
0.000234085
0.000126687
0.000126687
0.000196118
0.000196118
0.000240835
0.000240835
0.000239351
0.000239351
0.000192044
0.000192044
0.000243268
0.000243268
0.000235557
0.000235557
0.000235592
0.000235592
0.000232068
0.000232068
4.04838e-05
4.04838e-05
0.000250298
0.000250298
0.000240629
0.000240629
0.000242258
0.000242258
7.92463e-05
7.92463e-05
0.000233556
0.000233556
0.000241568
0.000241568
0.000149012
0.000149012
3.49401e-05
3.49401e-05
0.000244945
0.000244945
0.000142761
0.000142761
0.000243213
0.000243213
0.000234793
0.000234793
0.000192129
0.000192129
0.000237883
0.000237883
0.000246341
0.000246341
0.000234278
0.000234278
0.000231136
0.000231136
0.000236054
0.000236054
0.000236296
0.000236296
0.000246523
0.000246523
0.000148279
0.000148279
0.000280483
0.000280483
0.000243267
0.000243267
0.000238183
0.000238183
0.000252911
0.000252911
0.000184113
0.000184113
0.00024514
0.00024514
0.000231117
0.000231117
0.000148026
0.000148026
0.000246316
0.000246316
0.000236549
0.000236549
0.000260339
0.000260339
1.04047e-05
1.04047e-05
1.04047e-05
1.14846e-05
1.14846e-05
1.14846e-05
0.000239082
0.000239082
0.000249446
0.000249446
0.000241851
0.000241851
0.000154891
0.000154891
0.000245185
0.000245185
0.000189077
0.000189077
0.00019229
0.00019229
0.000127341
0.000127341
7.70074e-05
7.70074e-05
0.000261298
0.000261298
0.000251604
0.000251604
0.000237889
0.000237889
0.000256733
0.000256733
0.000244166
0.000244166
0.000242712
0.000242712
0.000245809
0.000245809
0.000231569
0.000231569
0.000236647
0.000236647
0.000229899
0.000229899
0.000251642
0.000251642
0.000241423
0.000241423
0.000235036
0.000235036
0.000162023
0.000162023
0.000158595
0.000158595
0.000245577
0.000245577
0.000243707
0.000243707
0.000234025
0.000234025
0.000231646
0.000231646
1.54776e-05
1.54776e-05
1.54776e-05
0.000234747
0.000234747
0.000233203
0.000233203
0.000241832
0.000241832
0.000234685
0.000234685
0.000239993
0.000239993
3.51666e-05
3.51666e-05
0.000264141
0.000264141
0.000137044
0.000137044
4.16916e-05
4.16916e-05
0.000233909
0.000233909
0.000240481
0.000240481
0.000236451
0.000236451
1.92719e-05
1.92719e-05
1.92719e-05
0.000140705
0.000140705
0.000251821
0.000251821
0.000177591
0.000177591
0.00023295
0.00023295
0.000240162
0.000240162
0.0002329
0.0002329
0.000255088
0.000255088
0.000239108
0.000239108
0.000265328
0.000265328
0.000172209
0.000172209
0.000178498
0.000178498
0.000277721
0.000277721
0.000244946
0.000244946
0.000244952
0.000244952
0.000239281
0.000239281
0.000235051
0.000235051
0.000174669
0.000174669
0.000119153
0.000119153
0.000239499
0.000239499
0.000245109
0.000245109
3.98838e-05
3.98838e-05
0.000240786
0.000240786
7.61953e-05
7.61953e-05
0.000240785
0.000240785
0.000247247
0.000247247
0.000234625
0.000234625
0.00024659
0.00024659
0.000244266
0.000244266
0.000242259
0.000242259
0.000240682
0.000240682
0.00014336
0.00014336
0.000235664
0.000235664
0.000186394
0.000186394
0.0002465
0.0002465
0.000247153
0.000247153
0.000236874
0.000236874
0.000250412
0.000250412
2.0597e-05
2.0597e-05
2.0597e-05
0.000239848
0.000239848
0.000249693
0.000249693
0.000140988
0.000140988
0.000249628
0.000249628
0.000245074
0.000245074
0.000278692
0.000278692
0.000241224
0.000241224
2.85637e-05
2.85637e-05
2.85637e-05
0.000234551
0.000234551
0.000245504
0.000245504
0.00024688
0.00024688
3.58214e-05
3.58214e-05
3.58214e-05
0.000109039
0.000109039
0.000251316
0.000251316
0.000258625
0.000258625
0.000203128
0.000203128
0.000172974
0.000172974
0.000244876
0.000244876
0.000235027
0.000235027
2.77668e-05
2.77668e-05
0.000246652
0.000246652
0.000247833
0.000247833
0.000245546
0.000245546
0.000249205
0.000249205
0.000235731
0.000235731
1.55706e-05
1.55706e-05
1.55706e-05
0.000245664
0.000245664
0.000259305
0.000259305
0.000186152
0.000186152
0.000238934
0.000238934
0.000247796
0.000247796
0.000232373
0.000232373
0.000235073
0.000235073
0.00023806
0.00023806
0.000185163
0.000185163
0.00026227
0.00026227
0.000185315
0.000185315
0.000247186
0.000247186
4.08334e-05
4.08334e-05
4.08334e-05
4.0795e-05
4.0795e-05
4.0795e-05
0.000152427
0.000152427
0.000234179
0.000234179
0.000256873
0.000256873
1.98443e-05
1.98443e-05
1.98443e-05
0.000235536
0.000235536
0.000247963
0.000247963
3.15984e-05
3.15984e-05
0.000241012
0.000241012
0.000252326
0.000252326
0.00024616
0.00024616
0.000258329
0.000258329
2.6456e-05
2.6456e-05
4.04458e-05
4.04458e-05
4.04458e-05
0.000249073
0.000249073
0.000246794
0.000246794
7.56353e-05
7.56353e-05
1.13887e-05
1.13887e-05
1.13887e-05
1.31297e-05
1.31297e-05
1.31297e-05
0.000162722
0.000162722
0.000145697
0.000145697
0.000259657
0.000259657
0.000159741
0.000159741
0.000240504
0.000240504
0.000247765
0.000247765
0.000242221
0.000242221
0.000248952
0.000248952
0.000248104
0.000248104
0.000235323
0.000235323
1.69612e-05
1.69612e-05
1.69612e-05
0.000238775
0.000238775
1.31589e-05
1.31589e-05
1.31589e-05
1.37159e-05
1.37159e-05
1.37159e-05
0.000246919
0.000246919
0.000246701
0.000246701
0.000138985
0.000138985
4.01662e-05
4.01662e-05
4.01662e-05
0.000241456
0.000241456
0.000172357
0.000172357
0.000245084
0.000245084
4.93131e-05
4.93131e-05
0.00016806
0.00016806
4.94279e-05
4.94279e-05
0.000238379
0.000238379
3.89839e-05
3.89839e-05
0.000145246
0.000145246
0.000127966
0.000127966
4.95955e-05
4.95955e-05
0.000252115
0.000252115
3.46667e-05
3.46667e-05
0.000251
0.000251
0.000248002
0.000248002
3.31031e-05
3.31031e-05
4.99615e-05
4.99615e-05
0.000260806
0.000260806
5.0644e-05
5.0644e-05
0.000263516
0.000263516
2.41906e-05
2.41906e-05
5.10324e-05
5.10324e-05
0.000251681
0.000251681
0.000122269
0.000122269
0.000235138
0.000235138
0.000256837
0.000256837
2.29043e-05
2.29043e-05
2.29043e-05
3.98492e-05
3.98492e-05
3.98492e-05
5.22647e-05
5.22647e-05
0.000240218
0.000240218
0.000171737
0.000171737
0.000240269
0.000240269
0.000241058
0.000241058
0.000256644
0.000256644
0.000249691
0.000249691
0.000256501
0.000256501
0.000238165
0.000238165
0.000213115
0.000213115
0.000237881
0.000237881
4.85412e-05
4.85412e-05
0.000256435
0.000256435
0.000121433
0.000121433
0.000249659
0.000249659
0.00026708
0.00026708
0.000237944
0.000237944
0.000175719
0.000175719
0.000236047
0.000236047
2.04717e-05
2.04717e-05
2.04717e-05
0.000137279
0.000137279
5.33355e-05
5.33355e-05
0.000256769
0.000256769
0.000258281
0.000258281
0.000237098
0.000237098
0.000252657
0.000252657
0.000250736
0.000250736
0.000167937
0.000167937
0.000262342
0.000262342
0.000239434
0.000239434
3.95366e-05
3.95366e-05
3.95366e-05
0.000266967
0.000266967
0.000250264
0.000250264
0.000162871
0.000162871
6.94068e-05
6.94068e-05
0.000276054
0.000276054
0.000247502
0.000247502
0.000256773
0.000256773
0.000248946
0.000248946
0.000238919
0.000238919
4.77093e-05
4.77093e-05
0.000241493
0.000241493
0.000239943
0.000239943
4.64814e-05
4.64814e-05
0.000248237
0.000248237
0.000251184
0.000251184
7.51228e-05
7.51228e-05
0.000257694
0.000257694
0.000263751
0.000263751
0.000248869
0.000248869
5.48887e-05
5.48887e-05
0.000257268
0.000257268
0.000243258
0.000243258
0.00024078
0.00024078
4.46596e-05
4.46596e-05
0.000240795
0.000240795
0.000252867
0.000252867
0.000257301
0.000257301
0.000239262
0.000239262
1.24474e-05
1.24474e-05
1.24474e-05
0.000242227
0.000242227
0.00027695
0.00027695
0.000243833
0.000243833
0.000249437
0.000249437
0.00024001
0.00024001
0.000252796
0.000252796
0.000138552
0.000138552
0.000248797
0.000248797
0.000130659
0.000130659
0.000248421
0.000248421
0.000162974
0.000162974
0.000250315
0.000250315
1.62956e-05
1.62956e-05
1.62956e-05
6.97009e-05
6.97009e-05
6.90341e-05
6.90341e-05
3.92411e-05
3.92411e-05
3.92411e-05
0.000247631
0.000247631
3.44955e-05
3.44955e-05
0.000243445
0.000243445
0.000260709
0.000260709
0.000130471
0.000130471
3.85841e-05
3.85841e-05
2.03273e-05
2.03273e-05
2.03273e-05
0.000115173
0.000115173
0.000240858
0.000240858
0.000261466
0.000261466
0.000259741
0.000259741
0.000136238
0.000136238
0.000268377
0.000268377
0.00026763
0.00026763
4.38387e-05
4.38387e-05
0.000245805
0.000245805
0.000159534
0.000159534
0.000243217
0.000243217
0.000244671
0.000244671
0.000255371
0.000255371
0.000242915
0.000242915
0.000249146
0.000249146
0.000162308
0.000162308
0.000275295
0.000275295
5.63873e-05
5.63873e-05
0.000240408
0.000240408
0.000245837
0.000245837
0.000275007
0.000275007
0.000246455
0.000246455
0.000126175
0.000126175
2.52169e-05
2.52169e-05
2.52169e-05
0.000257846
0.000257846
2.99722e-05
2.99722e-05
2.56251e-05
2.56251e-05
2.56251e-05
0.000244646
0.000244646
2.57492e-05
2.57492e-05
2.57492e-05
0.000242748
0.000242748
0.000251557
0.000251557
2.59298e-05
2.59298e-05
2.59298e-05
0.000248147
0.000248147
6.86723e-05
6.86723e-05
2.62436e-05
2.62436e-05
2.62436e-05
0.000245047
0.000245047
0.000275361
0.000275361
4.29712e-05
4.29712e-05
2.66141e-05
2.66141e-05
2.66141e-05
2.69155e-05
2.69155e-05
2.69155e-05
0.000244407
0.000244407
0.000213301
0.000213301
0.000245256
0.000245256
0.000251445
0.000251445
0.000252256
0.000252256
0.000239511
0.000239511
0.000258133
0.000258133
0.000152959
0.000152959
1.17642e-05
1.17642e-05
1.17642e-05
1.23374e-05
1.23374e-05
1.23374e-05
2.7579e-05
2.7579e-05
2.7579e-05
0.000243999
0.000243999
0.000257903
0.000257903
0.000245618
0.000245618
7.06752e-05
7.06752e-05
0.000237652
0.000237652
3.29934e-05
3.29934e-05
6.99609e-05
6.99609e-05
0.000249591
0.000249591
0.00024792
0.00024792
7.03159e-05
7.03159e-05
4.22118e-05
4.22118e-05
0.00016892
0.00016892
0.000121502
0.000121502
2.84067e-05
2.84067e-05
2.84067e-05
7.09411e-05
7.09411e-05
0.000246034
0.000246034
2.0025e-05
2.0025e-05
2.0025e-05
0.000275755
0.000275755
0.000233685
0.000233685
0.000249637
0.000249637
0.000268594
0.000268594
0.000249948
0.000249948
2.47796e-05
2.47796e-05
2.47796e-05
2.41916e-05
2.41916e-05
2.41916e-05
0.000259955
0.000259955
0.000245833
0.000245833
2.33492e-05
2.33492e-05
2.33492e-05
0.000249829
0.000249829
5.77489e-05
5.77489e-05
0.00024585
0.00024585
0.000253136
0.000253136
1.5703e-05
1.5703e-05
1.5703e-05
3.64779e-05
3.64779e-05
3.64779e-05
3.63105e-05
3.63105e-05
3.63105e-05
6.82108e-05
6.82108e-05
0.000170305
0.000170305
0.000275514
0.000275514
0.000250348
0.000250348
0.00025022
0.00025022
0.000247575
0.000247575
0.000253799
0.000253799
0.000276417
0.000276417
0.000242759
0.000242759
0.000252108
0.000252108
0.000241171
0.000241171
2.28261e-05
2.28261e-05
2.28261e-05
0.00025411
0.00025411
0.000276173
0.000276173
0.000249035
0.000249035
4.10433e-05
4.10433e-05
0.000262718
0.000262718
2.92456e-05
2.92456e-05
2.92456e-05
0.000250758
0.000250758
0.000154579
0.000154579
1.51792e-05
1.51792e-05
1.51792e-05
2.93141e-05
2.93141e-05
0.000268032
0.000268032
0.000251911
0.000251911
0.000246681
0.000246681
0.000256551
0.000256551
3.60862e-05
3.60862e-05
3.60862e-05
0.000254649
0.000254649
1.48082e-05
1.48082e-05
1.48082e-05
3.86902e-05
3.86902e-05
7.43031e-05
7.43031e-05
0.000251504
0.000251504
0.000252772
0.000252772
0.000252937
0.000252937
0.000251846
0.000251846
0.00026181
0.00026181
0.000257396
0.000257396
7.12833e-05
7.12833e-05
0.000243681
0.000243681
3.90188e-05
3.90188e-05
3.90188e-05
3.87848e-05
3.87848e-05
3.87848e-05
0.000275837
0.000275837
2.24052e-05
2.24052e-05
2.24052e-05
0.000254642
0.000254642
7.29915e-05
7.29915e-05
0.000230708
0.000230708
0.000258831
0.000258831
0.000252377
0.000252377
0.000252774
0.000252774
0.000253479
0.000253479
0.000258964
0.000258964
0.000119132
0.000119132
0.000253095
0.000253095
3.00377e-05
3.00377e-05
3.00377e-05
2.19344e-05
2.19344e-05
2.19344e-05
0.000237107
0.000237107
3.69806e-05
3.69806e-05
3.69806e-05
1.99456e-05
1.99456e-05
1.99456e-05
0.000254771
0.000254771
0.000256433
0.000256433
0.000256234
0.000256234
3.65281e-05
3.65281e-05
3.65281e-05
0.0002478
0.0002478
3.58634e-05
3.58634e-05
3.58634e-05
6.76954e-05
6.76954e-05
0.00025159
0.00025159
0.000257699
0.000257699
3.66768e-05
3.66768e-05
3.66768e-05
7.23897e-05
7.23897e-05
0.00024577
0.00024577
3.68227e-05
3.68227e-05
3.68227e-05
0.000255769
0.000255769
0.00025723
0.00025723
1.37867e-05
1.37867e-05
1.37867e-05
0.000234791
0.000234791
0.000259166
0.000259166
0.000235797
0.000235797
7.3471e-05
7.3471e-05
0.000252987
0.000252987
0.00025702
0.00025702
2.11912e-05
2.11912e-05
2.11912e-05
2.07632e-05
2.07632e-05
2.07632e-05
0.000254189
0.000254189
0.000116641
0.000116641
0.000256685
0.000256685
0.000258604
0.000258604
0.000269763
0.000269763
0.00026295
0.00026295
0.000254319
0.000254319
0.000254766
0.000254766
3.71171e-05
3.71171e-05
3.71171e-05
0.000269347
0.000269347
0.000255292
0.000255292
0.000244674
0.000244674
0.000262124
0.000262124
0.000242529
0.000242529
0.000277108
0.000277108
3.07301e-05
3.07301e-05
1.35386e-05
1.35386e-05
1.35386e-05
0.000251513
0.000251513
0.000258147
0.000258147
0.00027691
0.00027691
0.000157933
0.000157933
0.000236242
0.000236242
6.54462e-05
6.54462e-05
3.55875e-05
3.55875e-05
3.55875e-05
0.00025922
0.00025922
0.000260354
0.000260354
6.46886e-05
6.46886e-05
0.00025715
0.00025715
5.92844e-05
5.92844e-05
3.07395e-05
3.07395e-05
3.07395e-05
0.000250876
0.000250876
0.000238363
0.000238363
0.000242565
0.000242565
0.000252344
0.000252344
3.80406e-05
3.80406e-05
3.80406e-05
3.77984e-05
3.77984e-05
3.77984e-05
0.000253114
0.000253114
7.17703e-05
7.17703e-05
6.61915e-05
6.61915e-05
6.41252e-05
6.41252e-05
0.000229606
0.000229606
0.000160102
0.000160102
0.000243904
0.000243904
0.00026442
0.00026442
0.000253666
0.000253666
2.77575e-05
2.77575e-05
1.24621e-05
1.24621e-05
1.24621e-05
0.000254378
0.000254378
0.000250838
0.000250838
0.000272086
0.000272086
7.16865e-05
7.16865e-05
3.72765e-05
3.72765e-05
3.72765e-05
0.000257376
0.000257376
0.000265169
0.000265169
0.000254534
0.000254534
0.000271603
0.000271603
0.000254269
0.000254269
0.000276111
0.000276111
0.000264319
0.000264319
6.37811e-05
6.37811e-05
3.75607e-05
3.75607e-05
3.75607e-05
0.000255318
0.000255318
7.38697e-05
7.38697e-05
0.000253546
0.000253546
3.40209e-05
3.40209e-05
3.40209e-05
0.000277197
0.000277197
3.43504e-05
3.43504e-05
3.43504e-05
7.02152e-05
7.02152e-05
3.58126e-05
3.58126e-05
3.58126e-05
0.000269583
0.000269583
3.82658e-05
3.82658e-05
3.82658e-05
0.000263452
0.000263452
7.12681e-05
7.12681e-05
0.000246081
0.000246081
0.000260346
0.000260346
3.37634e-05
3.37634e-05
3.37634e-05
6.34657e-05
6.34657e-05
0.000238858
0.000238858
6.26799e-05
6.26799e-05
6.38994e-05
6.38994e-05
3.29757e-05
3.29757e-05
3.29757e-05
0.000262287
0.000262287
1.99861e-05
1.99861e-05
1.99861e-05
0.000265552
0.000265552
3.35778e-05
3.35778e-05
3.35778e-05
0.000219874
0.000219874
0.000265566
0.000265566
0.000249602
0.000249602
3.73612e-05
3.73612e-05
3.73612e-05
3.76857e-05
3.76857e-05
3.76857e-05
7.21344e-05
7.21344e-05
7.26496e-05
7.26496e-05
6.70359e-05
6.70359e-05
7.08855e-05
7.08855e-05
3.46957e-05
3.46957e-05
3.46957e-05
3.34076e-05
3.34076e-05
3.34076e-05
0.000254867
0.000254867
0.000271435
0.000271435
0.000274872
0.000274872
0.000253555
0.000253555
3.72092e-05
3.72092e-05
3.72092e-05
3.31457e-05
3.31457e-05
3.31457e-05
6.30706e-05
6.30706e-05
0.000221825
0.000221825
0.00027263
0.00027263
0.000252067
0.000252067
0.000254605
0.000254605
0.000261909
0.000261909
0.000273926
0.000273926
0.000256327
0.000256327
3.71194e-05
3.71194e-05
3.71194e-05
7.10317e-05
7.10317e-05
0.000236783
0.000236783
3.84905e-05
3.84905e-05
3.84905e-05
7.23585e-05
7.23585e-05
3.78668e-05
3.78668e-05
3.78668e-05
7.17604e-05
7.17604e-05
0.000245331
0.000245331
0.000244434
0.000244434
1.10272e-05
1.10272e-05
1.10272e-05
2.18623e-05
2.18623e-05
1.24357e-05
1.24357e-05
1.24357e-05
1.24357e-05
9.09542e-06
9.09542e-06
9.09542e-06
9.09542e-06
7.01107e-05
7.01107e-05
1.2672e-05
1.2672e-05
1.2672e-05
3.41914e-05
3.41914e-05
3.41914e-05
6.53962e-05
6.53962e-05
3.51015e-05
3.51015e-05
3.51015e-05
6.54742e-05
6.54742e-05
3.35859e-05
3.35859e-05
3.35859e-05
3.22379e-05
3.22379e-05
3.22379e-05
6.92232e-05
6.92232e-05
3.45348e-05
3.45348e-05
3.45348e-05
3.14471e-05
3.14471e-05
3.14471e-05
6.11168e-05
6.11168e-05
7.58155e-05
7.58155e-05
3.89654e-05
3.89654e-05
3.89654e-05
3.74627e-05
3.74627e-05
3.74627e-05
3.80856e-05
3.80856e-05
3.80856e-05
7.44711e-05
7.44711e-05
3.83033e-05
3.83033e-05
3.83033e-05
7.32369e-05
7.32369e-05
3.72157e-05
3.72157e-05
3.72157e-05
3.27825e-05
3.27825e-05
3.27825e-05
3.31396e-05
3.31396e-05
3.31396e-05
6.38312e-05
6.38312e-05
3.42287e-05
3.42287e-05
3.42287e-05
3.53077e-05
3.53077e-05
3.53077e-05
7.00011e-05
7.00011e-05
3.79625e-05
3.79625e-05
3.79625e-05
0.00024473
0.00024473
0.000213627
0.000213627
0.0002699
0.0002699
0.000263936
0.000263936
0.000269287
0.000269287
3.87691e-05
3.87691e-05
1.97857e-05
1.97857e-05
1.97857e-05
0.000151905
0.000151905
0.000136989
0.000136989
0.000147297
0.000147297
1.88895e-05
1.88895e-05
1.88895e-05
0.000152726
0.000152726
0.000222522
0.000222522
0.000132607
0.000132607
0.000154261
0.000154261
3.83394e-05
3.83394e-05
2.64313e-05
2.64313e-05
0.000222116
0.000222116
0.000151761
0.000151761
1.48729e-05
1.48729e-05
1.48729e-05
1.80123e-05
1.80123e-05
1.80123e-05
1.47314e-05
1.47314e-05
1.47314e-05
0.000238206
0.000238206
0.00010154
0.00010154
0.000153685
0.000153685
0.000232965
0.000232965
1.54288e-05
1.54288e-05
1.54288e-05
0.000123736
0.000123736
0.000232956
0.000232956
0.000154818
0.000154818
1.37239e-05
1.37239e-05
1.37239e-05
1.362e-05
1.362e-05
1.362e-05
1.36065e-05
1.36065e-05
1.36065e-05
1.16485e-05
1.16485e-05
1.16485e-05
1.6664e-05
1.6664e-05
1.6664e-05
1.14665e-05
1.14665e-05
1.14665e-05
1.25187e-05
1.25187e-05
1.25187e-05
1.20543e-05
1.20543e-05
1.20543e-05
0.00014928
0.00014928
3.36168e-05
3.36168e-05
0.000148481
0.000148481
1.0046e-05
1.0046e-05
1.0046e-05
7.89951e-06
7.89951e-06
7.89951e-06
8.37155e-06
8.37155e-06
8.37155e-06
3.49296e-05
3.49296e-05
0.000237631
0.000237631
0.000234353
0.000234353
1.08891e-05
1.08891e-05
1.08891e-05
8.92761e-06
8.92761e-06
8.92761e-06
8.59098e-06
8.59098e-06
8.59098e-06
0.000151173
0.000151173
0.000153722
0.000153722
2.60711e-05
2.60711e-05
0.000135356
0.000135356
0.000235957
0.000235957
0.000116294
0.000116294
0.00010061
0.00010061
2.6454e-05
2.6454e-05
1.09665e-05
1.09665e-05
1.09665e-05
3.53372e-05
3.53372e-05
2.35295e-05
2.35295e-05
3.70886e-05
3.70886e-05
2.49461e-05
2.49461e-05
2.41662e-05
2.41662e-05
2.40929e-05
2.40929e-05
8.17643e-06
8.17643e-06
8.17643e-06
8.38584e-06
8.38584e-06
8.38584e-06
0.000145393
0.000145393
0.000221139
0.000221139
0.000102199
0.000102199
0.000238864
0.000238864
1.45685e-05
1.45685e-05
2.10867e-05
2.10867e-05
1.91731e-05
1.91731e-05
0.000100591
0.000100591
0.000121199
0.000121199
2.19478e-05
2.19478e-05
0.000209706
0.000209706
0.000102533
0.000102533
0.000130446
0.000130446
0.000124062
0.000124062
9.97216e-06
9.97216e-06
9.97216e-06
0.000120396
0.000120396
0.000108079
0.000108079
0.000107054
0.000107054
2.259e-05
2.259e-05
0.000265187
0.000265187
0.000114723
0.000114723
0.00021087
0.00021087
1.54244e-05
1.54244e-05
1.54244e-05
0.000104841
0.000104841
0.000253118
0.000253118
0.000101444
0.000101444
1.90353e-05
1.90353e-05
1.06507e-05
1.06507e-05
1.06507e-05
0.000133946
0.000133946
0.000210587
0.000210587
0.000251107
0.000251107
9.88575e-05
9.88575e-05
0.000105777
0.000105777
9.73268e-06
9.73268e-06
9.73268e-06
0.000211465
0.000211465
0.00025461
0.00025461
0.000108836
0.000108836
0.000263905
0.000263905
0.000211004
0.000211004
2.39072e-05
2.39072e-05
0.00021009
0.00021009
0.000255518
0.000255518
0.000129536
0.000129536
0.000214404
0.000214404
0.00013124
0.00013124
0.000119197
0.000119197
0.000115227
0.000115227
7.00928e-06
7.00928e-06
7.00928e-06
0.00020744
0.00020744
2.11471e-05
2.11471e-05
1.00846e-05
1.00846e-05
1.00846e-05
0.000245709
0.000245709
)
;
    }
}


// ************************************************************************* //
