/*--------------------------------*- C++ -*----------------------------------*\
  =========                 |
  \\      /  F ield         | OpenFOAM: The Open Source CFD Toolbox
   \\    /   O peration     | Website:  https://openfoam.org
    \\  /    A nd           | Version:  8
     \\/     M anipulation  |
\*---------------------------------------------------------------------------*/
FoamFile
{
    version     2.0;
    format      ascii;
    class       volScalarField;
    location    "0.75";
    object      p;
}
// * * * * * * * * * * * * * * * * * * * * * * * * * * * * * * * * * * * * * //

dimensions      [1 -1 -2 0 0 0 0];

internalField   nonuniform List<scalar> 
1924
(
0
-5.05891
-2.57412
-3.47553
-3.04999
-3.9938
-6.75559
-8.45839
-12.9294
-3.83729
-15.0111
-20.8517
4.94112
-22.0045
-35.1104
-29.7141
5.97874
-29.4223
20.837
-30.6693
41.0674
5.06009
9.41767
-38.3708
4.79817
3.06532
2.00319
-9.91882
-1.71531
92.0403
8.34765
4.23632
13.4585
8.02539
-9.98199
10.1855
4.06124
-2.68971
101.009
7.66624
3.95187
19.8878
3.83147
10.7067
42.7253
-1.05422
-6.60437
-5.31876
336.474
157.267
159.49
5.13082
5.20017
161.234
-0.376986
-5.57846
3.18989
-16.5634
-17.179
-4.90818
14.0781
-22.9017
35.9583
104.813
165.791
-4.5906
-11.8771
9.29213
-1.19393
117.874
6.51653
-19.9741
106.194
83.2986
82.5236
2.51162
2.69667
66.8927
26.8822
53.7807
-56.7607
0.982888
73.0313
10.8735
14.9247
9.80787
-14.1448
-32.4815
269.991
7.14135
-8.74526
-0.889303
-0.400045
1.88119
6.16946
189.315
-0.892993
-54.0844
-5.19842
4.02561
0.63681
6.66884
-4.58533
-3.64713
2.47742
7.17514
1.37086
3.14272
-4.83045
1.74045
-5.34416
1.24543
-3.23283
83.7402
30.5524
12.9513
0.0477078
-32.4524
9.06571
14.2732
66.86
810.357
121.522
9.84394
-12.1397
2.55417
2.59081
56.9189
1.58632
773.927
-7.93689
1.11926
-1.01329
75.258
6.4703
2.13689
-0.390316
0.95189
-40.5068
-5.25974
-10.4937
-14.8091
-5.36996
19.5262
-0.974889
621.98
2.38204
5.41387
-4.22949
8.74423
84.1402
901.857
4.33495
0.367478
-2.29096
2.87916
818.832
-0.71672
-13.6047
54.4855
83.3278
0.308885
-0.520227
801.457
91.9416
2.52092
2.67606
871.505
13.5933
1.88722
-0.725312
-4.00119
1.22353
-4.51446
-5.22236
4.29816
91.7666
4.71804
12.7851
-1.50453
3.62241
-41.1974
56.5736
2.8915
473.675
-7.52164
4.5812
4.17667
-0.526669
71.8366
3.87153
-6.33275
-19.8732
-3.14639
2.59279
891.756
3.03397
3.98677
3.68738
4.72523
33.4992
-7.71239
2.09827
-7.96976
-0.870478
3.62395
-4.30754
5.30502
5.30672
-0.922849
790.184
1.77193
-43.9415
2.72157
4.70727
28.2746
-3.67491
3.40695
-6.69553
53.6132
3.19532
58.6948
2.18424
-41.4818
-11.5879
2.02651
-24.692
-30.6445
1.92236
4.80679
-1.40667
-5.9998
3.34827
3.2406
1.12356
77.286
-55.6059
-8.06372
1.66838
880.026
-42.326
3.62621
-57.6957
5.30386
22.4275
5.64606
-13.53
-2.54798
54.3755
-22.7789
-12.8763
805.305
2.10844
1.56207
-5.41262
-49.1824
1.95817
4.19467
3.15646
-11.0555
3.16069
1.59866
-3.94568
32.4286
4.14702
88.7205
51.0407
7.79082
0.309584
-4.64601
5.55049
89.8236
-1.09309
3.3917
-6.0114
-66.9157
-17.9783
1.77075
1.14697
4.42142
75.4741
901.03
-7.37314
0.623296
93.1774
71.076
-31.1583
801.071
-12.3454
3.40315
0.511615
102.699
-0.121418
-67.3289
79.9091
93.6731
-45.3518
5.59039
23.4578
-62.0204
865.676
0.7178
-75.3481
-3.74082
-18.8405
3.20367
36.0519
-76.1497
3.95797
55.1193
5.71433
9.14569
0.587635
4.9204
-17.8136
14.094
3.28305
-16.0383
0.331426
3.32602
97.878
5.91859
-0.35888
94.1549
2.87188
-52.091
3.46994
3.42372
-3.58589
-35.2856
4.36258
-9.19777
5.29427
-25.2344
62.6833
-0.368153
-5.24992
-1.30267
-1.59247
-0.883125
-47.4635
89.1667
4.47967
5.64212
-51.2636
-22.4117
-0.0186047
-13.2876
8.90855
3.16854
3.64631
-2.56174
90.4767
-85.958
5.97748
-30.9334
663.915
-17.3816
4.63458
192.57
-3.05488
-72.3353
-91.0033
-6.25481
3.82885
-2.64414
4.56223
6.19192
-2.17008
-1.51141
-93.586
3.53039
4.04813
-52.0928
-2.63836
10.9979
-64.799
-44.6796
4.05128
-15.526
-19.5109
-20.5472
2.86364
3.19596
5.20843
-93.5122
79.0817
-6.89622
-0.993289
-3.24923
92.7714
5.53809
2.64789
-9.50981
-3.91017
-1.19396
2.06778
4.23064
-42.74
-27.2259
548.606
16.5399
6.01798
1.69146
964.258
-4.98766
-86.6225
-10.4559
4.49027
3.01586
-3.33358
6.12065
-21.5416
-5.765
-3.84957
-3.33274
-69.9473
-88.6974
10.8119
-5.80907
-97.4744
6.09322
-82.5381
5.84284
3.51548
-105.594
-25.546
108.822
4.8336
-3.50384
-5.59697
-64.4714
-4.68941
7.47307
-4.35581
-2.76926
-107.723
129.594
-6.66658
3.84788
5.24754
-1.56515
3.03634
94.1504
-11.0391
22.5093
-4.73152
42.0967
2.85972
-6.75167
-47.7105
5.00635
2.53764
-48.1273
-0.00809352
2.40376
-104.562
-71.7173
7.64869
-19.9596
-53.9674
4.51223
15.9139
8.33047
6.24677
-7.3988
-8.08788
-4.5651
-10.0225
47.5886
2.2839
6.12162
101.95
-102.503
6.52655
-49.8029
110.945
-22.0401
-13.3319
-28.7186
-4.95326
-7.77578
-4.55177
-8.64824
4.62732
2.65375
-2.34301
-50.8996
-3.58108
-33.9652
83.4553
-3.0958
6.55896
-7.05664
-110.047
-88.8978
-16.5698
-5.32564
-2.11302
95.2446
-114.379
-60.7905
5.6238
4.15194
5.87945
-3.30804
-96.4308
-0.318816
5.3911
-117.914
-33.1492
-82.809
-5.67445
2.52963
-6.45762
-6.56368
4.3406
2.18173
-11.1016
-24.0361
7.27607
-86.7903
-68.375
-116.34
-0.449444
0.728077
84.6901
13.8189
0.635318
-9.19405
8.16935
-26.39
5.6583
12.2155
6.77591
-7.61289
-8.04824
5.98376
12.0611
1.44836
5.0933
98.8679
82.079
-20.2446
-109.22
-2.70692
110.383
108.901
-9.84993
-55.3118
-2.50456
-4.37854
-34.8429
6.33425
-1.84732
11.9506
14.4731
158.915
94.0649
111.965
3.31781
7.42154
2.8756
-4.64953
5.47211
11.4135
-62.3203
-12.1433
107.276
5.23297
-103.009
-3.57272
-1.52696
-5.23469
45.4446
-6.0504
13.5142
6.35699
-122.106
9.90929
4.72552
-16.5558
-14.2238
-5.51578
156.928
32.4812
-113.83
10.8984
-87.6523
92.3673
-0.281781
6.43956
11.1654
156.158
147.007
-124.275
-6.28514
-20.936
-7.78942
8.16455
184.467
-107.391
-7.70402
112.092
5.62624
-26.1936
-0.251074
-56.5567
10.7605
10.6354
0.114056
-64.0547
13.6692
-39.0977
4.99227
-11.4477
-0.988549
7.09396
155.391
108.415
-121.74
-80.2941
-14.471
2.4686
-12.4215
98.3559
14.7979
-13.6174
-2.61835
12.8852
-24.3451
-2.20424
-29.9399
8.22518
5.6496
156.435
-1.95433
97.2508
-2.87106
-117.473
-3.96438
-4.35082
5.24859
-1.24079
-3.13519
-89.0669
3.83653
-56.5196
-3.10849
5.70079
6.99734
-4.62969
-3.47591
-4.34793
15.3803
-5.01821
7.88104
-52.1131
-0.890685
10.691
10.393
37.7702
67.6385
-105.57
-5.24163
112.85
-0.157908
-20.1527
6.19413
5.30772
4.86796
-64.9011
80.1551
-44.8457
-77.1759
-97.6663
-15.0878
-35.1239
136.896
14.4794
-122.993
-118.67
-9.15733
-7.02623
0.692728
-13.453
-5.65916
218.705
-128.018
23.1262
94.7047
-12.9595
-21.8902
-1.7458
6.90564
-106.664
13.5881
-25.9787
4.93962
2.73612
-81.8443
8.54359
-2.37765
6.92732
154.37
-2.65858
-3.76513
-1.4301
-126.33
5.53488
6.26748
84.0995
-3.97119
288.485
-1.07247
-3.82968
-4.30577
7.72391
-96.3967
145.869
3.83911
-13.8114
-60.926
16.3271
-28.5387
87.6893
6.19129
147.799
8.50321
-118.656
-4.50468
11.0767
110.146
3.98391
-7.27374
-0.944559
-5.97999
-3.15598
-9.85076
8.27953
152.498
-4.83751
-72.8691
303.19
-24.0428
95.3659
5.0446
15.8818
5.69275
-111.314
-0.106142
-3.20623
-18.2178
112.744
110.51
-4.33047
114.395
146.487
570.612
-11.3417
112.385
-5.07358
-48.4998
-98.0182
0.649058
14.5087
-1.54198
4.20117
19.4835
-2.21749
-19.7427
-1.91906
98.0393
-3.81503
7.32323
-124.546
5.28794
-1.22196
19.0665
-3.52639
9.48619
-56.2887
-15.572
2.55756
-37.3588
104.391
-41.0466
-2.69601
-111.16
102.391
12.5933
6.98646
-116.803
-3.97269
2.51671
-88.3649
-127.127
306.024
-2.93436
6.34819
41.6134
8.77312
-0.940442
114.722
-61.6645
-70.8012
113.64
-16.2916
-4.28631
4.70514
81.2167
-125.327
101.078
224.841
5.78003
17.0924
-8.34069
41.1818
-0.836279
8.30837
9.22608
-6.54887
-89.1055
29.9805
-5.31998
-121.006
3.32522
-6.25503
-4.46773
16.3884
-27.5087
-72.8693
5.48001
-1.9147
0.0985817
-1.63886
-45.089
-7.11842
-107.457
603.145
-32.8878
193.576
-2.33926
-1.27979
778.23
7.00947
-2.58236
1.15762
-11.1999
6.28022
-18.5163
-4.74715
21.0686
-58.1874
-22.5462
-3.47127
8.95155
5.14844
139.154
1.5733
-6.29389
-75.0427
-3.60623
115.387
10.3716
-3.88347
93.6435
-1.09441
19.3705
13.4011
-99.1957
5.98645
13.9063
-15.1478
4.27809
115.994
-65.286
13.8811
325.315
-2.96392
114.928
5.74552
-9.09061
110.759
-3.14959
-0.926945
-4.03542
-34.7585
-4.86813
-5.4726
2.69271
-83.4515
144.591
-48.4076
-113.36
-117.915
-122.731
-15.3179
9.84685
-37.7322
16.9073
105.116
5.52171
169.645
-1.6085
-0.604721
-100.596
30.9219
-2.30852
-89.7323
-2.07366
115.742
-122.982
300.501
172.058
-4.34418
24.4571
-1.36435
4.89547
-49.1044
42.7386
-31.3048
0.846955
411.596
-115.582
15.6727
-74.8017
-6.09954
-21.8577
-2.72422
3.53972
-12.6196
-0.965688
6.72442
-3.59396
7.99441
-6.78282
5.66235
-2.88776
-4.49306
-60.133
303.045
-109.735
219.725
202.603
-3.34068
1.82894
-3.72587
20.0424
-20.6143
9.72821
-0.895164
92.0025
5.75003
-5.47317
107.697
11.98
26.9946
19.3257
-8.37974
103.122
-96.355
5.71565
-32.7389
125.422
-4.02121
-59.4
-0.051231
-2.06228
58.9948
-65.1668
5.45165
-33.8572
-1.80182
-40.8032
115.552
-3.27306
-2.53091
-4.91772
4.16698
-16.8593
-2.71274
10.1205
4.70099
-1.27804
-4.6391
0.435641
116.402
115.168
5.9141
5.27519
-4.20506
-90.0507
3.37455
5.85348
-59.0803
7.92181
-5.42056
-5.86595
16.2047
-1.04462
29.2874
9.42031
-7.023
5.87534
8.61575
-27.4572
-43.2597
-110.003
129.811
2.22761
24.5347
-11.1799
-3.38107
-112.097
-113.82
-3.47272
-3.03882
5.70679
-0.296074
-90.8341
-38.2248
-97.3871
456.858
-60.256
-75.268
-3.73152
5.11347
-4.47162
61.6385
98.488
105.278
9.87457
-109.868
-4.89711
335.327
216.076
3.86387
-43.8902
104.365
-0.0949053
13.7946
-22.6732
-37.0343
-4.64285
-9.03171
-1.76266
-101.408
-2.57889
-2.35339
-3.90266
2.49257
-66.1213
19.175
0.719287
-49.1429
-28.3855
-1.47794
-54.4397
-4.59566
5.84547
-2.95546
12.6857
5.81902
115.673
18.8973
-67.8409
-33.8648
-0.574291
-95.8551
76.9178
-14.8467
39.2043
1.49064
5.75835
-3.07757
-4.26508
351.143
-6.25047
5.62988
-0.307765
120.654
-3.47495
4.92216
184.462
23.5561
6.16276
-96.5929
-3.33051
-12.0398
-3.34989
3.58669
-5.36547
125.063
117.734
0.106765
-3.57762
-28.4683
-38.7217
-4.50508
25.8773
5.74108
2.46653
10.754
128.137
-2.44034
238.786
11.3872
-2.93237
-4.69116
-2.12541
22.9513
-4.51869
301.138
287.879
-25.6726
18.0212
0.47584
-84.5448
5.38556
-1.3301
-3.1012
19.0411
-7.66397
-89.5006
-99.8829
4.34984
-3.9115
5.024
-8.1438
-101.98
-5.38543
-4.57113
-19.1381
4.553
6.31727
-0.997027
-100.495
-98.325
176.668
3.75689
-6.28988
264.163
291.657
14.1405
1.32384
-45.0357
-0.340629
3.04012
116.457
326.145
-4.16749
-94.658
-15.6591
-4.68978
-32.6285
-66.1766
19.8224
-4.76544
109.711
-3.35797
-3.31665
286.824
-73.6961
0.0412505
97.877
76.2007
-3.36351
-71.3167
2.51265
-55.8256
9.02387
10.8073
40.4998
-31.1416
-4.58156
-3.49333
119.884
59.0598
-4.38019
-4.4605
12.0882
-9.98393
11.4913
-3.51112
5.4588
495.575
0.394058
-3.16714
-2.14865
-53.6501
4.82259
-2.91305
118.477
115.766
-4.75911
660.238
-1.8091
4.62289
21.152
-4.8766
-22.9885
-3.65523
6.40944
-4.72034
4.70985
-1.11187
491.268
-54.7326
-4.23068
4.34384
-34.3212
23.5692
-8.07306
4.95889
117.164
-5.49347
1.00872
-72.2362
265.452
147.3
-3.50234
-0.693678
3.51406
118.451
-19.1388
23.5984
15.6636
200.099
-73.4439
-76.1288
-0.143227
-3.56457
-57.7112
-4.24436
-3.57115
-4.66441
6.93332
-5.08773
7.60246
-39.6047
-4.16225
-4.18863
190.745
284.134
-12.7134
2.55389
-3.25463
6.66136
95.8024
-3.41305
6.61488
-4.03347
6.61457
-4.60484
115.927
-84.1384
191.951
790.473
-3.22812
-4.18342
5.63206
391.967
265.114
0.336129
30.8827
5.5682
4.77116
9.07331
-50.2801
-3.22668
-85.009
75.871
2.52958
-94.4729
-1.97863
-10.4411
-2.79624
10.6038
42.986
203.407
-5.46784
-3.03725
451.101
-3.95009
-103.155
-3.78087
-6.79946
-3.41632
-1.61395
-4.00579
4.11502
-4.26544
612.103
-4.63739
27.4287
-3.78274
-5.63937
-3.80898
1.20668
120.437
-3.91625
-0.9596
676.061
-25.1807
-3.94128
-95.5462
-5.54045
122.828
9.73747
-3.97464
-2.7703
148.843
265.293
-0.627761
-45.6604
45.2806
23.6472
-4.51265
-3.73495
243.202
-3.56766
-4.67954
-3.86417
2.43889
-3.40422
117.571
-2.83418
-40.6684
-0.449294
-5.6858
-21.5354
3.47535
-3.16209
-3.94222
29.2063
-57.8823
29.401
-14.8177
-71.0646
-13.816
444.847
10.1473
-1.93805
593.563
-2.85122
-4.27894
111.108
-6.3867
0.790988
-3.57595
-36.6131
401.539
-60.4702
-3.38489
-4.73157
-4.15218
248.373
138.624
217.622
492.502
-5.74929
284.554
-3.07395
-8.22691
-4.07199
-6.68463
-6.80654
-2.83881
34.7404
-4.06613
115.889
116.45
-12.4187
-4.0994
605.809
-50.9893
-4.37014
26.4001
-2.62554
11.2638
56.4215
5.80345
-4.7122
434.763
421.415
260.778
10.4152
-24.2235
803.135
-6.69893
-1.95172
119.382
6.84254
-3.06844
5.76399
-61.802
337.474
0.0710791
1.15344
141.17
-3.94267
-1.37041
860.98
-56.5963
12.3433
-4.51212
72.8621
-5.61803
-4.61562
-2.36015
-1.62805
-3.03471
-3.22464
6.32149
-2.83463
8.19541
-3.37709
188.8
-7.18126
-30.7081
-3.60272
54.7868
4.91654
539.931
672.075
3.32353
-32.7499
-29.2026
-2.43468
-0.0714776
-8.29009
81.6033
-7.85669
-3.92059
-96.202
-35.7023
-5.46239
222.976
-24.6205
-77.0151
-5.3097
-3.5644
-4.78356
-2.03622
-7.36596
-4.73983
-4.69095
-12.0954
-5.84845
-21.3075
-152.217
-3.51991
-21.0753
-7.83499
2.69112
-3.18279
-5.57323
-4.23857
-14.9097
-3.54395
0.0267539
-3.09638
-2.08813
116.061
-5.17922
-83.007
-5.58511
-15.4926
-2.78225
-3.3536
460.134
-9.26289
590.909
-13.4078
202.346
-6.86194
871.899
12.013
-3.94002
-17.5205
-2.99756
796.627
-5.07344
-9.94903
658.494
447.922
498.766
226.467
-1.68583
-17.969
-26.3705
394.262
-14.8831
-10.5686
45.988
-3.33246
306.567
-2.29465
-6.61585
-9.47192
-4.1697
-2.49287
242.841
-50.3615
-5.09886
-1.17044
-7.41055
-25.6453
-7.0065
460.677
6.69772
-4.02724
195.211
15.1463
-1.11255
5.22516
-1.32706
-5.69713
12.9755
-4.28441
-7.92804
6.82166
-4.12634
-7.41403
120.295
6.351
-0.263458
-6.44424
5.679
-2.87922
-5.07548
-1.43206
-6.58844
-3.94455
124.05
289.302
191.493
16.6149
-4.65291
-8.62912
-0.142628
-3.5134
-7.87107
788.172
-9.82863
-11.0782
-0.355867
-3.20895
271.889
126.917
390.592
7.41843
-3.20426
-1.16632
487.102
-13.6261
-6.75522
-2.11657
0.0976528
-10.8923
4.6556
-4.14421
-10.8624
0.161803
-14.7468
-8.05753
-9.2844
-5.42476
-0.463375
865.262
-38.7265
1.35118
-13.9678
104.469
-32.8464
-9.19537
-0.99209
0.292227
-18.3556
0.970434
-7.71951
-13.6856
-15.2974
3.47852
-9.36098
5.86742
-3.67164
579.32
-6.11598
13.7768
-12.3223
187.709
125.638
392.306
2.34347
-16.5854
-4.29681
1.74018
-3.70933
1.55843
857.736
482.514
-67.4868
-3.26034
-7.1284
-4.97308
-16.2959
-4.77883
0.00347127
-3.94927
-6.02883
-194.335
-63.9727
-57.3174
77.8053
-3.57407
-2.65189
-10.0573
-13.5492
-2.74349
-4.56102
0.114718
-3.88651
653.284
-8.90534
3.35324
202.542
-14.4432
-3.49749
516.145
-2.90698
0.916238
1.89487
6.06621
-23.0283
-10.3945
-13.7034
-6.69119
-12.1018
-9.51309
11.8434
-10.5063
-2.04876
-20.3911
-2.33359
255.652
-1.66921
-4.03139
-2.44393
-18.3669
-4.59535
-2.9096
528.108
326.85
-3.44087
587.843
-4.17844
3.37655
11.0586
3.92029
-1.06626
1.3925
-3.69562
12.4284
-2.86296
-24.6686
4.49206
-13.8439
15.0596
782.627
851.505
0.283547
-3.05034
18.7689
397.363
5.31183
1.44157
-21.7498
1.03206
-2.93341
0.175101
2.64713
-2.20143
-7.56683
1.27334
8.7128
-24.1126
-8.45712
-6.86499
9.18245
-1.63656
31.8972
2.22832
1.71262
20.4819
344.482
8.71382
6.87676
-16.4692
586.817
455.168
-2.7626
22.689
20.9381
-3.68849
-4.21569
0.531731
11.4875
-0.328106
21.0036
-6.36432
37.5248
11.142
17.1052
28.5162
-30.0206
-39.1611
-3.04677
3.24075
37.3364
3.55875
4.03309
5.38498
17.4243
-24.447
6.12303
70.8813
-10.7982
-3.18511
6.31665
71.7213
42.4212
-2.19647
-5.68788
1.11355
-0.919544
590.117
1.69833
21.3064
107.935
17.9659
80.3275
61.9235
-1.34925
-2.41747
-0.2096
2.26646
153.268
4.44237
59.6103
74.6055
10.7959
36.6877
-11.6387
128.926
168.033
194.505
85.8213
34.5813
82.953
-23.2254
-1.48725
34.0966
-23.6375
263.751
268.592
41.6893
-43.0336
128.926
165.205
202.708
180.831
64.8646
650.802
779.782
250.794
843.748
250.9
845.334
0.930036
-12.424
3.19062
-3.08454
-2.9766
8.30355
20.169
-7.07052
5.90868
-1.7278
19.0026
40.2993
-3.29705
87.7526
52.763
13.8294
5.97458
221.962
252.883
242.039
158.791
153.757
115.937
120.308
2.83755
167.908
43.3374
26.479
1.89078
6.69834
560.522
674.663
265.668
61.8328
207.023
708.081
506.661
6.71008
210.189
453.054
649.087
663.907
26.0761
258.111
135.615
671.221
274.008
6.66943
614.682
182.411
5.9029
444.196
187.931
5.41559
245.662
434.293
307.418
576.567
600.567
560.751
609.933
581.396
592.504
116.525
217.979
377.594
511.348
510.593
509.959
383.822
5.82502
7.69364
499.991
336.04
349.536
426.184
362.509
558.487
34.9949
21.0731
201.83
825.128
775.266
497.542
657.721
660.548
653.657
643.063
668.397
651.709
929.256
827.453
140.841
6.03764
280.295
5.32295
620.344
460.542
321.918
357.467
179.597
456.207
6.69861
361.102
130.533
185.07
448.971
201.328
306.463
313.367
454.514
-75.2376
243.225
7.06108
459.895
295.741
-60.2258
351.366
351.541
441.133
133.242
7.84173
-48.2894
499.707
343.191
979.667
7.46379
-60.7072
293.222
-78.3389
8.1847
454.91
7.63461
-63.6219
71.0469
7.77312
82.9709
112.847
174.892
504.075
8.73033
927.359
971.516
-49.9611
)
;

boundaryField
{
    patch0
    {
        type            calculated;
        value           nonuniform List<scalar> 
4010
(
1.42109e-14
1.42109e-14
-5.05891
-5.05891
-2.57412
-2.57412
-3.47553
-3.47553
-3.04999
-3.04999
-3.9938
-3.9938
-6.75559
-6.75559
-8.45839
-8.45839
-12.9294
-12.9294
-3.83729
-3.83729
-15.0111
-15.0111
-20.8517
-20.8517
4.94112
4.94112
-22.0045
-22.0045
-35.1104
-35.1104
-29.7141
-29.7141
5.97874
5.97874
-29.4223
-29.4223
20.837
20.837
-30.6693
-30.6693
41.0674
41.0674
5.06009
5.06009
9.41767
9.41767
-38.3708
-38.3708
4.79817
4.79817
3.06532
3.06532
2.00319
2.00319
-9.91882
-9.91882
-1.71531
-1.71531
92.0403
92.0403
8.34765
8.34765
4.23632
4.23632
13.4585
13.4585
8.02539
8.02539
-9.98199
-9.98199
10.1855
10.1855
4.06124
4.06124
-2.68971
-2.68971
101.009
101.009
7.66624
7.66624
3.95187
3.95187
19.8878
19.8878
3.83147
3.83147
10.7067
10.7067
42.7253
42.7253
-1.05422
-1.05422
-6.60437
-6.60437
-5.31876
-5.31876
336.474
336.474
157.267
157.267
159.49
159.49
5.13082
5.13082
5.20017
5.20017
161.234
161.234
-0.376986
-0.376986
-5.57846
-5.57846
3.18989
3.18989
-16.5634
-16.5634
-17.179
-17.179
-4.90818
-4.90818
14.0781
14.0781
-22.9017
-22.9017
35.9583
35.9583
104.813
104.813
165.791
165.791
-4.5906
-4.5906
-11.8771
-11.8771
9.29213
9.29213
-1.19393
-1.19393
117.874
117.874
6.51653
6.51653
-19.9741
-19.9741
106.194
106.194
83.2986
83.2986
82.5236
82.5236
2.51162
2.51162
2.69667
2.69667
66.8927
66.8927
26.8822
26.8822
53.7807
53.7807
-56.7607
-56.7607
0.982888
0.982888
73.0313
73.0313
10.8735
10.8735
14.9247
14.9247
9.80787
9.80787
-14.1448
-14.1448
-32.4815
-32.4815
269.991
269.991
7.14135
7.14135
-8.74526
-8.74526
-0.889303
-0.889303
-0.400045
-0.400045
1.88119
1.88119
6.16946
6.16946
189.315
189.315
-0.892993
-0.892993
-54.0844
-54.0844
-5.19842
-5.19842
4.02561
4.02561
0.63681
0.63681
6.66884
6.66884
-4.58533
-4.58533
-3.64713
-3.64713
2.47742
2.47742
7.17514
7.17514
1.37086
1.37086
3.14272
3.14272
-4.83045
-4.83045
1.74045
1.74045
-5.34416
-5.34416
1.24543
1.24543
-3.23283
-3.23283
83.7402
83.7402
30.5524
30.5524
12.9513
12.9513
0.0477078
0.0477078
-32.4524
-32.4524
9.06571
9.06571
14.2732
14.2732
66.86
66.86
810.357
810.357
121.522
121.522
9.84394
9.84394
-12.1397
-12.1397
2.55417
2.55417
2.59081
2.59081
56.9189
56.9189
1.58632
1.58632
773.927
773.927
-7.93689
-7.93689
1.11926
1.11926
-1.01329
-1.01329
75.258
75.258
6.4703
6.4703
2.13689
2.13689
-0.390316
-0.390316
0.95189
0.95189
-40.5068
-40.5068
-5.25974
-5.25974
-10.4937
-10.4937
-14.8091
-14.8091
-5.36996
-5.36996
-5.15262
19.5262
19.5262
33.0025
-0.974889
-0.974889
621.98
621.98
2.38204
2.38204
5.41387
5.41387
-4.22949
-4.22949
8.74423
8.74423
84.1402
84.1402
901.857
901.857
995.597
4.33495
4.33495
0.367478
0.367478
-2.29096
-2.29096
2.87916
2.87916
818.832
818.832
-0.71672
-0.71672
-13.6047
-13.6047
54.4855
54.4855
83.3278
83.3278
0.308885
0.308885
-0.520227
-0.520227
801.457
801.457
91.9416
91.9416
2.52092
2.52092
2.67606
2.67606
871.505
871.505
13.5933
13.5933
1.88722
1.88722
-0.725312
-0.725312
-4.00119
-4.00119
1.22353
1.22353
-4.51446
-4.51446
-5.22236
-5.22236
4.29816
4.29816
91.7666
91.7666
4.71804
4.71804
12.7851
12.7851
-1.50453
-1.50453
3.62241
3.62241
-41.1974
-41.1974
56.5736
56.5736
2.8915
2.8915
473.675
473.675
-7.52164
-7.52164
4.5812
4.5812
4.17667
4.17667
-0.526669
-0.526669
71.8366
71.8366
3.87153
3.87153
-6.33275
-6.33275
-19.8732
-19.8732
-3.14639
-3.14639
2.59279
2.59279
891.756
891.756
985.497
3.03397
3.03397
3.98677
3.98677
3.68738
3.68738
4.72523
4.72523
33.4992
33.4992
-7.71239
-7.71239
2.09827
2.09827
-7.96976
-7.96976
-0.870478
-0.870478
3.62395
3.62395
-4.30754
-4.30754
5.30502
5.30502
5.30672
5.30672
-0.922849
-0.922849
-0.669492
790.184
790.184
1.77193
1.77193
-43.9415
-43.9415
2.72157
2.72157
4.70727
4.70727
28.2746
28.2746
-3.67491
-3.67491
3.40695
3.40695
-6.69553
-6.69553
53.6132
53.6132
3.19532
3.19532
58.6948
58.6948
2.18424
2.18424
-41.4818
-41.4818
-11.5879
-11.5879
2.02651
2.02651
-24.692
-24.692
-30.6445
-30.6445
1.92236
1.92236
4.80679
4.80679
-1.40667
-1.40667
-5.9998
-5.9998
3.34827
3.34827
3.2406
3.2406
1.12356
1.12356
77.286
77.286
77.5415
-55.6059
-55.6059
-8.06372
-8.06372
1.66838
1.66838
880.026
880.026
973.767
-42.326
-42.326
3.62621
3.62621
-57.6957
-57.6957
5.30386
5.30386
22.4275
22.4275
5.64606
5.64606
-13.53
-13.53
-2.54798
-2.54798
54.3755
54.3755
-22.7789
-22.7789
-12.8763
-12.8763
805.305
805.305
2.10844
2.10844
1.56207
1.56207
-5.41262
-5.41262
-49.1824
-49.1824
1.95817
1.95817
4.19467
4.19467
3.15646
3.15646
-11.0555
-11.0555
3.16069
3.16069
1.59866
1.59866
-3.94568
-3.94568
32.4286
32.4286
4.14702
4.14702
88.7205
88.7205
51.0407
51.0407
7.79082
7.79082
0.309584
0.309584
-4.64601
-4.64601
5.55049
5.55049
89.8236
89.8236
-1.09309
-1.09309
3.3917
3.3917
-6.0114
-6.0114
-66.9157
-66.9157
-17.9783
-17.9783
1.77075
1.77075
1.14697
1.14697
4.42142
4.42142
75.4741
75.4741
901.03
901.03
967.819
-7.37314
-7.37314
0.623296
0.623296
93.1774
93.1774
71.076
71.076
-31.1583
-31.1583
801.071
801.071
-12.3454
-12.3454
3.40315
3.40315
0.511615
0.511615
102.699
102.699
-0.121418
-0.121418
-67.3289
-67.3289
79.9091
79.9091
93.6731
93.6731
-45.3518
-45.3518
5.59039
5.59039
23.4578
23.4578
-62.0204
-62.0204
865.676
865.676
955.455
0.7178
0.7178
-75.3481
-75.3481
-3.74082
-3.74082
-18.8405
-18.8405
3.20367
3.20367
36.0519
36.0519
-76.1497
-76.1497
3.95797
3.95797
55.1193
55.1193
5.71433
5.71433
9.14569
9.14569
0.587635
0.587635
4.9204
4.9204
-17.8136
-17.8136
14.094
14.094
3.28305
3.28305
-16.0383
-16.0383
0.331426
0.331426
3.32602
3.32602
97.878
97.878
5.91859
5.91859
-0.35888
-0.35888
94.1549
94.1549
2.87188
2.87188
-52.091
-52.091
3.46994
3.46994
3.42372
3.42372
-3.58589
-3.58589
-35.2856
-35.2856
4.36258
4.36258
-9.19777
-9.19777
5.29427
5.29427
-25.2344
-25.2344
62.6833
62.6833
-0.368153
-0.368153
-5.24992
-5.24992
-1.30267
-1.30267
-1.59247
-1.59247
-0.883125
-0.883125
-47.4635
-47.4635
89.1667
89.1667
4.47967
4.47967
5.64212
5.64212
-51.2636
-51.2636
-22.4117
-22.4117
-0.0186047
-0.0186047
-13.2876
-13.2876
8.90855
8.90855
3.16854
3.16854
3.64631
3.64631
-2.56174
-2.56174
90.4767
90.4767
-85.958
-85.958
5.97748
5.97748
-30.9334
-30.9334
663.915
663.915
-17.3816
-17.3816
4.63458
4.63458
192.57
192.57
-3.05488
-3.05488
-72.3353
-72.3353
-91.0033
-91.0033
-6.25481
-6.25481
3.82885
3.82885
-2.64414
-2.64414
4.56223
4.56223
6.19192
6.19192
-2.17008
-2.17008
-1.51141
-1.51141
-93.586
-93.586
3.53039
3.53039
4.04813
4.04813
-52.0928
-52.0928
-2.63836
-2.63836
10.9979
10.9979
-64.799
-64.799
-44.6796
-44.6796
4.05128
4.05128
-15.526
-15.526
-19.5109
-19.5109
-20.5472
-20.5472
2.86364
2.86364
3.19596
3.19596
5.20843
5.20843
-93.5122
-93.5122
79.0817
79.0817
-6.89622
-6.89622
-0.993289
-0.993289
-3.24923
-3.24923
92.7714
92.7714
5.53809
5.53809
2.64789
2.64789
-9.50981
-9.50981
-3.91017
-3.91017
-1.19396
-1.19396
-1.15394
2.06778
2.06778
4.23064
4.23064
-42.74
-42.74
-27.2259
-27.2259
548.606
548.606
16.5399
16.5399
6.01798
6.01798
1.69146
1.69146
964.258
964.258
1012.63
-4.98766
-4.98766
-86.6225
-86.6225
-10.4559
-10.4559
4.49027
4.49027
3.01586
3.01586
-3.33358
-3.33358
6.12065
6.12065
-21.5416
-21.5416
-5.765
-5.765
-3.84957
-3.84957
-3.33274
-3.33274
-69.9473
-69.9473
-88.6974
-88.6974
10.8119
10.8119
-5.80907
-5.80907
-97.4744
-97.4744
6.09322
6.09322
-82.5381
-82.5381
5.84284
5.84284
3.51548
3.51548
-105.594
-105.594
-25.546
-25.546
108.822
108.822
4.8336
4.8336
-3.50384
-3.50384
-5.59697
-5.59697
-64.4714
-64.4714
-4.68941
-4.68941
7.47307
7.47307
-4.35581
-4.35581
-2.76926
-2.76926
-107.723
-107.723
129.594
129.594
-6.66658
-6.66658
3.84788
3.84788
5.24754
5.24754
-1.56515
-1.56515
3.03634
3.03634
94.1504
94.1504
-11.0391
-11.0391
22.5093
22.5093
22.5901
-4.73152
-4.73152
42.0967
42.0967
2.85972
2.85972
-6.75167
-6.75167
-47.7105
-47.7105
5.00635
5.00635
2.53764
2.53764
-48.1273
-48.1273
-0.00809352
-0.00809352
2.40376
2.40376
-104.562
-104.562
-71.7173
-71.7173
7.64869
7.64869
-19.9596
-19.9596
-53.9674
-53.9674
4.51223
4.51223
15.9139
15.9139
8.33047
8.33047
6.24677
6.24677
-7.3988
-7.3988
-8.08788
-8.08788
-4.5651
-4.5651
-10.0225
-10.0225
47.5886
47.5886
2.2839
2.2839
6.12162
6.12162
101.95
101.95
-102.503
-102.503
6.52655
6.52655
-49.8029
-49.8029
110.945
110.945
-22.0401
-22.0401
-13.3319
-13.3319
-28.7186
-28.7186
-4.95326
-4.95326
-7.77578
-7.77578
-4.55177
-4.55177
-8.64824
-8.64824
4.62732
4.62732
2.65375
2.65375
-2.34301
-2.34301
-50.8996
-50.8996
-3.58108
-3.58108
-33.9652
-33.9652
83.4553
83.4553
-3.0958
-3.0958
6.55896
6.55896
-7.05664
-7.05664
-110.047
-110.047
-88.8978
-88.8978
-16.5698
-16.5698
-5.32564
-5.32564
-2.11302
-2.11302
95.2446
95.2446
-114.379
-114.379
-60.7905
-60.7905
5.6238
5.6238
4.15194
4.15194
5.87945
5.87945
-3.30804
-3.30804
-96.4308
-96.4308
-0.318816
-0.318816
5.3911
5.3911
-117.914
-117.914
-33.1492
-33.1492
-82.809
-82.809
-5.67445
-5.67445
2.52963
2.52963
-6.45762
-6.45762
-6.56368
-6.56368
4.3406
4.3406
2.18173
2.18173
-11.1016
-11.1016
-24.0361
-24.0361
7.27607
7.27607
-86.7903
-86.7903
-68.375
-68.375
-116.34
-116.34
-0.449444
-0.449444
0.728077
0.728077
84.6901
84.6901
13.8189
13.8189
0.635318
0.635318
-9.19405
-9.19405
8.16935
8.16935
-26.39
-26.39
5.6583
5.6583
12.2155
12.2155
6.77591
6.77591
-7.61289
-7.61289
-8.04824
-8.04824
5.98376
5.98376
12.0611
12.0611
1.44836
1.44836
5.0933
5.0933
98.8679
98.8679
82.079
82.079
-20.2446
-20.2446
-109.22
-109.22
-2.70692
-2.70692
110.383
110.383
108.901
108.901
-9.84993
-9.84993
-55.3118
-55.3118
-2.50456
-2.50456
-4.37854
-4.37854
-34.8429
-34.8429
6.33425
6.33425
-1.84732
-1.84732
11.9506
11.9506
14.4731
14.4731
158.915
158.915
94.0649
94.0649
111.965
111.965
3.31781
3.31781
7.42154
7.42154
2.8756
2.8756
-4.64953
-4.64953
5.47211
5.47211
11.4135
11.4135
-62.3203
-62.3203
-12.1433
-12.1433
107.276
107.276
5.23297
5.23297
-103.009
-103.009
-3.57272
-3.57272
-1.52696
-1.52696
-5.23469
-5.23469
45.4446
45.4446
-6.0504
-6.0504
13.5142
13.5142
6.35699
6.35699
-122.106
-122.106
9.90929
9.90929
4.72552
4.72552
-16.5558
-16.5558
-14.2238
-14.2238
-5.51578
-5.51578
156.928
156.928
32.4812
32.4812
-113.83
-113.83
10.8984
10.8984
-87.6523
-87.6523
92.3673
92.3673
-0.281781
-0.281781
6.43956
6.43956
11.1654
11.1654
156.158
156.158
147.007
147.007
-124.275
-124.275
-6.28514
-6.28514
-20.936
-20.936
-7.78942
-7.78942
8.16455
8.16455
184.467
184.467
-107.391
-107.391
-7.70402
-7.70402
112.092
112.092
5.62624
5.62624
-26.1936
-26.1936
-0.251074
-0.251074
-56.5567
-56.5567
10.7605
10.7605
10.6354
10.6354
0.114056
0.114056
-64.0547
-64.0547
13.6692
13.6692
-39.0977
-39.0977
4.99227
4.99227
-11.4477
-11.4477
-0.988549
-0.988549
7.09396
7.09396
155.391
155.391
108.415
108.415
-121.74
-121.74
-80.2941
-80.2941
-14.471
-14.471
2.4686
2.4686
-12.4215
-12.4215
98.3559
98.3559
14.7979
14.7979
-13.6174
-13.6174
-2.61835
-2.61835
12.8852
12.8852
-24.3451
-24.3451
-2.20424
-2.20424
-29.9399
-29.9399
8.22518
8.22518
5.6496
5.6496
156.435
156.435
-1.95433
-1.95433
97.2508
97.2508
-2.87106
-2.87106
-117.473
-117.473
-3.96438
-3.96438
-4.35082
-4.35082
5.24859
5.24859
-1.24079
-1.24079
-3.13519
-3.13519
-89.0669
-89.0669
3.83653
3.83653
-56.5196
-56.5196
-3.10849
-3.10849
5.70079
5.70079
6.99734
6.99734
-4.62969
-4.62969
-3.47591
-3.47591
-4.34793
-4.34793
15.3803
15.3803
-5.01821
-5.01821
7.88104
7.88104
-52.1131
-52.1131
-0.890685
-0.890685
10.691
10.691
10.393
10.393
37.7702
37.7702
67.6385
67.6385
-105.57
-105.57
-5.24163
-5.24163
112.85
112.85
-0.157908
-0.157908
-20.1527
-20.1527
6.19413
6.19413
5.30772
5.30772
4.86796
4.86796
-64.9011
-64.9011
80.1551
80.1551
-44.8457
-44.8457
-77.1759
-77.1759
-97.6663
-97.6663
-15.0878
-15.0878
-35.1239
-35.1239
136.896
136.896
14.4794
14.4794
-122.993
-122.993
-118.67
-118.67
-9.15733
-9.15733
-7.02623
-7.02623
0.692728
0.692728
-13.453
-13.453
-5.65916
-5.65916
218.705
218.705
-128.018
-128.018
23.1262
23.1262
94.7047
94.7047
-12.9595
-12.9595
-21.8902
-21.8902
-1.7458
-1.7458
6.90564
6.90564
-106.664
-106.664
13.5881
13.5881
-25.9787
-25.9787
4.93962
4.93962
2.73612
2.73612
-81.8443
-81.8443
8.54359
8.54359
-2.37765
-2.37765
6.92732
6.92732
154.37
154.37
-2.65858
-2.65858
-3.76513
-3.76513
-1.4301
-1.4301
-126.33
-126.33
5.53488
5.53488
6.26748
6.26748
84.0995
84.0995
-3.97119
-3.97119
288.485
288.485
-1.07247
-1.07247
-3.82968
-3.82968
-4.30577
-4.30577
7.72391
7.72391
-96.3967
-96.3967
145.869
145.869
3.83911
3.83911
-13.8114
-13.8114
-60.926
-60.926
16.3271
16.3271
-28.5387
-28.5387
87.6893
87.6893
6.19129
6.19129
5.93607
147.799
147.799
8.50321
8.50321
-118.656
-118.656
-4.50468
-4.50468
11.0767
11.0767
110.146
110.146
3.98391
3.98391
-7.27374
-7.27374
-0.944559
-0.944559
-5.97999
-5.97999
-3.15598
-3.15598
-9.85076
-9.85076
8.27953
8.27953
152.498
152.498
-4.83751
-4.83751
-72.8691
-72.8691
303.19
303.19
-24.0428
-24.0428
95.3659
95.3659
5.0446
5.0446
15.8818
15.8818
5.69275
5.69275
-111.314
-111.314
-0.106142
-0.106142
-3.20623
-3.20623
-18.2178
-18.2178
112.744
112.744
110.51
110.51
-4.33047
-4.33047
114.395
114.395
146.487
146.487
570.612
570.612
-11.3417
-11.3417
112.385
112.385
-5.07358
-5.07358
-48.4998
-48.4998
-98.0182
-98.0182
0.649058
0.649058
14.5087
14.5087
-1.54198
-1.54198
4.20117
4.20117
19.4835
19.4835
-2.21749
-2.21749
-19.7427
-19.7427
-1.91906
-1.91906
98.0393
98.0393
-3.81503
-3.81503
7.32323
7.32323
-124.546
-124.546
5.28794
5.28794
-1.22196
-1.22196
19.0665
19.0665
-3.52639
-3.52639
9.48619
9.48619
-56.2887
-56.2887
-15.572
-15.572
2.55756
2.55756
-37.3588
-37.3588
104.391
104.391
-41.0466
-41.0466
-2.69601
-2.69601
-111.16
-111.16
102.391
102.391
12.5933
12.5933
6.98646
6.98646
-116.803
-116.803
-3.97269
-3.97269
2.51671
2.51671
-88.3649
-88.3649
-127.127
-127.127
306.024
306.024
-2.93436
-2.93436
6.34819
6.34819
41.6134
41.6134
8.77312
8.77312
-0.940442
-0.940442
114.722
114.722
-61.6645
-61.6645
-70.8012
-70.8012
113.64
113.64
-16.2916
-16.2916
-4.28631
-4.28631
4.70514
4.70514
81.2167
81.2167
-125.327
-125.327
101.078
101.078
224.841
224.841
5.78003
5.78003
17.0924
17.0924
-8.34069
-8.34069
41.1818
41.1818
-0.836279
-0.836279
8.30837
8.30837
9.22608
9.22608
-6.54887
-6.54887
-89.1055
-89.1055
29.9805
29.9805
-5.31998
-5.31998
-121.006
-121.006
3.32522
3.32522
-6.25503
-6.25503
-4.46773
-4.46773
16.3884
16.3884
-27.5087
-27.5087
-72.8693
-72.8693
5.48001
5.48001
-1.9147
-1.9147
0.0985817
0.0985817
-1.63886
-1.63886
-45.089
-45.089
-7.11842
-7.11842
-107.457
-107.457
603.145
603.145
629.305
-32.8878
-32.8878
193.576
193.576
-2.33926
-2.33926
-1.27979
-1.27979
778.23
778.23
7.00947
7.00947
-2.58236
-2.58236
1.15762
1.15762
-11.1999
-11.1999
6.28022
6.28022
-18.5163
-18.5163
-4.74715
-4.74715
21.0686
21.0686
-58.1874
-58.1874
-22.5462
-22.5462
-3.47127
-3.47127
8.95155
8.95155
5.14844
5.14844
139.154
139.154
1.5733
1.5733
-6.29389
-6.29389
-75.0427
-75.0427
-3.60623
-3.60623
115.387
115.387
10.3716
10.3716
-3.88347
-3.88347
93.6435
93.6435
-1.09441
-1.09441
19.3705
19.3705
13.4011
13.4011
-99.1957
-99.1957
5.98645
5.98645
13.9063
13.9063
-15.1478
-15.1478
4.27809
4.27809
115.994
115.994
-65.286
-65.286
13.8811
13.8811
325.315
325.315
-2.96392
-2.96392
114.928
114.928
5.74552
5.74552
-9.09061
-9.09061
110.759
110.759
-3.14959
-3.14959
-0.926945
-0.926945
-4.03542
-4.03542
-34.7585
-34.7585
-4.86813
-4.86813
-5.4726
-5.4726
2.69271
2.69271
-83.4515
-83.4515
144.591
144.591
-48.4076
-48.4076
-113.36
-113.36
-117.915
-117.915
-122.731
-122.731
-15.3179
-15.3179
9.84685
9.84685
-37.7322
-37.7322
16.9073
16.9073
105.116
105.116
5.52171
5.52171
169.645
169.645
-1.6085
-1.6085
-0.604721
-0.604721
-100.596
-100.596
30.9219
30.9219
-2.30852
-2.30852
-89.7323
-89.7323
-2.07366
-2.07366
115.742
115.742
-122.982
-122.982
300.501
300.501
313.949
172.058
172.058
-4.34418
-4.34418
24.4571
24.4571
-1.36435
-1.36435
4.89547
4.89547
-49.1044
-49.1044
42.7386
42.7386
-31.3048
-31.3048
0.846955
0.846955
411.596
411.596
-115.582
-115.582
15.6727
15.6727
-74.8017
-74.8017
-6.09954
-6.09954
-21.8577
-21.8577
-2.72422
-2.72422
3.53972
3.53972
-12.6196
-12.6196
-0.965688
-0.965688
6.72442
6.72442
-3.59396
-3.59396
7.99441
7.99441
-6.78282
-6.78282
5.66235
5.66235
-2.88776
-2.88776
-4.49306
-4.49306
-60.133
-60.133
303.045
303.045
-109.735
-109.735
219.725
219.725
202.603
202.603
-3.34068
-3.34068
1.82894
1.82894
-3.72587
-3.72587
20.0424
20.0424
-20.6143
-20.6143
9.72821
9.72821
-0.895164
-0.895164
92.0025
92.0025
91.5861
5.75003
5.75003
-5.47317
-5.47317
107.697
107.697
99.4293
11.98
11.98
26.9946
26.9946
15.0011
19.3257
19.3257
-8.37974
-8.37974
103.122
103.122
-96.355
-96.355
5.71565
5.71565
-32.7389
-32.7389
125.422
125.422
-4.02121
-4.02121
-59.4
-59.4
-0.051231
-0.051231
-2.06228
-2.06228
58.9948
58.9948
-65.1668
-65.1668
5.45165
5.45165
-33.8572
-33.8572
-1.80182
-1.80182
-40.8032
-40.8032
115.552
115.552
-3.27306
-3.27306
-2.53091
-2.53091
-4.91772
-4.91772
4.16698
4.16698
-16.8593
-16.8593
-2.71274
-2.71274
10.1205
10.1205
4.70099
4.70099
-1.27804
-1.27804
-4.6391
-4.6391
0.435641
0.435641
116.402
116.402
115.168
115.168
5.9141
5.9141
5.27519
5.27519
-4.20506
-4.20506
-90.0507
-90.0507
3.37455
3.37455
5.85348
5.85348
-59.0803
-59.0803
7.92181
7.92181
-5.42056
-5.42056
-5.86595
-5.86595
16.2047
16.2047
-1.04462
-1.04462
29.2874
29.2874
9.42031
9.42031
-7.023
-7.023
5.87534
5.87534
8.61575
8.61575
-27.4572
-27.4572
-43.2597
-43.2597
-110.003
-110.003
129.811
129.811
2.22761
2.22761
24.5347
24.5347
-11.1799
-11.1799
-3.38107
-3.38107
-112.097
-112.097
-113.82
-113.82
-3.47272
-3.47272
-3.03882
-3.03882
5.70679
5.70679
-0.296074
-0.296074
-90.8341
-90.8341
-38.2248
-38.2248
-97.3871
-97.3871
456.858
456.858
-60.256
-60.256
-75.268
-75.268
-3.73152
-3.73152
5.11347
5.11347
-4.47162
-4.47162
61.6385
61.6385
98.488
98.488
105.278
105.278
9.87457
9.87457
-109.868
-109.868
-4.89711
-4.89711
335.327
335.327
216.076
216.076
3.86387
3.86387
-43.8902
-43.8902
104.365
104.365
-0.0949053
-0.0949053
13.7946
13.7946
-22.6732
-22.6732
-37.0343
-37.0343
-4.64285
-4.64285
-9.03171
-9.03171
-1.76266
-1.76266
-101.408
-101.408
-2.57889
-2.57889
-2.35339
-2.35339
-3.90266
-3.90266
2.49257
2.49257
-66.1213
-66.1213
19.175
19.175
0.719287
0.719287
-49.1429
-49.1429
-28.3855
-28.3855
-1.47794
-1.47794
-54.4397
-54.4397
-4.59566
-4.59566
5.84547
5.84547
-2.95546
-2.95546
12.6857
12.6857
5.81902
5.81902
115.673
115.673
18.8973
18.8973
-67.8409
-67.8409
-33.8648
-33.8648
-0.574291
-0.574291
-95.8551
-95.8551
76.9178
76.9178
-14.8467
-14.8467
39.2043
39.2043
1.49064
1.49064
5.75835
5.75835
-3.07757
-3.07757
-4.26508
-4.26508
351.143
351.143
-6.25047
-6.25047
5.62988
5.62988
-0.307765
-0.307765
120.654
120.654
-3.47495
-3.47495
4.92216
4.92216
184.462
184.462
23.5561
23.5561
6.16276
6.16276
-96.5929
-96.5929
-3.33051
-3.33051
-12.0398
-12.0398
-3.34989
-3.34989
3.58669
3.58669
-5.36547
-5.36547
125.063
125.063
117.734
117.734
0.106765
0.106765
-3.57762
-3.57762
-28.4683
-28.4683
-38.7217
-38.7217
-4.50508
-4.50508
25.8773
25.8773
5.74108
5.74108
2.46653
2.46653
10.754
10.754
128.137
128.137
-2.44034
-2.44034
238.786
238.786
11.3872
11.3872
-2.93237
-2.93237
-4.69116
-4.69116
-2.12541
-2.12541
22.9513
22.9513
-4.51869
-4.51869
301.138
301.138
335.595
287.879
287.879
322.336
-25.6726
-25.6726
18.0212
18.0212
0.47584
0.47584
-84.5448
-84.5448
5.38556
5.38556
-1.3301
-1.3301
-3.1012
-3.1012
19.0411
19.0411
-7.66397
-7.66397
-89.5006
-89.5006
-99.8829
-99.8829
4.34984
4.34984
-3.9115
-3.9115
5.024
5.024
-8.1438
-8.1438
-101.98
-101.98
-5.38543
-5.38543
-4.57113
-4.57113
-19.1381
-19.1381
4.553
4.553
6.31727
6.31727
-0.997027
-0.997027
-100.495
-100.495
-98.325
-98.325
176.668
176.668
3.75689
3.75689
-6.28988
-6.28988
264.163
264.163
302.463
291.657
291.657
14.1405
14.1405
1.32384
1.32384
-45.0357
-45.0357
-0.340629
-0.340629
3.04012
3.04012
116.457
116.457
326.145
326.145
-4.16749
-4.16749
-94.658
-94.658
-15.6591
-15.6591
-4.68978
-4.68978
-32.6285
-32.6285
-66.1766
-66.1766
19.8224
19.8224
-4.76544
-4.76544
109.711
109.711
-3.35797
-3.35797
-3.31665
-3.31665
286.824
286.824
333.555
-73.6961
-73.6961
0.0412505
0.0412505
97.877
97.877
76.2007
76.2007
-3.36351
-3.36351
-71.3167
-71.3167
2.51265
2.51265
-55.8256
-55.8256
9.02387
9.02387
10.8073
10.8073
40.4998
40.4998
-31.1416
-31.1416
-4.58156
-4.58156
-3.49333
-3.49333
119.884
119.884
59.0598
59.0598
-4.38019
-4.38019
-4.4605
-4.4605
12.0882
12.0882
-9.98393
-9.98393
11.4913
11.4913
-3.51112
-3.51112
5.4588
5.4588
495.575
495.575
0.394058
0.394058
-3.16714
-3.16714
-2.14865
-2.14865
-53.6501
-53.6501
4.82259
4.82259
-2.91305
-2.91305
118.477
118.477
115.766
115.766
-4.75911
-4.75911
660.238
660.238
-1.8091
-1.8091
4.62289
4.62289
21.152
21.152
-4.8766
-4.8766
-22.9885
-22.9885
-3.65523
-3.65523
6.40944
6.40944
-4.72034
-4.72034
4.70985
4.70985
-1.11187
-1.11187
491.268
491.268
-54.7326
-54.7326
-4.23068
-4.23068
4.34384
4.34384
-34.3212
-34.3212
23.5692
23.5692
-8.07306
-8.07306
4.95889
4.95889
117.164
117.164
-5.49347
-5.49347
1.00872
1.00872
-72.2362
-72.2362
265.452
265.452
298.156
147.3
147.3
123.493
-3.50234
-3.50234
-0.693678
-0.693678
3.51406
3.51406
118.451
118.451
-19.1388
-19.1388
23.5984
23.5984
15.6636
15.6636
200.099
200.099
-73.4439
-73.4439
-76.1288
-76.1288
-0.143227
-0.143227
-3.56457
-3.56457
-57.7112
-57.7112
-4.24436
-4.24436
-3.57115
-3.57115
-4.66441
-4.66441
6.93332
6.93332
-5.08773
-5.08773
7.60246
7.60246
-39.6047
-39.6047
-4.16225
-4.16225
-4.18863
-4.18863
190.745
190.745
284.134
284.134
-12.7134
-12.7134
2.55389
2.55389
-3.25463
-3.25463
6.66136
6.66136
95.8024
95.8024
95.62
-3.41305
-3.41305
6.61488
6.61488
-4.03347
-4.03347
6.61457
6.61457
-4.60484
-4.60484
115.927
115.927
-84.1384
-84.1384
191.951
191.951
790.473
790.473
-3.22812
-3.22812
-4.18342
-4.18342
5.63206
5.63206
391.967
391.967
453.909
265.114
265.114
0.336129
0.336129
30.8827
30.8827
5.5682
5.5682
4.77116
4.77116
9.07331
9.07331
-50.2801
-50.2801
-3.22668
-3.22668
-85.009
-85.009
75.871
75.871
2.52958
2.52958
-94.4729
-94.4729
-1.97863
-1.97863
-10.4411
-10.4411
-2.79624
-2.79624
10.6038
10.6038
42.986
42.986
203.407
203.407
-5.46784
-5.46784
-3.03725
-3.03725
451.101
451.101
-3.95009
-3.95009
-103.155
-103.155
-3.78087
-3.78087
-6.79946
-6.79946
-3.41632
-3.41632
-1.61395
-1.61395
-4.00579
-4.00579
4.11502
4.11502
-4.26544
-4.26544
612.103
612.103
-4.63739
-4.63739
27.4287
27.4287
-3.78274
-3.78274
-5.63937
-5.63937
-3.80898
-3.80898
1.20668
1.20668
120.437
120.437
120.405
-3.91625
-3.91625
-0.9596
-0.9596
676.061
676.061
-25.1807
-25.1807
-3.94128
-3.94128
-95.5462
-95.5462
-5.54045
-5.54045
122.828
122.828
122.796
9.73747
9.73747
-3.97464
-3.97464
-2.7703
-2.7703
148.843
148.843
148.808
265.293
265.293
-0.627761
-0.627761
-45.6604
-45.6604
45.2806
45.2806
23.6472
23.6472
-4.51265
-4.51265
-3.73495
-3.73495
243.202
243.202
-3.56766
-3.56766
-4.67954
-4.67954
-3.86417
-3.86417
2.43889
2.43889
-3.40422
-3.40422
117.571
117.571
117.539
-2.83418
-2.83418
-40.6684
-40.6684
-0.449294
-0.449294
-5.6858
-5.6858
-21.5354
-21.5354
3.47535
3.47535
-3.16209
-3.16209
-3.94222
-3.94222
29.2063
29.2063
-57.8823
-57.8823
29.401
29.401
-14.8177
-14.8177
-71.0646
-71.0646
-70.9662
-13.816
-13.816
-13.9141
444.847
444.847
10.1473
10.1473
-1.93805
-1.93805
593.563
593.563
655.962
-2.85122
-2.85122
-4.27894
-4.27894
111.108
111.108
-6.3867
-6.3867
0.790988
0.790988
-3.57595
-3.57595
-36.6131
-36.6131
401.539
401.539
-60.4702
-60.4702
-60.5741
-3.38489
-3.38489
-4.73157
-4.73157
-4.15218
-4.15218
248.373
248.373
277.196
138.624
138.624
117.159
217.622
217.622
492.502
492.502
-5.74929
-5.74929
284.554
284.554
-3.07395
-3.07395
-8.22691
-8.22691
-4.07199
-4.07199
-6.68463
-6.68463
-6.80654
-6.80654
-2.83881
-2.83881
34.7404
34.7404
24.595
-4.06613
-4.06613
115.889
115.889
115.921
116.45
116.45
116.418
-12.4187
-12.4187
-4.0994
-4.0994
605.809
605.809
-50.9893
-50.9893
-51.0557
-4.37014
-4.37014
26.4001
26.4001
-2.62554
-2.62554
11.2638
11.2638
56.4215
56.4215
5.80345
5.80345
-4.7122
-4.7122
434.763
434.763
421.415
421.415
260.778
260.778
10.4152
10.4152
-24.2235
-24.2235
803.135
803.135
-6.69893
-6.69893
-1.95172
-1.95172
119.382
119.382
6.84254
6.84254
-3.06844
-3.06844
5.76399
5.76399
-61.802
-61.802
337.474
337.474
0.0710791
0.0710791
1.15344
1.15344
141.17
141.17
-3.94267
-3.94267
-1.37041
-1.37041
860.98
860.98
944.436
-56.5963
-56.5963
-56.6917
12.3433
12.3433
-4.51212
-4.51212
72.8621
72.8621
-5.61803
-5.61803
-4.61562
-4.61562
-2.36015
-2.36015
-1.62805
-1.62805
-3.03471
-3.03471
-3.22464
-3.22464
6.32149
6.32149
-2.83463
-2.83463
8.19541
8.19541
-3.37709
-3.37709
188.8
188.8
-7.18126
-7.18126
-30.7081
-30.7081
-3.60272
-3.60272
54.7868
54.7868
4.91654
4.91654
539.931
539.931
602.351
672.075
672.075
3.32353
3.32353
-32.7499
-32.7499
-29.2026
-29.2026
-2.43468
-2.43468
-0.0714776
-0.0714776
-8.29009
-8.29009
81.6033
81.6033
-7.85669
-7.85669
-3.92059
-3.92059
-96.202
-96.202
-96.3063
-35.7023
-35.7023
-5.46239
-5.46239
222.976
222.976
-24.6205
-24.6205
-77.0151
-77.0151
-5.3097
-5.3097
-3.5644
-3.5644
-4.78356
-4.78356
-2.03622
-2.03622
-7.36596
-7.36596
-4.73983
-4.73983
-4.69095
-4.69095
-12.0954
-12.0954
-5.84845
-5.84845
-21.3075
-21.3075
-152.217
-152.217
-3.51991
-3.51991
-21.0753
-21.0753
-7.83499
-7.83499
2.69112
2.69112
-3.18279
-3.18279
-5.57323
-5.57323
-4.23857
-4.23857
-14.9097
-14.9097
-3.54395
-3.54395
0.0267539
0.0267539
-3.09638
-3.09638
-2.08813
-2.08813
116.061
116.061
116.029
-5.17922
-5.17922
-83.007
-83.007
-5.58511
-5.58511
-15.4926
-15.4926
-2.78225
-2.78225
-3.3536
-3.3536
460.134
460.134
-9.26289
-9.26289
590.909
590.909
-13.4078
-13.4078
202.346
202.346
-6.86194
-6.86194
871.899
871.899
935.556
12.013
12.013
-3.94002
-3.94002
-17.5205
-17.5205
-17.6313
-2.99756
-2.99756
796.627
796.627
-5.07344
-5.07344
-9.94903
-9.94903
658.494
658.494
447.922
447.922
498.766
498.766
546.773
226.467
226.467
-1.68583
-1.68583
-17.969
-17.969
-26.3705
-26.3705
394.262
394.262
-14.8831
-14.8831
-10.5686
-10.5686
45.988
45.988
-3.33246
-3.33246
306.567
306.567
-2.29465
-2.29465
-6.61585
-6.61585
-9.47192
-9.47192
-4.1697
-4.1697
-2.49287
-2.49287
242.841
242.841
-50.3615
-50.3615
-5.09886
-5.09886
-1.17044
-1.17044
-7.41055
-7.41055
-25.6453
-25.6453
-7.0065
-7.0065
460.677
460.677
6.69772
6.69772
-6.11336
-4.02724
-4.02724
195.211
195.211
15.1463
15.1463
4.7016
-1.11255
-1.11255
5.22516
5.22516
-3.13574
-1.32706
-1.32706
-5.69713
-5.69713
12.9755
12.9755
5.2038
-4.28441
-4.28441
-7.92804
-7.92804
6.82166
6.82166
-1.42661
-4.12634
-4.12634
-7.41403
-7.41403
120.295
120.295
6.351
6.351
-1.87293
-0.263458
-0.263458
-6.64958
-6.44424
-6.44424
5.679
5.679
-2.87922
-2.87922
-5.07548
-5.07548
-1.43206
-1.43206
-6.58844
-6.58844
-3.94455
-3.94455
124.05
124.05
289.302
289.302
312.815
191.493
191.493
172.75
16.6149
16.6149
12.3951
-4.65291
-4.65291
-8.62912
-8.62912
-0.142628
-0.142628
-3.5134
-3.5134
-7.87107
-7.87107
788.172
788.172
-9.82863
-9.82863
-11.0782
-11.0782
-0.355867
-0.355867
-3.20895
-3.20895
271.889
271.889
126.917
126.917
390.592
390.592
7.41843
7.41843
2.56341
-3.20426
-3.20426
-1.16632
-1.16632
487.102
487.102
534.111
-13.6261
-13.6261
-6.75522
-6.75522
-2.11657
-2.11657
0.0976528
0.0976528
-10.8923
-10.8923
4.6556
4.6556
-11.6423
-4.14421
-4.14421
-25.4128
-10.8624
-10.8624
0.161803
0.161803
-14.7468
-14.7468
-41.5551
-8.05753
-8.05753
-9.2844
-9.2844
-5.42476
-5.42476
-0.463375
-0.463375
865.262
865.262
928.657
-38.7265
-38.7265
-39.1092
1.35118
1.35118
0.968482
-13.9678
-13.9678
104.469
104.469
-32.8464
-32.8464
-9.19537
-9.19537
-0.99209
-0.99209
0.292227
0.292227
-18.3556
-18.3556
0.970434
0.970434
-7.71951
-7.71951
-13.6856
-13.6856
-15.2974
-15.2974
3.47852
3.47852
-24.4896
-9.36098
-9.36098
5.86742
5.86742
-3.67164
-3.67164
579.32
579.32
-6.11598
-6.11598
13.7768
13.7768
8.85655
-12.3223
-12.3223
187.709
187.709
125.638
125.638
118.874
392.306
392.306
2.34347
2.34347
-16.5854
-16.5854
-4.29681
-4.29681
1.74018
1.74018
-3.70933
-3.70933
-4.09209
1.55843
1.55843
857.736
857.736
921.392
482.514
482.514
-67.4868
-67.4868
-3.26034
-3.26034
-7.1284
-7.1284
-4.97308
-4.97308
-16.2959
-16.2959
-4.77883
-4.77883
0.00347127
0.00347127
-3.94927
-3.94927
-6.02883
-6.02883
-194.335
-194.335
-194.213
-63.9727
-63.9727
-64.0944
-57.3174
-57.3174
77.8053
77.8053
49.8356
-3.57407
-3.57407
-2.65189
-2.65189
-10.0573
-10.0573
-13.5492
-13.5492
-2.74349
-2.74349
-4.56102
-4.56102
0.114718
0.114718
-3.88651
-3.88651
653.284
653.284
-8.90534
-8.90534
3.35324
3.35324
-1.37644
202.542
202.542
174.631
-14.4432
-14.4432
-3.49749
-3.49749
-3.81293
516.145
516.145
563.154
-2.90698
-2.90698
0.916238
0.916238
1.89487
1.89487
6.06621
6.06621
5.70743
-23.0283
-23.0283
-10.3945
-10.3945
-10.7779
-13.7034
-13.7034
-6.69119
-6.69119
-12.1018
-12.1018
-9.51309
-9.51309
-9.86102
11.8434
11.8434
-10.5063
-10.5063
-2.04876
-2.04876
-2.38037
-20.3911
-20.3911
-2.33359
-2.33359
255.652
255.652
223.824
-1.66921
-1.66921
-4.03139
-4.03139
-2.44393
-2.44393
-18.3669
-18.3669
-4.59535
-4.59535
-2.9096
-2.9096
528.108
528.108
551.405
326.85
326.85
303.549
-3.44087
-3.44087
587.843
587.843
-4.17844
-4.17844
3.37655
3.37655
11.0586
11.0586
3.92029
3.92029
-1.06626
-1.06626
1.3925
1.3925
-3.69562
-3.69562
-4.00232
12.4284
12.4284
-2.86296
-2.86296
-24.6686
-24.6686
4.49206
4.49206
-13.8439
-13.8439
15.0596
15.0596
782.627
782.627
851.505
851.505
915.161
0.283547
0.283547
-3.05034
-3.05034
18.7689
18.7689
397.363
397.363
5.31183
5.31183
1.44157
1.44157
-21.7498
-21.7498
-22.1315
1.03206
1.03206
-2.93341
-2.93341
0.175101
0.175101
2.64713
2.64713
-2.20143
-2.20143
-7.56683
-7.56683
-10.593
1.27334
1.27334
8.7128
8.7128
-24.1126
-24.1126
-8.45712
-8.45712
-6.86499
-6.86499
-6.99829
9.18245
9.18245
9.03327
-1.63656
-1.63656
31.8972
31.8972
2.22832
2.22832
1.71262
1.71262
20.4819
20.4819
344.482
344.482
8.71382
8.71382
6.87676
6.87676
-16.4692
-16.4692
586.817
586.817
455.168
455.168
423.34
-2.7626
-2.7626
22.689
22.689
20.9381
20.9381
-3.68849
-3.68849
-4.21569
-4.21569
-4.5114
0.531731
0.531731
11.4875
11.4875
-0.328106
-0.328106
21.0036
21.0036
-6.36432
-6.36432
37.5248
37.5248
11.142
11.142
17.1052
17.1052
28.5162
28.5162
28.3477
-30.0206
-30.0206
-39.1611
-39.1611
-3.04677
-3.04677
3.24075
3.24075
2.7576
37.3364
37.3364
3.55875
3.55875
3.13518
4.03309
4.03309
5.38498
5.38498
5.22243
17.4243
17.4243
-24.447
-24.447
-24.5713
6.12303
6.12303
70.8813
70.8813
-10.7982
-10.7982
-3.18511
-3.18511
6.31665
6.31665
5.78881
71.7213
71.7213
42.4212
42.4212
-2.19647
-2.19647
-5.68788
-5.68788
1.11355
1.11355
0.694029
-0.919544
-0.919544
590.117
590.117
651.638
1.69833
1.69833
21.3064
21.3064
20.7526
107.935
107.935
17.9659
17.9659
80.3275
80.3275
61.9235
61.9235
61.7361
-1.34925
-1.34925
-1.62237
-2.41747
-2.41747
-0.2096
-0.2096
2.26646
2.26646
153.268
153.268
4.44237
4.44237
4.07112
59.6103
59.6103
59.0245
74.6055
74.6055
10.7959
10.7959
36.6877
36.6877
-11.6387
-11.6387
128.926
128.926
128.723
168.033
168.033
167.385
194.505
194.505
85.8213
85.8213
34.5813
34.5813
82.953
82.953
-23.2254
-23.2254
-1.48725
-1.48725
34.0966
34.0966
-23.6375
-23.6375
263.751
263.751
263.545
268.592
268.592
41.6893
41.6893
-43.0336
-43.0336
-43.1558
128.926
128.926
165.205
165.205
164.762
202.708
202.708
180.831
180.831
64.8646
64.8646
650.802
650.802
618.974
779.782
779.782
250.794
250.794
250.731
250.826
843.748
843.748
907.404
811.919
250.9
250.9
845.334
845.334
908.99
0.930036
0.930036
0.698592
-12.424
-12.424
3.19062
3.19062
2.86915
-3.08454
-3.08454
-2.9766
-2.9766
-3.28108
8.30355
8.30355
7.62154
20.169
20.169
-7.07052
-7.07052
-7.30197
5.90868
5.90868
4.53086
-1.7278
-1.7278
19.0026
19.0026
40.2993
40.2993
40.1245
-3.29705
-3.29705
-3.58097
87.7526
87.7526
87.3101
52.763
52.763
13.8294
13.8294
13.5651
5.97458
5.97458
221.962
221.962
221.52
252.883
252.883
252.233
242.039
242.039
241.714
158.791
158.791
153.757
153.757
153.512
115.937
115.937
115.869
120.308
120.308
2.83755
2.83755
2.57151
167.908
167.908
43.3374
43.3374
26.479
26.479
1.89078
1.89078
6.69834
6.69834
560.522
560.522
674.663
674.663
736.032
265.668
265.668
61.8328
61.8328
207.023
207.023
708.081
708.081
751.701
506.661
506.661
6.71008
6.71008
210.189
210.189
453.054
453.054
649.087
649.087
663.907
663.907
26.0761
26.0761
258.111
258.111
135.615
135.615
112.344
671.221
671.221
692.858
274.008
274.008
245.669
6.66943
6.66943
614.682
614.682
182.411
182.411
5.9029
5.9029
444.196
444.196
415.856
187.931
187.931
5.41559
5.41559
245.662
245.662
434.293
434.293
453.875
307.418
307.418
292.86
576.567
576.567
519.887
600.567
600.567
543.887
560.751
560.751
500.111
609.933
609.933
553.254
581.396
581.396
524.716
592.504
592.504
535.824
116.525
116.525
217.979
217.979
377.594
377.594
511.348
511.348
561.87
510.593
510.593
561.558
509.959
509.959
560.923
383.822
383.822
5.82502
5.82502
7.69364
7.69364
499.991
499.991
545.759
336.04
336.04
375.279
349.536
349.536
388.776
426.184
426.184
362.509
362.509
558.487
558.487
34.9949
34.9949
21.0731
21.0731
201.83
201.83
825.128
825.128
775.266
775.266
497.542
497.542
547.712
657.721
657.721
660.548
660.548
653.657
653.657
643.063
643.063
668.397
668.397
651.709
651.709
929.256
929.256
955.416
827.453
827.453
801.294
140.841
140.841
6.03764
6.03764
280.295
280.295
5.32295
5.32295
620.344
620.344
460.542
460.542
321.918
321.918
357.467
357.467
179.597
179.597
456.207
456.207
6.69861
6.69861
361.102
361.102
130.533
130.533
185.07
185.07
448.971
448.971
470.106
201.328
201.328
306.463
306.463
313.367
313.367
454.514
454.514
-75.2376
-75.2376
243.225
243.225
7.06108
7.06108
459.895
459.895
496.547
295.741
295.741
-60.2258
-60.2258
351.366
351.366
351.541
351.541
441.133
441.133
464.803
133.242
133.242
7.84173
7.84173
-48.2894
-48.2894
499.707
499.707
343.191
343.191
979.667
979.667
1031.99
7.46379
7.46379
-60.7072
-60.7072
293.222
293.222
-78.3389
-78.3389
8.1847
8.1847
454.91
454.91
7.63461
7.63461
-63.6219
-63.6219
71.0469
71.0469
7.77312
7.77312
82.9709
82.9709
112.847
112.847
174.892
174.892
504.075
504.075
478.319
8.73033
8.73033
927.359
927.359
971.516
971.516
1019.89
-49.9611
-49.9611
)
;
    }
}


// ************************************************************************* //
