/*--------------------------------*- C++ -*----------------------------------*\
  =========                 |
  \\      /  F ield         | OpenFOAM: The Open Source CFD Toolbox
   \\    /   O peration     | Website:  https://openfoam.org
    \\  /    A nd           | Version:  8
     \\/     M anipulation  |
\*---------------------------------------------------------------------------*/
FoamFile
{
    version     2.0;
    format      ascii;
    class       volScalarField;
    location    "0.75";
    object      p_rgh;
}
// * * * * * * * * * * * * * * * * * * * * * * * * * * * * * * * * * * * * * //

dimensions      [1 -1 -2 0 0 0 0];

internalField   nonuniform List<scalar> 
1924
(
103.192
-3.55943
-0.594852
-1.4447
-1.47931
-1.86569
-4.55522
-6.15824
-10.5828
-1.95006
-12.5541
-18.3198
8.55986
-19.3625
-31.6056
-26.1397
19.9275
-26.7069
640.003
-27.8586
672.283
7.20969
19.4033
-35.4936
7.02565
14.0646
6.76956
-8.26229
-0.0264507
93.6478
10.1642
6.59075
421.081
30.267
-8.22592
38.3516
6.45059
-0.664863
102.579
22.0846
6.45724
392.7
6.42812
28.4101
68.9319
0.600552
-5.19772
-2.71924
999.458
1000.16
461.791
8.75765
7.24566
563.185
1.26995
-3.7277
253.24
-3.73353
-8.71371
-1.54685
23.8813
-19.3998
500.056
106.177
230.605
-2.68115
-2.45893
14.8793
0.516687
829.098
10.2798
-16.3917
107.638
85.0192
84.3857
4.13535
4.68278
69.3878
28.6993
808.982
-51.257
3.85462
74.5537
21.2494
621.814
21.6125
-12.1986
-29.1032
999.401
18.9653
0.713931
20.0038
1.30353
3.68335
18.8798
193.464
1.15656
-48.5355
-1.96162
23.0113
2.83985
11.6525
-1.40166
11.1509
4.33549
11.2251
3.7554
8.69659
-1.26376
3.63024
-3.19298
3.46028
-1.43229
85.2659
32.4291
223.72
2.06027
-28.7382
10.6901
16.2551
748.709
997.837
989.009
19.576
-8.15386
5.21395
5.85254
60.6496
3.86032
947.163
-5.72941
3.56757
0.59908
76.8345
10.3538
5.01327
1.81189
3.22097
-37.5356
-3.42905
-8.49301
-11.2888
4.59962
637.715
1.14423
945.636
9.81197
13.5406
-0.641392
10.3291
85.5568
995.597
7.33227
2.6227
-0.117163
4.92142
1006.31
1.45994
-11.2854
57.6497
84.9098
1.96991
1.65106
988.937
93.2559
5.48011
4.81152
1013.61
15.6355
4.23554
0.825004
-1.71939
5.38219
0.964268
-3.24096
6.9063
93.2944
26.097
39.0981
0.775168
5.85927
-37.4219
58.4343
5.28419
1039.43
-6.01902
8.08292
6.50774
1.6405
73.528
11.0928
-3.99099
-17.4801
-0.811497
5.08986
985.497
14.4333
5.93464
5.74152
8.4117
701.572
-6.16668
4.36276
-5.52185
0.696011
5.86861
-1.86234
6.90869
7.28151
11.7258
977.664
4.09023
-40.8191
5.21682
20.5616
32.1204
0.447611
9.5874
-4.19408
57.4023
5.21101
60.2559
4.34312
-38.2897
-9.08041
13.4463
-22.201
-26.3132
4.40626
18.0881
12.5093
-2.63119
10.4884
29.5039
12.2794
90.0399
-51.0103
-5.45135
3.91298
973.767
-38.4164
12.1189
-52.4026
6.94114
76.6397
7.29833
-10.9111
-0.458034
56.6158
-18.869
3.99853
965.834
4.61806
3.71278
-3.01438
-45.8472
23.6308
19.4874
5.25897
-8.38603
5.55339
3.91453
2.07408
35.6915
6.57291
90.9822
825.916
11.7139
1.96085
-3.28522
18.4815
91.2526
0.46929
7.04111
-2.48792
-61.2103
-15.2993
4.98829
3.35869
18.3621
670.801
967.819
-4.01413
3.24345
705.506
72.8268
-28.5583
957.638
-9.56327
19.061
2.91581
104.351
9.25037
-60.7244
959.676
94.9865
-41.9717
7.17341
27.4497
-57.1249
955.455
2.95877
-68.9409
0.119708
-16.0522
5.67564
815.904
-69.8549
16.0975
56.7716
7.2172
32.5459
3.26801
7.87156
-14.8403
112.455
5.67492
-13.1966
2.81183
5.65254
99.6586
19.246
1.95573
95.4049
5.52604
-47.7952
19.6584
5.79046
-1.48709
-32.5311
18.8277
-1.07962
10.4901
-22.3874
66.3165
3.87785
-1.275
1.2658
1.19997
1.51872
-43.3377
90.5817
6.71503
7.27974
-46.7366
-18.6846
111.076
-5.98821
23.0293
5.70698
6.26213
51.2756
105.92
-79.1944
10.0355
-27.0227
1013.48
-14.4263
8.64109
195.572
1.69801
-67.4035
-84.3449
-2.37753
6.37649
-0.165403
6.82092
19.095
0.682657
1.13834
-87.1802
5.88207
6.35654
-48.1281
20.5693
20.7238
-58.8898
-41.1053
6.47569
-7.84921
-15.7134
-16.7268
14.7015
5.65611
19.325
-88.3869
82.6181
-0.213715
21.6318
-0.681804
100.815
7.77956
7.09314
-4.61892
-1.14753
0.446732
23.7622
6.59139
-38.8565
-23.4395
936.036
20.6418
7.62871
3.3978
1012.63
-0.757015
-80.5656
-3.1457
6.69352
12.6334
-0.280009
8.10911
-18.5198
-3.11998
-0.883848
1.40368
-65.6389
-82.1353
16.9812
-3.63174
-91.8188
19.5424
-77.1358
7.89368
6.96492
-100.592
-21.1782
110.413
7.12209
3.71031
-1.29101
-59.6157
2.50816
9.40925
-1.51055
4.93674
-103.764
913.443
-3.90939
6.43604
19.7272
21.4573
5.55664
102.924
-2.90036
25.8095
-1.55063
46.4389
5.40381
-1.97099
-44.0045
7.20358
5.16731
-44.4198
22.6316
5.05086
-101.138
-64.9015
9.51286
-16.0414
-49.7476
6.93139
52.1857
9.99998
7.93668
-3.41303
-1.51247
2.49856
-7.18343
49.3096
6.03335
8.15988
103.803
-98.9983
19.8462
-45.6864
112.343
-18.9024
-5.08055
-24.8011
-1.71745
-4.81986
-0.820696
-1.60403
7.00236
6.27211
0.842893
-46.7991
3.7881
-31.1111
920.753
1.59245
8.60002
-4.85216
-106.175
-85.4616
-12.1543
-1.45276
1.19927
97.4891
-109.882
-53.989
19.616
7.36006
7.85914
1.05839
-89.6149
21.8349
7.61959
-114.355
-29.1709
-79.3405
-1.80585
9.87816
-2.40015
-2.30747
6.8871
4.88131
-8.14767
-20.0572
9.15639
-79.8569
-63.6825
-112.788
9.12155
3.54963
88.0404
23.3882
7.09846
-0.228647
9.83883
-23.1892
7.82277
29.6567
8.4183
-3.41957
-5.03245
10.6523
52.1667
13.7327
7.52091
100.604
807.168
-16.3813
-105.861
0.669472
112.038
110.157
-2.40653
-49.5175
0.807568
-0.637217
-30.8649
8.47913
1.34101
18.653
26.1275
160.571
100.979
113.429
23.7646
9.21944
5.79843
-0.84389
7.99039
18.8131
-57.7475
-9.85536
109.063
7.58892
-99.4249
1.04601
7.30538
-1.24213
50.1026
-1.64344
29.0119
8.89533
-118.345
17.8596
7.33569
-12.4333
-11.204
-1.39993
158.037
512.903
-109.934
36.5412
-84.0466
93.7262
2.71619
8.48278
292.062
157.406
210.077
-120.582
-2.03341
-16.6149
-3.54848
9.77018
195.779
-102.406
4.82542
113.3
7.85434
-22.8791
2.63885
-52.3104
16.3668
29.9883
5.13196
-57.9663
29.6768
-36.0376
7.53982
-6.585
10.1629
12.744
156.162
109.603
-118.18
-76.7425
-12.1399
23.4632
-9.29532
100.843
23.9261
-9.44453
0.380988
37.4866
-20.244
1.17157
-25.4012
10.0635
7.90426
157.057
1.35778
106.891
0.891143
-113.981
-0.16522
-0.421741
7.66764
2.20391
1.07655
-81.8985
23.7645
-52.0624
1.36269
7.68712
8.85946
-0.528919
-1.63325
7.31047
25.0977
-0.709782
9.55064
-47.8643
2.23178
39.3551
15.8847
481.492
72.0737
-101.356
-0.769125
114.121
16.2568
-15.9897
8.45981
7.66311
7.478
-60.2364
894.436
-39.4953
-69.8922
-93.8563
-11.9498
-31.0236
277.591
25.4162
-119.098
-114.708
-4.55243
-2.66257
22.662
-10.2644
-1.37215
917.685
-124.257
94.1481
96.1195
-0.725849
-19.4573
1.63001
8.70354
-99.5176
25.1612
-21.1724
7.48599
23.7527
-77.6786
10.2236
1.98551
8.57047
155.479
1.80472
0.148028
1.88264
-122.637
7.96246
8.43251
463.004
0.0271596
916.777
2.11356
-0.768741
-0.0154845
9.38623
-89.1164
590.332
8.62731
-9.52192
-56.7673
25.5778
-24.3767
995.417
16.8905
148.44
11.7262
-115.095
-0.127867
38.7133
111.154
17.083
-2.91801
2.46688
-1.63158
1.48724
-4.5277
10.0382
153.768
-0.444515
-69.468
374.299
-21.5303
103.31
7.46365
25.7241
8.05187
-107.011
22.3434
0.88219
-15.0116
113.757
111.582
7.554
115.987
147.286
932.548
-6.70756
114.233
-0.708376
-44.0979
-93.9653
22.621
34.5752
1.83456
6.8112
27.0602
2.05666
-15.4568
1.83894
134.418
0.291247
9.01667
-120.585
7.78307
2.09146
27.2144
0.44687
11.4163
-51.2714
-12.2683
9.13483
-34.3477
106.603
-36.881
1.94428
-104.144
106.368
37.7573
8.67511
-112.573
0.217217
7.76351
-84.0336
-123.233
784.637
1.78743
8.45541
612.041
14.331
2.28857
116.123
-58.5532
-65.6395
114.722
-11.9416
0.0165863
7.25151
85.1779
-121.566
107.945
297.599
8.29338
26.4205
-2.86438
362.6
13.4152
10.1069
11.007
5.78547
-81.8761
77.8741
-0.847937
-117.309
6.06258
-1.78358
-0.121177
26.3089
-23.2237
-69.575
7.76032
1.65917
15.8565
1.86508
-40.5339
-2.1653
-102.937
1021.7
-30.2707
266.795
1.6975
2.0974
1023.16
8.7715
2.06246
4.30951
-5.72369
8.09863
-15.2062
-0.276673
35.3093
-54.4442
-18.1991
0.624805
10.4405
7.74788
320.496
8.63772
-1.76054
-69.7085
0.552165
117.17
12.1452
0.400944
493.86
4.04333
28.3062
37.431
-94.7665
8.42125
31.2947
-11.7692
6.91561
117.649
-62.0776
33.2799
1007.35
1.62255
116.138
8.37443
-3.5384
112.763
0.996111
9.67826
0.310442
-32.0501
-0.335413
-0.937237
5.5011
-79.1985
539.828
-43.4333
-109.171
-113.819
-118.769
-10.8464
13.084
-33.448
26.2934
108.908
7.89233
277.323
1.96557
8.4601
-93.3117
46.8621
1.44996
-82.3343
1.62077
117.206
-119.082
515.656
452.92
0.126164
41.7454
2.14036
7.63173
-46.0625
50.0158
-26.9585
3.8478
921.848
-111.329
32.3479
-71.3616
0.355567
-18.4881
1.29158
6.28512
-7.77538
4.39258
13.9488
0.687903
9.96033
-2.11808
7.54577
1.17574
0.0391846
-57.083
794.042
-105.058
785.233
291.914
0.816246
4.76588
0.618467
28.5116
-16.1434
11.1491
3.57244
109.461
8.11082
-0.815524
490.609
13.5674
555.306
27.5704
-2.72509
264.578
-92.0894
8.15304
-29.5998
482.087
0.448595
-53.9341
3.14846
1.69583
205.427
-61.8965
7.88574
-27.6825
1.8926
-36.3297
116.825
1.00254
1.35461
-0.26008
10.725
-12.3261
1.25025
17.5554
7.39124
2.80288
0.0179522
3.56664
151.933
116.186
13.2369
8.46401
0.327216
-85.7198
6.18531
7.86671
-56.0969
10.4641
-0.700572
-1.14229
34.2699
4.51291
55.1922
10.906
-2.09481
8.13682
10.6658
-22.9871
-40.4526
-104.543
315.575
5.32116
50.9346
-5.53502
0.899523
-107.254
-109.185
0.870484
1.04162
8.0769
3.10584
-83.9548
-33.4215
-92.9787
972.593
-57.0641
-71.7742
0.736879
7.67575
0.185034
63.3159
99.8417
128.456
11.4747
-105.605
-0.177226
584.09
525.666
6.6112
-41.0104
106.79
3.24219
20.6887
-18.1406
-33.7142
0.0767127
-3.30347
2.48295
-97.4872
1.37031
1.53212
0.628381
5.43155
-58.4957
27.2821
4.7253
-43.8405
-25.4273
2.61503
-47.7086
0.123555
17.5179
1.13894
25.3232
11.7699
116.755
27.6543
-64.4233
-29.3651
3.54352
-92.0618
252.324
-10.1725
98.1361
8.75729
11.8317
1.0709
0.391166
466.131
-1.3742
12.8287
3.21555
122.501
0.992557
13.9814
1068.74
55.2538
16.6299
-92.9041
1.01148
-6.72464
0.984977
14.0124
-0.506416
127.116
119.389
3.50259
0.952932
-23.9341
-33.8528
0.213739
50.0536
18.1657
11.024
12.175
132.9
1.71969
246.538
28.1276
1.14424
0.153718
2.26476
50.938
0.326075
335.595
322.336
-22.6505
41.229
3.81192
-78.6706
13.1657
3.02764
1.04441
53.3289
-2.23518
-83.3257
-93.8771
11.1934
0.744561
15.3252
-0.87297
-98.3171
-0.446385
0.274625
-14.481
19.2066
17.5682
3.31971
-94.5912
-93.6888
481.833
16.7739
-1.34934
302.463
539.854
25.9532
11.3875
-36.6446
3.24668
11.7025
117.921
1090.58
0.550943
-90.655
-10.9391
0.264751
-28.0644
-59.2619
31.398
0.0788848
223.898
1.10847
0.955431
333.555
-65.9564
3.56457
630.462
291.101
1.16586
-67.4545
12.3747
-49.0168
19.0654
17.3984
176.891
-27.9398
0.344376
1.16204
226.362
60.8015
0.527235
0.447774
33.8558
-4.47989
14.0014
0.95205
9.27298
620.415
4.07486
1.06857
2.00868
-48.2415
8.79887
1.25784
119.368
116.975
0.29083
932.277
2.25542
8.78975
32.2141
0.0316814
-18.3315
1.06306
9.91775
0.123553
9.06867
2.82664
919.516
-50.9393
0.824286
8.87792
-29.4956
48.3312
-2.89461
7.01564
523.426
-0.443655
8.57176
-65.9438
1002.41
997.164
0.764008
3.02182
7.8228
276.688
-14.4192
38.6494
27.543
248.194
-63.976
-69.9333
3.44481
0.766539
-51.0911
0.868974
1.56874
0.448761
9.71647
-0.18101
11.3686
-33.8234
0.967985
0.655204
498.696
530.604
-7.78662
7.06415
1.40013
10.5755
102.358
1.11529
10.7227
1.16086
10.9247
0.428846
117.009
-78.1427
801.127
937.585
1.48924
0.892414
10.1194
453.909
899.316
3.86121
97.7422
6.8485
9.0281
11.7171
-43.4052
1.91588
-79.1699
376.566
174.571
-90.4031
2.05414
-5.11621
2.44261
12.0336
171.448
382.006
-0.434837
2.31707
562.234
1.24239
-92.1904
0.610048
-1.74788
1.42716
2.35134
1.28687
8.59706
0.831205
923.057
0.269082
38.9036
1.45739
-0.525147
0.714748
4.74188
122.22
0.48168
2.87819
928.038
-20.496
1.32376
-91.546
-0.443956
124.805
11.3622
2.02211
1.35254
151.172
830.841
3.11015
-39.1961
47.1214
311.877
0.855155
1.1715
416.415
1.78725
0.561572
1.49377
5.95192
1.24929
119.162
2.60895
-34.6595
19.9584
-0.653479
-16.8065
4.77735
1.55532
0.515506
52.6971
-51.5857
43.1844
-9.97255
-63.5903
-5.96301
927.965
11.6419
3.55967
655.962
1.9925
1.04092
192.451
-1.29135
4.38259
2.27938
-31.9735
597.848
-51.5368
7.35867
1.26926
7.95573
1017.63
856.805
526
922.445
0.27392
531.315
2.25295
-3.08465
0.489494
-1.27898
-1.68851
2.06735
418.972
0.58515
117.162
117.85
-7.50892
1.97731
918.72
-44.8836
0.23672
619.592
1.62236
616.549
344.308
541.675
0.319909
530.84
920.544
896.804
441.572
-19.2585
930.185
-1.23157
2.082
120.274
596.121
3.01918
680.543
-55.7142
890.449
647.297
4.68418
996.074
21.8557
4.41283
944.436
-47.2378
203.95
0.00814647
310.819
-0.522842
-0.140482
3.14129
2.34696
2.46316
1.80724
18.635
2.00848
673.768
2.1107
848.147
-1.94287
-25.9643
1.11316
88.3788
6.69803
602.351
921.759
421.252
-28.0148
-23.9063
2.47238
3.71434
-2.71333
541.724
-2.25681
1.17442
-85.3636
-30.7865
-0.195631
559.235
9.05637
-72.7701
7.79053
1.99215
0.951311
2.9968
739.991
-0.0267975
1.14309
838.135
-0.619592
-16.5529
-138.23
2.06233
-16.5064
-2.68165
510.153
2.37604
-1.04914
1.50969
897.011
1.2977
3.74863
2.46245
3.00678
117.08
-0.531197
-78.8127
-1.11131
-10.6452
2.12265
3.89024
905.913
-4.12277
908.525
-8.49821
624.205
-1.51849
935.556
43.2439
29.737
-5.32657
1.17817
923.677
-0.232912
-4.42793
912.428
541.94
546.773
882.679
3.34732
-12.9887
-21.7327
904.388
-10.3163
-5.93231
829.143
1.89357
553.989
2.73641
-1.82902
-1.35189
0.735095
1.61646
552.143
-46.0402
533.44
3.92599
-2.76032
-21.1864
-2.48434
906.297
724.107
1.45036
852.115
662.743
4.10871
573.756
3.76809
-0.422666
588.074
1.01546
25.7541
666.706
0.905844
-2.77079
734.183
713.596
587.25
-1.20338
17.2639
2.2151
0.253434
2.55684
0.407708
1.61993
259.382
880.565
867.289
430.168
0.888194
-3.21568
5.07957
24.1083
0.313466
915.484
20.7578
-6.36495
4.86686
25.8538
693.678
373.767
899.841
512.332
23.7965
4.11937
534.111
-9.04233
4.28625
3.10581
4.86451
-6.24271
819.537
931.704
-5.38517
5.44639
1003.96
-2.85321
348.125
-0.0270007
3.45111
928.657
-4.66669
35.411
19.7675
374.403
-28.4204
-4.05704
4.30098
5.57813
-13.3487
5.74533
-0.931249
-8.83123
-7.14624
898.466
-4.25674
10.6996
0.711755
781.237
-1.34913
554.994
-7.40883
867.656
301.498
901.554
7.17496
-11.7395
2.35187
7.15376
30.3556
6.96992
921.392
600.28
-52.4592
2.04545
-2.08685
0.360183
-11.4546
0.0534789
5.42967
22.074
0.631204
-179.98
-49.125
-52.9924
805.021
1.83904
16.1087
5.31428
-8.78178
1.42992
0.780801
5.52685
1.57976
907.935
-3.81793
552.016
760.751
-2.07557
24.5758
563.154
2.36163
6.69102
7.37155
37.9968
-15.608
23.7237
19.3382
-1.51608
-7.27162
21.4523
33.6845
-3.54248
27.4635
-15.6197
3.18946
892.212
14.0861
1.50153
11.4146
-1.5014
-0.229318
2.11905
761.081
653.061
1.67405
906.15
1.29836
8.79474
16.0203
8.88418
5.55498
6.86788
23.6001
17.4548
2.42756
-15.8439
9.52123
-2.78075
20.0443
909.939
915.161
7.72757
1.9055
23.7966
644.94
7.04654
38.203
12.2202
6.28474
2.53764
42.4497
8.21211
147.412
361.622
9.21389
23.5042
-12.5383
-3.40132
11.797
30.9628
2.47277
57.7146
34.5233
48.1659
46.721
654.895
19.8941
12.2757
-11.1347
905.097
900.76
2.62791
30.5364
26.0868
21.2318
22.1017
5.8699
16.6416
5.14754
26.2479
-1.86716
43.1499
16.3706
65.5643
54.1182
-24.3625
-23.305
1.25518
46.2411
42.6914
41.2558
17.2648
19.8518
22.8839
-7.7858
11.4499
100.848
-0.300939
2.34784
53.2935
123.208
58.6476
46.2995
32.9073
59.8459
4.55507
651.638
7.16852
70.593
163.631
24.5217
104.893
91.5291
22.9581
21.5509
23.1575
30.3813
187.499
37.4828
111.746
92.7552
16.2673
42.1426
-6.4197
162.224
225.687
251.666
133.362
41.2594
105.465
-17.6401
4.04989
39.722
-17.7981
298.884
304.161
59.9291
-27.3925
167.975
204.629
241.565
217.36
100.17
905.426
907.094
256.46
907.404
287.192
908.99
36.1107
23.2195
31.8011
25.5283
41.4766
99.6965
34.8829
29.4989
182.267
71.0488
33.2843
55.8591
21.9715
127.134
75.9346
37.3479
29.2338
261.26
310.693
299.2
214.523
195.272
126.983
131.489
26.5147
205.875
45.2393
33.887
7.5321
12.3032
684.32
736.032
906.778
703.623
941.661
751.701
745.47
11.8621
214.367
752.991
736.196
1028.33
28.0857
930.63
831.946
758.811
951.967
8.56899
1027.47
812.418
9.78148
952.136
889.288
7.87849
919.437
505.085
446.491
971.147
995.147
951.37
1004.51
975.976
987.084
234.467
952.616
942.214
1095
1094.68
1094.04
948.438
7.6255
9.57928
996.606
846.157
859.654
937.258
927.801
949.107
396.871
23.3468
1097.72
1028.64
1035.05
1018.36
968.67
998.448
960.644
980.963
1006.3
989.609
1033.9
1036.73
734.568
11.5624
1085.06
8.43772
1017.51
1095.16
877.348
1092.06
957.938
1055.59
18.6218
1061.94
965.271
846.856
1092.72
986.235
1098.68
949.654
999.24
-69.2503
930.937
19.3084
496.547
1069.03
-54.1733
1095.28
906.512
1010.63
857.716
19.8241
-45.2568
1016.65
979.022
1031.99
20.0244
-54.931
987.043
-72.2356
19.3214
1021.99
19.2371
-57.6338
416.238
14.4313
463.149
541.967
1029.91
1014.6
19.9756
1028.05
1019.89
-45.4095
)
;

boundaryField
{
    patch0
    {
        type            fixedFluxPressure;
        gradient        uniform 0;
        value           nonuniform List<scalar> 
4010
(
103.192
103.192
-3.55943
-3.55943
-0.594852
-0.594852
-1.4447
-1.4447
-1.47931
-1.47931
-1.86569
-1.86569
-4.55522
-4.55522
-6.15824
-6.15824
-10.5828
-10.5828
-1.95006
-1.95006
-12.5541
-12.5541
-18.3198
-18.3198
8.55986
8.55986
-19.3625
-19.3625
-31.6056
-31.6056
-26.1397
-26.1397
19.9275
19.9275
-26.7069
-26.7069
640.003
640.003
-27.8586
-27.8586
672.283
672.283
7.20969
7.20969
19.4033
19.4033
-35.4936
-35.4936
7.02565
7.02565
14.0646
14.0646
6.76956
6.76956
-8.26229
-8.26229
-0.0264507
-0.0264507
93.6478
93.6478
10.1642
10.1642
6.59075
6.59075
421.081
421.081
30.267
30.267
-8.22592
-8.22592
38.3516
38.3516
6.45059
6.45059
-0.664863
-0.664863
102.579
102.579
22.0846
22.0846
6.45724
6.45724
392.7
392.7
6.42812
6.42812
28.4101
28.4101
68.9319
68.9319
0.600552
0.600552
-5.19772
-5.19772
-2.71924
-2.71924
999.458
999.458
1000.16
1000.16
461.791
461.791
8.75765
8.75765
7.24566
7.24566
563.185
563.185
1.26995
1.26995
-3.7277
-3.7277
253.24
253.24
-3.73353
-3.73353
-8.71371
-8.71371
-1.54685
-1.54685
23.8813
23.8813
-19.3998
-19.3998
500.056
500.056
106.177
106.177
230.605
230.605
-2.68115
-2.68115
-2.45893
-2.45893
14.8793
14.8793
0.516687
0.516687
829.098
829.098
10.2798
10.2798
-16.3917
-16.3917
107.638
107.638
85.0192
85.0192
84.3857
84.3857
4.13535
4.13535
4.68278
4.68278
69.3878
69.3878
28.6993
28.6993
808.982
808.982
-51.257
-51.257
3.85462
3.85462
74.5537
74.5537
21.2494
21.2494
621.814
621.814
21.6125
21.6125
-12.1986
-12.1986
-29.1032
-29.1032
999.401
999.401
18.9653
18.9653
0.713931
0.713931
20.0038
20.0038
1.30353
1.30353
3.68335
3.68335
18.8798
18.8798
193.464
193.464
1.15656
1.15656
-48.5355
-48.5355
-1.96162
-1.96162
23.0113
23.0113
2.83985
2.83985
11.6525
11.6525
-1.40166
-1.40166
11.1509
11.1509
4.33549
4.33549
11.2251
11.2251
3.7554
3.7554
8.69659
8.69659
-1.26376
-1.26376
3.63024
3.63024
-3.19298
-3.19298
3.46028
3.46028
-1.43229
-1.43229
85.2659
85.2659
32.4291
32.4291
223.72
223.72
2.06027
2.06027
-28.7382
-28.7382
10.6901
10.6901
16.2551
16.2551
748.709
748.709
997.837
997.837
989.009
989.009
19.576
19.576
-8.15386
-8.15386
5.21395
5.21395
5.85254
5.85254
60.6496
60.6496
3.86032
3.86032
947.163
947.163
-5.72941
-5.72941
3.56757
3.56757
0.59908
0.59908
76.8345
76.8345
10.3538
10.3538
5.01327
5.01327
1.81189
1.81189
3.22097
3.22097
-37.5356
-37.5356
-3.42905
-3.42905
-8.49301
-8.49301
-11.2888
-11.2888
4.59962
4.59962
4.59962
637.715
637.715
637.715
1.14423
1.14423
945.636
945.636
9.81197
9.81197
13.5406
13.5406
-0.641392
-0.641392
10.3291
10.3291
85.5568
85.5568
995.597
995.597
995.597
7.33227
7.33227
2.6227
2.6227
-0.117163
-0.117163
4.92142
4.92142
1006.31
1006.31
1.45994
1.45994
-11.2854
-11.2854
57.6497
57.6497
84.9098
84.9098
1.96991
1.96991
1.65106
1.65106
988.937
988.937
93.2559
93.2559
5.48011
5.48011
4.81152
4.81152
1013.61
1013.61
15.6355
15.6355
4.23554
4.23554
0.825004
0.825004
-1.71939
-1.71939
5.38219
5.38219
0.964268
0.964268
-3.24096
-3.24096
6.9063
6.9063
93.2944
93.2944
26.097
26.097
39.0981
39.0981
0.775168
0.775168
5.85927
5.85927
-37.4219
-37.4219
58.4343
58.4343
5.28419
5.28419
1039.43
1039.43
-6.01902
-6.01902
8.08292
8.08292
6.50774
6.50774
1.6405
1.6405
73.528
73.528
11.0928
11.0928
-3.99099
-3.99099
-17.4801
-17.4801
-0.811497
-0.811497
5.08986
5.08986
985.497
985.497
985.497
14.4333
14.4333
5.93464
5.93464
5.74152
5.74152
8.4117
8.4117
701.572
701.572
-6.16668
-6.16668
4.36276
4.36276
-5.52185
-5.52185
0.696011
0.696011
5.86861
5.86861
-1.86234
-1.86234
6.90869
6.90869
7.28151
7.28151
11.7258
11.7258
11.7258
977.664
977.664
4.09023
4.09023
-40.8191
-40.8191
5.21682
5.21682
20.5616
20.5616
32.1204
32.1204
0.447611
0.447611
9.5874
9.5874
-4.19408
-4.19408
57.4023
57.4023
5.21101
5.21101
60.2559
60.2559
4.34312
4.34312
-38.2897
-38.2897
-9.08041
-9.08041
13.4463
13.4463
-22.201
-22.201
-26.3132
-26.3132
4.40626
4.40626
18.0881
18.0881
12.5093
12.5093
-2.63119
-2.63119
10.4884
10.4884
29.5039
29.5039
12.2794
12.2794
90.0399
90.0399
90.0399
-51.0103
-51.0103
-5.45135
-5.45135
3.91298
3.91298
973.767
973.767
973.767
-38.4164
-38.4164
12.1189
12.1189
-52.4026
-52.4026
6.94114
6.94114
76.6397
76.6397
7.29833
7.29833
-10.9111
-10.9111
-0.458034
-0.458034
56.6158
56.6158
-18.869
-18.869
3.99853
3.99853
965.834
965.834
4.61806
4.61806
3.71278
3.71278
-3.01438
-3.01438
-45.8472
-45.8472
23.6308
23.6308
19.4874
19.4874
5.25897
5.25897
-8.38603
-8.38603
5.55339
5.55339
3.91453
3.91453
2.07408
2.07408
35.6915
35.6915
6.57291
6.57291
90.9822
90.9822
825.916
825.916
11.7139
11.7139
1.96085
1.96085
-3.28522
-3.28522
18.4815
18.4815
91.2526
91.2526
0.46929
0.46929
7.04111
7.04111
-2.48792
-2.48792
-61.2103
-61.2103
-15.2993
-15.2993
4.98829
4.98829
3.35869
3.35869
18.3621
18.3621
670.801
670.801
967.819
967.819
967.819
-4.01413
-4.01413
3.24345
3.24345
705.506
705.506
72.8268
72.8268
-28.5583
-28.5583
957.638
957.638
-9.56327
-9.56327
19.061
19.061
2.91581
2.91581
104.351
104.351
9.25037
9.25037
-60.7244
-60.7244
959.676
959.676
94.9865
94.9865
-41.9717
-41.9717
7.17341
7.17341
27.4497
27.4497
-57.1249
-57.1249
955.455
955.455
955.455
2.95877
2.95877
-68.9409
-68.9409
0.119708
0.119708
-16.0522
-16.0522
5.67564
5.67564
815.904
815.904
-69.8549
-69.8549
16.0975
16.0975
56.7716
56.7716
7.2172
7.2172
32.5459
32.5459
3.26801
3.26801
7.87156
7.87156
-14.8403
-14.8403
112.455
112.455
5.67492
5.67492
-13.1966
-13.1966
2.81183
2.81183
5.65254
5.65254
99.6586
99.6586
19.246
19.246
1.95573
1.95573
95.4049
95.4049
5.52604
5.52604
-47.7952
-47.7952
19.6584
19.6584
5.79046
5.79046
-1.48709
-1.48709
-32.5311
-32.5311
18.8277
18.8277
-1.07962
-1.07962
10.4901
10.4901
-22.3874
-22.3874
66.3165
66.3165
3.87785
3.87785
-1.275
-1.275
1.2658
1.2658
1.19997
1.19997
1.51872
1.51872
-43.3377
-43.3377
90.5817
90.5817
6.71503
6.71503
7.27974
7.27974
-46.7366
-46.7366
-18.6846
-18.6846
111.076
111.076
-5.98821
-5.98821
23.0293
23.0293
5.70698
5.70698
6.26213
6.26213
51.2756
51.2756
105.92
105.92
-79.1944
-79.1944
10.0355
10.0355
-27.0227
-27.0227
1013.48
1013.48
-14.4263
-14.4263
8.64109
8.64109
195.572
195.572
1.69801
1.69801
-67.4035
-67.4035
-84.3449
-84.3449
-2.37753
-2.37753
6.37649
6.37649
-0.165403
-0.165403
6.82092
6.82092
19.095
19.095
0.682657
0.682657
1.13834
1.13834
-87.1802
-87.1802
5.88207
5.88207
6.35654
6.35654
-48.1281
-48.1281
20.5693
20.5693
20.7238
20.7238
-58.8898
-58.8898
-41.1053
-41.1053
6.47569
6.47569
-7.84921
-7.84921
-15.7134
-15.7134
-16.7268
-16.7268
14.7015
14.7015
5.65611
5.65611
19.325
19.325
-88.3869
-88.3869
82.6181
82.6181
-0.213715
-0.213715
21.6318
21.6318
-0.681804
-0.681804
100.815
100.815
7.77956
7.77956
7.09314
7.09314
-4.61892
-4.61892
-1.14753
-1.14753
0.446732
0.446732
0.446732
23.7622
23.7622
6.59139
6.59139
-38.8565
-38.8565
-23.4395
-23.4395
936.036
936.036
20.6418
20.6418
7.62871
7.62871
3.3978
3.3978
1012.63
1012.63
1012.63
-0.757015
-0.757015
-80.5656
-80.5656
-3.1457
-3.1457
6.69352
6.69352
12.6334
12.6334
-0.280009
-0.280009
8.10911
8.10911
-18.5198
-18.5198
-3.11998
-3.11998
-0.883848
-0.883848
1.40368
1.40368
-65.6389
-65.6389
-82.1353
-82.1353
16.9812
16.9812
-3.63174
-3.63174
-91.8188
-91.8188
19.5424
19.5424
-77.1358
-77.1358
7.89368
7.89368
6.96492
6.96492
-100.592
-100.592
-21.1782
-21.1782
110.413
110.413
7.12209
7.12209
3.71031
3.71031
-1.29101
-1.29101
-59.6157
-59.6157
2.50816
2.50816
9.40925
9.40925
-1.51055
-1.51055
4.93674
4.93674
-103.764
-103.764
913.443
913.443
-3.90939
-3.90939
6.43604
6.43604
19.7272
19.7272
21.4573
21.4573
5.55664
5.55664
102.924
102.924
-2.90036
-2.90036
25.8095
25.8095
25.8095
-1.55063
-1.55063
46.4389
46.4389
5.40381
5.40381
-1.97099
-1.97099
-44.0045
-44.0045
7.20358
7.20358
5.16731
5.16731
-44.4198
-44.4198
22.6316
22.6316
5.05086
5.05086
-101.138
-101.138
-64.9015
-64.9015
9.51286
9.51286
-16.0414
-16.0414
-49.7476
-49.7476
6.93139
6.93139
52.1857
52.1857
9.99998
9.99998
7.93668
7.93668
-3.41303
-3.41303
-1.51247
-1.51247
2.49856
2.49856
-7.18343
-7.18343
49.3096
49.3096
6.03335
6.03335
8.15988
8.15988
103.803
103.803
-98.9983
-98.9983
19.8462
19.8462
-45.6864
-45.6864
112.343
112.343
-18.9024
-18.9024
-5.08055
-5.08055
-24.8011
-24.8011
-1.71745
-1.71745
-4.81986
-4.81986
-0.820696
-0.820696
-1.60403
-1.60403
7.00236
7.00236
6.27211
6.27211
0.842893
0.842893
-46.7991
-46.7991
3.7881
3.7881
-31.1111
-31.1111
920.753
920.753
1.59245
1.59245
8.60002
8.60002
-4.85216
-4.85216
-106.175
-106.175
-85.4616
-85.4616
-12.1543
-12.1543
-1.45276
-1.45276
1.19927
1.19927
97.4891
97.4891
-109.882
-109.882
-53.989
-53.989
19.616
19.616
7.36006
7.36006
7.85914
7.85914
1.05839
1.05839
-89.6149
-89.6149
21.8349
21.8349
7.61959
7.61959
-114.355
-114.355
-29.1709
-29.1709
-79.3405
-79.3405
-1.80585
-1.80585
9.87816
9.87816
-2.40015
-2.40015
-2.30747
-2.30747
6.8871
6.8871
4.88131
4.88131
-8.14767
-8.14767
-20.0572
-20.0572
9.15639
9.15639
-79.8569
-79.8569
-63.6825
-63.6825
-112.788
-112.788
9.12155
9.12155
3.54963
3.54963
88.0404
88.0404
23.3882
23.3882
7.09846
7.09846
-0.228647
-0.228647
9.83883
9.83883
-23.1892
-23.1892
7.82277
7.82277
29.6567
29.6567
8.4183
8.4183
-3.41957
-3.41957
-5.03245
-5.03245
10.6523
10.6523
52.1667
52.1667
13.7327
13.7327
7.52091
7.52091
100.604
100.604
807.168
807.168
-16.3813
-16.3813
-105.861
-105.861
0.669472
0.669472
112.038
112.038
110.157
110.157
-2.40653
-2.40653
-49.5175
-49.5175
0.807568
0.807568
-0.637217
-0.637217
-30.8649
-30.8649
8.47913
8.47913
1.34101
1.34101
18.653
18.653
26.1275
26.1275
160.571
160.571
100.979
100.979
113.429
113.429
23.7646
23.7646
9.21944
9.21944
5.79843
5.79843
-0.84389
-0.84389
7.99039
7.99039
18.8131
18.8131
-57.7475
-57.7475
-9.85536
-9.85536
109.063
109.063
7.58892
7.58892
-99.4249
-99.4249
1.04601
1.04601
7.30538
7.30538
-1.24213
-1.24213
50.1026
50.1026
-1.64344
-1.64344
29.0119
29.0119
8.89533
8.89533
-118.345
-118.345
17.8596
17.8596
7.33569
7.33569
-12.4333
-12.4333
-11.204
-11.204
-1.39993
-1.39993
158.037
158.037
512.903
512.903
-109.934
-109.934
36.5412
36.5412
-84.0466
-84.0466
93.7262
93.7262
2.71619
2.71619
8.48278
8.48278
292.062
292.062
157.406
157.406
210.077
210.077
-120.582
-120.582
-2.03341
-2.03341
-16.6149
-16.6149
-3.54848
-3.54848
9.77018
9.77018
195.779
195.779
-102.406
-102.406
4.82542
4.82542
113.3
113.3
7.85434
7.85434
-22.8791
-22.8791
2.63885
2.63885
-52.3104
-52.3104
16.3668
16.3668
29.9883
29.9883
5.13196
5.13196
-57.9663
-57.9663
29.6768
29.6768
-36.0376
-36.0376
7.53982
7.53982
-6.585
-6.585
10.1629
10.1629
12.744
12.744
156.162
156.162
109.603
109.603
-118.18
-118.18
-76.7425
-76.7425
-12.1399
-12.1399
23.4632
23.4632
-9.29532
-9.29532
100.843
100.843
23.9261
23.9261
-9.44453
-9.44453
0.380988
0.380988
37.4866
37.4866
-20.244
-20.244
1.17157
1.17157
-25.4012
-25.4012
10.0635
10.0635
7.90426
7.90426
157.057
157.057
1.35778
1.35778
106.891
106.891
0.891143
0.891143
-113.981
-113.981
-0.16522
-0.16522
-0.421741
-0.421741
7.66764
7.66764
2.20391
2.20391
1.07655
1.07655
-81.8985
-81.8985
23.7645
23.7645
-52.0624
-52.0624
1.36269
1.36269
7.68712
7.68712
8.85946
8.85946
-0.528919
-0.528919
-1.63325
-1.63325
7.31047
7.31047
25.0977
25.0977
-0.709782
-0.709782
9.55064
9.55064
-47.8643
-47.8643
2.23178
2.23178
39.3551
39.3551
15.8847
15.8847
481.492
481.492
72.0737
72.0737
-101.356
-101.356
-0.769125
-0.769125
114.121
114.121
16.2568
16.2568
-15.9897
-15.9897
8.45981
8.45981
7.66311
7.66311
7.478
7.478
-60.2364
-60.2364
894.436
894.436
-39.4953
-39.4953
-69.8922
-69.8922
-93.8563
-93.8563
-11.9498
-11.9498
-31.0236
-31.0236
277.591
277.591
25.4162
25.4162
-119.098
-119.098
-114.708
-114.708
-4.55243
-4.55243
-2.66257
-2.66257
22.662
22.662
-10.2644
-10.2644
-1.37215
-1.37215
917.685
917.685
-124.257
-124.257
94.1481
94.1481
96.1195
96.1195
-0.725849
-0.725849
-19.4573
-19.4573
1.63001
1.63001
8.70354
8.70354
-99.5176
-99.5176
25.1612
25.1612
-21.1724
-21.1724
7.48599
7.48599
23.7527
23.7527
-77.6786
-77.6786
10.2236
10.2236
1.98551
1.98551
8.57047
8.57047
155.479
155.479
1.80472
1.80472
0.148028
0.148028
1.88264
1.88264
-122.637
-122.637
7.96246
7.96246
8.43251
8.43251
463.004
463.004
0.0271596
0.0271596
916.777
916.777
2.11356
2.11356
-0.768741
-0.768741
-0.0154845
-0.0154845
9.38623
9.38623
-89.1164
-89.1164
590.332
590.332
8.62731
8.62731
-9.52192
-9.52192
-56.7673
-56.7673
25.5778
25.5778
-24.3767
-24.3767
995.417
995.417
16.8905
16.8905
16.8905
148.44
148.44
11.7262
11.7262
-115.095
-115.095
-0.127867
-0.127867
38.7133
38.7133
111.154
111.154
17.083
17.083
-2.91801
-2.91801
2.46688
2.46688
-1.63158
-1.63158
1.48724
1.48724
-4.5277
-4.5277
10.0382
10.0382
153.768
153.768
-0.444515
-0.444515
-69.468
-69.468
374.299
374.299
-21.5303
-21.5303
103.31
103.31
7.46365
7.46365
25.7241
25.7241
8.05187
8.05187
-107.011
-107.011
22.3434
22.3434
0.88219
0.88219
-15.0116
-15.0116
113.757
113.757
111.582
111.582
7.554
7.554
115.987
115.987
147.286
147.286
932.548
932.548
-6.70756
-6.70756
114.233
114.233
-0.708376
-0.708376
-44.0979
-44.0979
-93.9653
-93.9653
22.621
22.621
34.5752
34.5752
1.83456
1.83456
6.8112
6.8112
27.0602
27.0602
2.05666
2.05666
-15.4568
-15.4568
1.83894
1.83894
134.418
134.418
0.291247
0.291247
9.01667
9.01667
-120.585
-120.585
7.78307
7.78307
2.09146
2.09146
27.2144
27.2144
0.44687
0.44687
11.4163
11.4163
-51.2714
-51.2714
-12.2683
-12.2683
9.13483
9.13483
-34.3477
-34.3477
106.603
106.603
-36.881
-36.881
1.94428
1.94428
-104.144
-104.144
106.368
106.368
37.7573
37.7573
8.67511
8.67511
-112.573
-112.573
0.217217
0.217217
7.76351
7.76351
-84.0336
-84.0336
-123.233
-123.233
784.637
784.637
1.78743
1.78743
8.45541
8.45541
612.041
612.041
14.331
14.331
2.28857
2.28857
116.123
116.123
-58.5532
-58.5532
-65.6395
-65.6395
114.722
114.722
-11.9416
-11.9416
0.0165863
0.0165863
7.25151
7.25151
85.1779
85.1779
-121.566
-121.566
107.945
107.945
297.599
297.599
8.29338
8.29338
26.4205
26.4205
-2.86438
-2.86438
362.6
362.6
13.4152
13.4152
10.1069
10.1069
11.007
11.007
5.78547
5.78547
-81.8761
-81.8761
77.8741
77.8741
-0.847937
-0.847937
-117.309
-117.309
6.06258
6.06258
-1.78358
-1.78358
-0.121177
-0.121177
26.3089
26.3089
-23.2237
-23.2237
-69.575
-69.575
7.76032
7.76032
1.65917
1.65917
15.8565
15.8565
1.86508
1.86508
-40.5339
-40.5339
-2.1653
-2.1653
-102.937
-102.937
1021.7
1021.7
1021.7
-30.2707
-30.2707
266.795
266.795
1.6975
1.6975
2.0974
2.0974
1023.16
1023.16
8.7715
8.7715
2.06246
2.06246
4.30951
4.30951
-5.72369
-5.72369
8.09863
8.09863
-15.2062
-15.2062
-0.276673
-0.276673
35.3093
35.3093
-54.4442
-54.4442
-18.1991
-18.1991
0.624805
0.624805
10.4405
10.4405
7.74788
7.74788
320.496
320.496
8.63772
8.63772
-1.76054
-1.76054
-69.7085
-69.7085
0.552165
0.552165
117.17
117.17
12.1452
12.1452
0.400944
0.400944
493.86
493.86
4.04333
4.04333
28.3062
28.3062
37.431
37.431
-94.7665
-94.7665
8.42125
8.42125
31.2947
31.2947
-11.7692
-11.7692
6.91561
6.91561
117.649
117.649
-62.0776
-62.0776
33.2799
33.2799
1007.35
1007.35
1.62255
1.62255
116.138
116.138
8.37443
8.37443
-3.5384
-3.5384
112.763
112.763
0.996111
0.996111
9.67826
9.67826
0.310442
0.310442
-32.0501
-32.0501
-0.335413
-0.335413
-0.937237
-0.937237
5.5011
5.5011
-79.1985
-79.1985
539.828
539.828
-43.4333
-43.4333
-109.171
-109.171
-113.819
-113.819
-118.769
-118.769
-10.8464
-10.8464
13.084
13.084
-33.448
-33.448
26.2934
26.2934
108.908
108.908
7.89233
7.89233
277.323
277.323
1.96557
1.96557
8.4601
8.4601
-93.3117
-93.3117
46.8621
46.8621
1.44996
1.44996
-82.3343
-82.3343
1.62077
1.62077
117.206
117.206
-119.082
-119.082
515.656
515.656
515.656
452.92
452.92
0.126164
0.126164
41.7454
41.7454
2.14036
2.14036
7.63173
7.63173
-46.0625
-46.0625
50.0158
50.0158
-26.9585
-26.9585
3.8478
3.8478
921.848
921.848
-111.329
-111.329
32.3479
32.3479
-71.3616
-71.3616
0.355567
0.355567
-18.4881
-18.4881
1.29158
1.29158
6.28512
6.28512
-7.77538
-7.77538
4.39258
4.39258
13.9488
13.9488
0.687903
0.687903
9.96033
9.96033
-2.11808
-2.11808
7.54577
7.54577
1.17574
1.17574
0.0391846
0.0391846
-57.083
-57.083
794.042
794.042
-105.058
-105.058
785.233
785.233
291.914
291.914
0.816246
0.816246
4.76588
4.76588
0.618467
0.618467
28.5116
28.5116
-16.1434
-16.1434
11.1491
11.1491
3.57244
3.57244
109.461
109.461
109.461
8.11082
8.11082
-0.815524
-0.815524
490.609
490.609
490.609
13.5674
13.5674
555.306
555.306
555.306
27.5704
27.5704
-2.72509
-2.72509
264.578
264.578
-92.0894
-92.0894
8.15304
8.15304
-29.5998
-29.5998
482.087
482.087
0.448595
0.448595
-53.9341
-53.9341
3.14846
3.14846
1.69583
1.69583
205.427
205.427
-61.8965
-61.8965
7.88574
7.88574
-27.6825
-27.6825
1.8926
1.8926
-36.3297
-36.3297
116.825
116.825
1.00254
1.00254
1.35461
1.35461
-0.26008
-0.26008
10.725
10.725
-12.3261
-12.3261
1.25025
1.25025
17.5554
17.5554
7.39124
7.39124
2.80288
2.80288
0.0179522
0.0179522
3.56664
3.56664
151.933
151.933
116.186
116.186
13.2369
13.2369
8.46401
8.46401
0.327216
0.327216
-85.7198
-85.7198
6.18531
6.18531
7.86671
7.86671
-56.0969
-56.0969
10.4641
10.4641
-0.700572
-0.700572
-1.14229
-1.14229
34.2699
34.2699
4.51291
4.51291
55.1922
55.1922
10.906
10.906
-2.09481
-2.09481
8.13682
8.13682
10.6658
10.6658
-22.9871
-22.9871
-40.4526
-40.4526
-104.543
-104.543
315.575
315.575
5.32116
5.32116
50.9346
50.9346
-5.53502
-5.53502
0.899523
0.899523
-107.254
-107.254
-109.185
-109.185
0.870484
0.870484
1.04162
1.04162
8.0769
8.0769
3.10584
3.10584
-83.9548
-83.9548
-33.4215
-33.4215
-92.9787
-92.9787
972.593
972.593
-57.0641
-57.0641
-71.7742
-71.7742
0.736879
0.736879
7.67575
7.67575
0.185034
0.185034
63.3159
63.3159
99.8417
99.8417
128.456
128.456
11.4747
11.4747
-105.605
-105.605
-0.177226
-0.177226
584.09
584.09
525.666
525.666
6.6112
6.6112
-41.0104
-41.0104
106.79
106.79
3.24219
3.24219
20.6887
20.6887
-18.1406
-18.1406
-33.7142
-33.7142
0.0767127
0.0767127
-3.30347
-3.30347
2.48295
2.48295
-97.4872
-97.4872
1.37031
1.37031
1.53212
1.53212
0.628381
0.628381
5.43155
5.43155
-58.4957
-58.4957
27.2821
27.2821
4.7253
4.7253
-43.8405
-43.8405
-25.4273
-25.4273
2.61503
2.61503
-47.7086
-47.7086
0.123555
0.123555
17.5179
17.5179
1.13894
1.13894
25.3232
25.3232
11.7699
11.7699
116.755
116.755
27.6543
27.6543
-64.4233
-64.4233
-29.3651
-29.3651
3.54352
3.54352
-92.0618
-92.0618
252.324
252.324
-10.1725
-10.1725
98.1361
98.1361
8.75729
8.75729
11.8317
11.8317
1.0709
1.0709
0.391166
0.391166
466.131
466.131
-1.3742
-1.3742
12.8287
12.8287
3.21555
3.21555
122.501
122.501
0.992557
0.992557
13.9814
13.9814
1068.74
1068.74
55.2538
55.2538
16.6299
16.6299
-92.9041
-92.9041
1.01148
1.01148
-6.72464
-6.72464
0.984977
0.984977
14.0124
14.0124
-0.506416
-0.506416
127.116
127.116
119.389
119.389
3.50259
3.50259
0.952932
0.952932
-23.9341
-23.9341
-33.8528
-33.8528
0.213739
0.213739
50.0536
50.0536
18.1657
18.1657
11.024
11.024
12.175
12.175
132.9
132.9
1.71969
1.71969
246.538
246.538
28.1276
28.1276
1.14424
1.14424
0.153718
0.153718
2.26476
2.26476
50.938
50.938
0.326075
0.326075
335.595
335.595
335.595
322.336
322.336
322.336
-22.6505
-22.6505
41.229
41.229
3.81192
3.81192
-78.6706
-78.6706
13.1657
13.1657
3.02764
3.02764
1.04441
1.04441
53.3289
53.3289
-2.23518
-2.23518
-83.3257
-83.3257
-93.8771
-93.8771
11.1934
11.1934
0.744561
0.744561
15.3252
15.3252
-0.87297
-0.87297
-98.3171
-98.3171
-0.446385
-0.446385
0.274625
0.274625
-14.481
-14.481
19.2066
19.2066
17.5682
17.5682
3.31971
3.31971
-94.5912
-94.5912
-93.6888
-93.6888
481.833
481.833
16.7739
16.7739
-1.34934
-1.34934
302.463
302.463
302.463
539.854
539.854
25.9532
25.9532
11.3875
11.3875
-36.6446
-36.6446
3.24668
3.24668
11.7025
11.7025
117.921
117.921
1090.58
1090.58
0.550943
0.550943
-90.655
-90.655
-10.9391
-10.9391
0.264751
0.264751
-28.0644
-28.0644
-59.2619
-59.2619
31.398
31.398
0.0788848
0.0788848
223.898
223.898
1.10847
1.10847
0.955431
0.955431
333.555
333.555
333.555
-65.9564
-65.9564
3.56457
3.56457
630.462
630.462
291.101
291.101
1.16586
1.16586
-67.4545
-67.4545
12.3747
12.3747
-49.0168
-49.0168
19.0654
19.0654
17.3984
17.3984
176.891
176.891
-27.9398
-27.9398
0.344376
0.344376
1.16204
1.16204
226.362
226.362
60.8015
60.8015
0.527235
0.527235
0.447774
0.447774
33.8558
33.8558
-4.47989
-4.47989
14.0014
14.0014
0.95205
0.95205
9.27298
9.27298
620.415
620.415
4.07486
4.07486
1.06857
1.06857
2.00868
2.00868
-48.2415
-48.2415
8.79887
8.79887
1.25784
1.25784
119.368
119.368
116.975
116.975
0.29083
0.29083
932.277
932.277
2.25542
2.25542
8.78975
8.78975
32.2141
32.2141
0.0316814
0.0316814
-18.3315
-18.3315
1.06306
1.06306
9.91775
9.91775
0.123553
0.123553
9.06867
9.06867
2.82664
2.82664
919.516
919.516
-50.9393
-50.9393
0.824286
0.824286
8.87792
8.87792
-29.4956
-29.4956
48.3312
48.3312
-2.89461
-2.89461
7.01564
7.01564
523.426
523.426
-0.443655
-0.443655
8.57176
8.57176
-65.9438
-65.9438
1002.41
1002.41
1002.41
997.164
997.164
997.164
0.764008
0.764008
3.02182
3.02182
7.8228
7.8228
276.688
276.688
-14.4192
-14.4192
38.6494
38.6494
27.543
27.543
248.194
248.194
-63.976
-63.976
-69.9333
-69.9333
3.44481
3.44481
0.766539
0.766539
-51.0911
-51.0911
0.868974
0.868974
1.56874
1.56874
0.448761
0.448761
9.71647
9.71647
-0.18101
-0.18101
11.3686
11.3686
-33.8234
-33.8234
0.967985
0.967985
0.655204
0.655204
498.696
498.696
530.604
530.604
-7.78662
-7.78662
7.06415
7.06415
1.40013
1.40013
10.5755
10.5755
102.358
102.358
102.358
1.11529
1.11529
10.7227
10.7227
1.16086
1.16086
10.9247
10.9247
0.428846
0.428846
117.009
117.009
-78.1427
-78.1427
801.127
801.127
937.585
937.585
1.48924
1.48924
0.892414
0.892414
10.1194
10.1194
453.909
453.909
453.909
899.316
899.316
3.86121
3.86121
97.7422
97.7422
6.8485
6.8485
9.0281
9.0281
11.7171
11.7171
-43.4052
-43.4052
1.91588
1.91588
-79.1699
-79.1699
376.566
376.566
174.571
174.571
-90.4031
-90.4031
2.05414
2.05414
-5.11621
-5.11621
2.44261
2.44261
12.0336
12.0336
171.448
171.448
382.006
382.006
-0.434837
-0.434837
2.31707
2.31707
562.234
562.234
1.24239
1.24239
-92.1904
-92.1904
0.610048
0.610048
-1.74788
-1.74788
1.42716
1.42716
2.35134
2.35134
1.28687
1.28687
8.59706
8.59706
0.831205
0.831205
923.057
923.057
0.269082
0.269082
38.9036
38.9036
1.45739
1.45739
-0.525147
-0.525147
0.714748
0.714748
4.74188
4.74188
122.22
122.22
122.22
0.48168
0.48168
2.87819
2.87819
928.038
928.038
-20.496
-20.496
1.32376
1.32376
-91.546
-91.546
-0.443956
-0.443956
124.805
124.805
124.805
11.3622
11.3622
2.02211
2.02211
1.35254
1.35254
151.172
151.172
151.172
830.841
830.841
3.11015
3.11015
-39.1961
-39.1961
47.1214
47.1214
311.877
311.877
0.855155
0.855155
1.1715
1.1715
416.415
416.415
1.78725
1.78725
0.561572
0.561572
1.49377
1.49377
5.95192
5.95192
1.24929
1.24929
119.162
119.162
119.162
2.60895
2.60895
-34.6595
-34.6595
19.9584
19.9584
-0.653479
-0.653479
-16.8065
-16.8065
4.77735
4.77735
1.55532
1.55532
0.515506
0.515506
52.6971
52.6971
-51.5857
-51.5857
43.1844
43.1844
-9.97255
-9.97255
-63.5903
-63.5903
-63.5903
-5.96301
-5.96301
-5.96301
927.965
927.965
11.6419
11.6419
3.55967
3.55967
655.962
655.962
655.962
1.9925
1.9925
1.04092
1.04092
192.451
192.451
-1.29135
-1.29135
4.38259
4.38259
2.27938
2.27938
-31.9735
-31.9735
597.848
597.848
-51.5368
-51.5368
-51.5368
7.35867
7.35867
1.26926
1.26926
7.95573
7.95573
1017.63
1017.63
1017.63
856.805
856.805
856.805
526
526
922.445
922.445
0.27392
0.27392
531.315
531.315
2.25295
2.25295
-3.08465
-3.08465
0.489494
0.489494
-1.27898
-1.27898
-1.68851
-1.68851
2.06735
2.06735
418.972
418.972
418.972
0.58515
0.58515
117.162
117.162
117.162
117.85
117.85
117.85
-7.50892
-7.50892
1.97731
1.97731
918.72
918.72
-44.8836
-44.8836
-44.8836
0.23672
0.23672
619.592
619.592
1.62236
1.62236
616.549
616.549
344.308
344.308
541.675
541.675
0.319909
0.319909
530.84
530.84
920.544
920.544
896.804
896.804
441.572
441.572
-19.2585
-19.2585
930.185
930.185
-1.23157
-1.23157
2.082
2.082
120.274
120.274
596.121
596.121
3.01918
3.01918
680.543
680.543
-55.7142
-55.7142
890.449
890.449
647.297
647.297
4.68418
4.68418
996.074
996.074
21.8557
21.8557
4.41283
4.41283
944.436
944.436
944.436
-47.2378
-47.2378
-47.2378
203.95
203.95
0.00814647
0.00814647
310.819
310.819
-0.522842
-0.522842
-0.140482
-0.140482
3.14129
3.14129
2.34696
2.34696
2.46316
2.46316
1.80724
1.80724
18.635
18.635
2.00848
2.00848
673.768
673.768
2.1107
2.1107
848.147
848.147
-1.94287
-1.94287
-25.9643
-25.9643
1.11316
1.11316
88.3788
88.3788
6.69803
6.69803
602.351
602.351
602.351
921.759
921.759
421.252
421.252
-28.0148
-28.0148
-23.9063
-23.9063
2.47238
2.47238
3.71434
3.71434
-2.71333
-2.71333
541.724
541.724
-2.25681
-2.25681
1.17442
1.17442
-85.3636
-85.3636
-85.3636
-30.7865
-30.7865
-0.195631
-0.195631
559.235
559.235
9.05637
9.05637
-72.7701
-72.7701
7.79053
7.79053
1.99215
1.99215
0.951311
0.951311
2.9968
2.9968
739.991
739.991
-0.0267975
-0.0267975
1.14309
1.14309
838.135
838.135
-0.619592
-0.619592
-16.5529
-16.5529
-138.23
-138.23
2.06233
2.06233
-16.5064
-16.5064
-2.68165
-2.68165
510.153
510.153
2.37604
2.37604
-1.04914
-1.04914
1.50969
1.50969
897.011
897.011
1.2977
1.2977
3.74863
3.74863
2.46245
2.46245
3.00678
3.00678
117.08
117.08
117.08
-0.531197
-0.531197
-78.8127
-78.8127
-1.11131
-1.11131
-10.6452
-10.6452
2.12265
2.12265
3.89024
3.89024
905.913
905.913
-4.12277
-4.12277
908.525
908.525
-8.49821
-8.49821
624.205
624.205
-1.51849
-1.51849
935.556
935.556
935.556
43.2439
43.2439
29.737
29.737
-5.32657
-5.32657
-5.32657
1.17817
1.17817
923.677
923.677
-0.232912
-0.232912
-4.42793
-4.42793
912.428
912.428
541.94
541.94
546.773
546.773
546.773
882.679
882.679
3.34732
3.34732
-12.9887
-12.9887
-21.7327
-21.7327
904.388
904.388
-10.3163
-10.3163
-5.93231
-5.93231
829.143
829.143
1.89357
1.89357
553.989
553.989
2.73641
2.73641
-1.82902
-1.82902
-1.35189
-1.35189
0.735095
0.735095
1.61646
1.61646
552.143
552.143
-46.0402
-46.0402
533.44
533.44
3.92599
3.92599
-2.76032
-2.76032
-21.1864
-21.1864
-2.48434
-2.48434
906.297
906.297
724.107
724.107
724.107
1.45036
1.45036
852.115
852.115
662.743
662.743
662.743
4.10871
4.10871
573.756
573.756
573.756
3.76809
3.76809
-0.422666
-0.422666
588.074
588.074
588.074
1.01546
1.01546
25.7541
25.7541
666.706
666.706
666.706
0.905844
0.905844
-2.77079
-2.77079
734.183
734.183
713.596
713.596
713.596
587.25
587.25
587.25
-1.20338
-1.20338
17.2639
17.2639
2.2151
2.2151
0.253434
0.253434
2.55684
2.55684
0.407708
0.407708
1.61993
1.61993
259.382
259.382
880.565
880.565
880.565
867.289
867.289
867.289
430.168
430.168
430.168
0.888194
0.888194
-3.21568
-3.21568
5.07957
5.07957
24.1083
24.1083
0.313466
0.313466
915.484
915.484
20.7578
20.7578
-6.36495
-6.36495
4.86686
4.86686
25.8538
25.8538
693.678
693.678
373.767
373.767
899.841
899.841
512.332
512.332
512.332
23.7965
23.7965
4.11937
4.11937
534.111
534.111
534.111
-9.04233
-9.04233
4.28625
4.28625
3.10581
3.10581
4.86451
4.86451
-6.24271
-6.24271
819.537
819.537
819.537
931.704
931.704
931.704
-5.38517
-5.38517
5.44639
5.44639
1003.96
1003.96
1003.96
-2.85321
-2.85321
348.125
348.125
-0.0270007
-0.0270007
3.45111
3.45111
928.657
928.657
928.657
-4.66669
-4.66669
-4.66669
35.411
35.411
35.411
19.7675
19.7675
374.403
374.403
-28.4204
-28.4204
-4.05704
-4.05704
4.30098
4.30098
5.57813
5.57813
-13.3487
-13.3487
5.74533
5.74533
-0.931249
-0.931249
-8.83123
-8.83123
-7.14624
-7.14624
898.466
898.466
898.466
-4.25674
-4.25674
10.6996
10.6996
0.711755
0.711755
781.237
781.237
-1.34913
-1.34913
554.994
554.994
554.994
-7.40883
-7.40883
867.656
867.656
301.498
301.498
301.498
901.554
901.554
7.17496
7.17496
-11.7395
-11.7395
2.35187
2.35187
7.15376
7.15376
30.3556
30.3556
30.3556
6.96992
6.96992
921.392
921.392
921.392
600.28
600.28
-52.4592
-52.4592
2.04545
2.04545
-2.08685
-2.08685
0.360183
0.360183
-11.4546
-11.4546
0.0534789
0.0534789
5.42967
5.42967
22.074
22.074
0.631204
0.631204
-179.98
-179.98
-179.98
-49.125
-49.125
-49.125
-52.9924
-52.9924
805.021
805.021
805.021
1.83904
1.83904
16.1087
16.1087
5.31428
5.31428
-8.78178
-8.78178
1.42992
1.42992
0.780801
0.780801
5.52685
5.52685
1.57976
1.57976
907.935
907.935
-3.81793
-3.81793
552.016
552.016
552.016
760.751
760.751
760.751
-2.07557
-2.07557
24.5758
24.5758
24.5758
563.154
563.154
563.154
2.36163
2.36163
6.69102
6.69102
7.37155
7.37155
37.9968
37.9968
37.9968
-15.608
-15.608
23.7237
23.7237
23.7237
19.3382
19.3382
-1.51608
-1.51608
-7.27162
-7.27162
21.4523
21.4523
21.4523
33.6845
33.6845
-3.54248
-3.54248
27.4635
27.4635
27.4635
-15.6197
-15.6197
3.18946
3.18946
892.212
892.212
892.212
14.0861
14.0861
1.50153
1.50153
11.4146
11.4146
-1.5014
-1.5014
-0.229318
-0.229318
2.11905
2.11905
761.081
761.081
761.081
653.061
653.061
653.061
1.67405
1.67405
906.15
906.15
1.29836
1.29836
8.79474
8.79474
16.0203
16.0203
8.88418
8.88418
5.55498
5.55498
6.86788
6.86788
23.6001
23.6001
23.6001
17.4548
17.4548
2.42756
2.42756
-15.8439
-15.8439
9.52123
9.52123
-2.78075
-2.78075
20.0443
20.0443
909.939
909.939
915.161
915.161
915.161
7.72757
7.72757
1.9055
1.9055
23.7966
23.7966
644.94
644.94
7.04654
7.04654
38.203
38.203
12.2202
12.2202
12.2202
6.28474
6.28474
2.53764
2.53764
42.4497
42.4497
8.21211
8.21211
147.412
147.412
361.622
361.622
361.622
9.21389
9.21389
23.5042
23.5042
-12.5383
-12.5383
-3.40132
-3.40132
11.797
11.797
11.797
30.9628
30.9628
30.9628
2.47277
2.47277
57.7146
57.7146
34.5233
34.5233
48.1659
48.1659
46.721
46.721
654.895
654.895
19.8941
19.8941
12.2757
12.2757
-11.1347
-11.1347
905.097
905.097
900.76
900.76
900.76
2.62791
2.62791
30.5364
30.5364
26.0868
26.0868
21.2318
21.2318
22.1017
22.1017
22.1017
5.8699
5.8699
16.6416
16.6416
5.14754
5.14754
26.2479
26.2479
-1.86716
-1.86716
43.1499
43.1499
16.3706
16.3706
65.5643
65.5643
54.1182
54.1182
54.1182
-24.3625
-24.3625
-23.305
-23.305
1.25518
1.25518
46.2411
46.2411
46.2411
42.6914
42.6914
41.2558
41.2558
41.2558
17.2648
17.2648
19.8518
19.8518
19.8518
22.8839
22.8839
-7.7858
-7.7858
-7.7858
11.4499
11.4499
100.848
100.848
-0.300939
-0.300939
2.34784
2.34784
53.2935
53.2935
53.2935
123.208
123.208
58.6476
58.6476
46.2995
46.2995
32.9073
32.9073
59.8459
59.8459
59.8459
4.55507
4.55507
651.638
651.638
651.638
7.16852
7.16852
70.593
70.593
70.593
163.631
163.631
24.5217
24.5217
104.893
104.893
91.5291
91.5291
91.5291
22.9581
22.9581
22.9581
21.5509
21.5509
23.1575
23.1575
30.3813
30.3813
187.499
187.499
37.4828
37.4828
37.4828
111.746
111.746
111.746
92.7552
92.7552
16.2673
16.2673
42.1426
42.1426
-6.4197
-6.4197
162.224
162.224
162.224
225.687
225.687
225.687
251.666
251.666
133.362
133.362
41.2594
41.2594
105.465
105.465
-17.6401
-17.6401
4.04989
4.04989
39.722
39.722
-17.7981
-17.7981
298.884
298.884
298.884
304.161
304.161
59.9291
59.9291
-27.3925
-27.3925
-27.3925
167.975
167.975
204.629
204.629
204.629
241.565
241.565
217.36
217.36
100.17
100.17
905.426
905.426
905.426
907.094
907.094
256.46
256.46
256.46
256.46
907.404
907.404
907.404
907.404
287.192
287.192
908.99
908.99
908.99
36.1107
36.1107
36.1107
23.2195
23.2195
31.8011
31.8011
31.8011
25.5283
25.5283
41.4766
41.4766
41.4766
99.6965
99.6965
99.6965
34.8829
34.8829
29.4989
29.4989
29.4989
182.267
182.267
182.267
71.0488
71.0488
33.2843
33.2843
55.8591
55.8591
55.8591
21.9715
21.9715
21.9715
127.134
127.134
127.134
75.9346
75.9346
37.3479
37.3479
37.3479
29.2338
29.2338
261.26
261.26
261.26
310.693
310.693
310.693
299.2
299.2
299.2
214.523
214.523
195.272
195.272
195.272
126.983
126.983
126.983
131.489
131.489
26.5147
26.5147
26.5147
205.875
205.875
45.2393
45.2393
33.887
33.887
7.5321
7.5321
12.3032
12.3032
684.32
684.32
736.032
736.032
736.032
906.778
906.778
703.623
703.623
941.661
941.661
751.701
751.701
751.701
745.47
745.47
11.8621
11.8621
214.367
214.367
752.991
752.991
736.196
736.196
1028.33
1028.33
28.0857
28.0857
930.63
930.63
831.946
831.946
831.946
758.811
758.811
758.811
951.967
951.967
951.967
8.56899
8.56899
1027.47
1027.47
812.418
812.418
9.78148
9.78148
952.136
952.136
952.136
889.288
889.288
7.87849
7.87849
919.437
919.437
505.085
505.085
505.085
446.491
446.491
446.491
971.147
971.147
971.147
995.147
995.147
995.147
951.37
951.37
951.37
1004.51
1004.51
1004.51
975.976
975.976
975.976
987.084
987.084
987.084
234.467
234.467
952.616
952.616
942.214
942.214
1095
1095
1095
1094.68
1094.68
1094.68
1094.04
1094.04
1094.04
948.438
948.438
7.6255
7.6255
9.57928
9.57928
996.606
996.606
996.606
846.157
846.157
846.157
859.654
859.654
859.654
937.258
937.258
927.801
927.801
949.107
949.107
396.871
396.871
23.3468
23.3468
1097.72
1097.72
1028.64
1028.64
1035.05
1035.05
1018.36
1018.36
1018.36
968.67
968.67
998.448
998.448
960.644
960.644
980.963
980.963
1006.3
1006.3
989.609
989.609
1033.9
1033.9
1033.9
1036.73
1036.73
1036.73
734.568
734.568
11.5624
11.5624
1085.06
1085.06
8.43772
8.43772
1017.51
1017.51
1095.16
1095.16
877.348
877.348
1092.06
1092.06
957.938
957.938
1055.59
1055.59
18.6218
18.6218
1061.94
1061.94
965.271
965.271
846.856
846.856
1092.72
1092.72
1092.72
986.235
986.235
1098.68
1098.68
949.654
949.654
999.24
999.24
-69.2503
-69.2503
930.937
930.937
19.3084
19.3084
496.547
496.547
496.547
1069.03
1069.03
-54.1733
-54.1733
1095.28
1095.28
906.512
906.512
1010.63
1010.63
1010.63
857.716
857.716
19.8241
19.8241
-45.2568
-45.2568
1016.65
1016.65
979.022
979.022
1031.99
1031.99
1031.99
20.0244
20.0244
-54.931
-54.931
987.043
987.043
-72.2356
-72.2356
19.3214
19.3214
1021.99
1021.99
19.2371
19.2371
-57.6338
-57.6338
416.238
416.238
14.4313
14.4313
463.149
463.149
541.967
541.967
1029.91
1029.91
1014.6
1014.6
1014.6
19.9756
19.9756
1028.05
1028.05
1019.89
1019.89
1019.89
-45.4095
-45.4095
)
;
    }
}


// ************************************************************************* //
