/*--------------------------------*- C++ -*----------------------------------*\
  =========                 |
  \\      /  F ield         | OpenFOAM: The Open Source CFD Toolbox
   \\    /   O peration     | Website:  https://openfoam.org
    \\  /    A nd           | Version:  8
     \\/     M anipulation  |
\*---------------------------------------------------------------------------*/
FoamFile
{
    version     2.0;
    format      ascii;
    class       volVectorField;
    location    "0.75";
    object      U;
}
// * * * * * * * * * * * * * * * * * * * * * * * * * * * * * * * * * * * * * //

dimensions      [0 1 -1 0 0 0 0];

internalField   nonuniform List<vector> 
1924
(
(-0.0910742 -0.0406761 2.02075e-17)
(-0.444716 -0.136864 1.98852e-17)
(7.60887 1.50618 1.89752e-17)
(8.70087 2.53073 1.20585e-17)
(0.699171 -0.359052 2.67076e-17)
(7.65184 2.87508 7.19074e-18)
(8.1085 3.58628 1.69926e-18)
(7.13506 3.92926 -1.07665e-18)
(7.49218 4.5137 -4.5762e-18)
(7.68714 0.899135 2.79665e-17)
(6.56138 4.84013 -4.62435e-18)
(6.50593 5.25015 -4.7749e-18)
(0.177714 -0.37176 5.44972e-18)
(5.71324 5.65325 -5.88885e-18)
(0.351621 7.72926 2.23539e-18)
(0.00714768 7.48584 2.01828e-18)
(0.353899 -0.480561 7.12626e-18)
(5.49525 5.77685 -4.10275e-18)
(-0.0161701 -0.0812286 2.08992e-17)
(4.9158 6.17482 -3.19233e-18)
(0.199668 -0.230807 5.87727e-18)
(1.63367 0.125887 6.52492e-18)
(0.354115 -0.369328 7.84503e-18)
(4.66783 5.9231 1.97352e-18)
(1.28048 0.184559 3.93006e-18)
(0.120969 0.333059 1.07093e-17)
(-0.0227557 1.05136 1.10402e-17)
(2.31709 0.0450355 3.03781e-17)
(2.71428 -0.0702679 3.19568e-17)
(5.01486 -0.164678 4.41419e-18)
(0.367382 -0.48146 8.57358e-18)
(0.938933 0.371253 5.70609e-18)
(-0.0668467 0.0714149 1.87993e-17)
(0.342395 -0.526716 6.79084e-18)
(3.74808 -0.276296 5.31814e-17)
(0.369972 -0.298285 8.18726e-18)
(0.969519 0.495889 7.08381e-18)
(3.30923 -0.518973 3.78514e-17)
(4.22235 -1.32828 6.0864e-18)
(0.466747 -0.570574 7.30831e-18)
(0.360331 0.631786 8.07187e-18)
(0.222293 -0.293262 5.74851e-18)
(0.0776188 0.52979 8.8258e-18)
(0.442848 -0.483326 7.15339e-18)
(3.34844 2.04754 1.71947e-17)
(2.83608 0.0542976 2.50973e-17)
(0.0596605 0.0300409 2.07878e-17)
(8.81217 4.16643 2.68107e-17)
(0.194398 0.0214829 5.70178e-19)
(0.0933588 -0.121501 2.98731e-18)
(0.512762 -0.283672 4.3325e-18)
(0.200354 -0.298978 6.39593e-18)
(1.84167 -0.120057 6.82588e-18)
(0.765425 -0.294738 4.66902e-18)
(2.70225 -0.228696 2.18096e-17)
(7.63217 1.03342 3.2483e-17)
(-0.0321601 -0.0606525 2.11253e-17)
(4.66462 2.23463 3.41597e-17)
(3.40079 1.07084 2.98101e-17)
(0.816523 2.62637 1.64115e-18)
(0.32927 -0.37029 3.98931e-18)
(0.212762 7.01154 2.64177e-18)
(0.366937 -0.368035 3.65594e-18)
(3.48653 -0.0143552 1.43702e-18)
(1.0298 -0.214039 9.48136e-18)
(9.80492 3.95495 2.57467e-17)
(0.531942 2.29231 3.64648e-18)
(0.530011 -0.264356 6.33297e-18)
(3.38408 -0.0466692 2.73144e-17)
(0.444691 -0.292644 1.91882e-18)
(0.115238 -0.335493 1.07326e-17)
(-0.102728 6.31973 2.36901e-18)
(3.17311 -0.681588 2.67687e-18)
(6.24757 -0.367635 3.96178e-18)
(6.54019 -1.42011 5.19895e-18)
(0.840189 -0.801299 1.18765e-17)
(10.2926 3.75931 1.06604e-17)
(7.29753 -1.41688 6.39525e-18)
(9.54818 5.89648 1.63113e-17)
(0.44226 -0.308346 2.7133e-18)
(5.02863 0.575695 6.95607e-18)
(-0.224069 1.66835 8.85331e-18)
(4.91606 4.46937 2.80249e-17)
(0.263725 -0.190087 7.08432e-18)
(-0.0488991 0.02557 1.98718e-17)
(0.602574 -0.209066 6.37982e-18)
(4.1362 0.296276 3.0183e-17)
(1.14288 7.48385 1.78545e-18)
(0.104269 -0.0876681 1.97784e-18)
(0.158349 -0.164237 9.19981e-18)
(0.667569 1.99741 1.04215e-17)
(0.195417 0.992096 7.46738e-18)
(3.34791 -0.0294384 2.08098e-17)
(3.24059 -0.043047 1.27773e-17)
(0.313887 -0.265785 9.48504e-18)
(1.29746 0.00990337 1.97769e-17)
(10.1876 3.71549 7.80385e-18)
(4.99064 1.21756 5.37515e-18)
(0.687046 2.69481 5.39342e-18)
(0.452721 -0.633556 1.14439e-17)
(5.94359 1.1238 1.77145e-17)
(0.288281 -0.283593 8.52803e-18)
(0.533657 3.18593 1.16084e-17)
(0.456614 1.42147 4.02519e-18)
(2.97566 0.248473 9.50503e-18)
(7.70192 -0.781775 -2.19908e-18)
(4.87134 1.00789 1.39431e-17)
(2.30449 -0.194995 8.15333e-18)
(0.947917 1.76473 3.01577e-18)
(3.71031 0.224017 1.55382e-17)
(9.71275 4.1127 3.58014e-19)
(4.21829 0.16255 2.09952e-17)
(2.41664 -0.609707 4.39996e-17)
(4.8669 1.9032 2.01905e-17)
(9.08724 3.79021 6.78192e-18)
(0.16049 -0.129977 6.87926e-18)
(6.65987 1.64574 1.53275e-17)
(-0.939591 7.67431 1.48482e-18)
(1.20149 0.562808 7.36207e-18)
(9.86317 4.17974 2.9258e-18)
(-0.00311155 0.0601342 2.02479e-17)
(0.128178 -0.00593481 -4.05737e-21)
(0.145713 -0.185238 4.14805e-18)
(0.224103 -0.166139 7.31434e-18)
(0.179762 3.84497 4.06549e-18)
(3.05364 0.449752 6.13353e-18)
(1.45479 -0.863333 1.05174e-17)
(7.44506 -2.22545 6.58988e-18)
(4.06007 0.414103 1.58765e-17)
(0.100498 -0.0166696 -4.68056e-19)
(9.73862 4.12628 -2.93487e-18)
(5.41423 1.35437 1.32385e-17)
(0.830814 -1.0687 2.41032e-17)
(5.6631 3.10589 2.71107e-17)
(0.386092 -0.18291 7.86969e-18)
(3.62684 0.832799 7.72008e-18)
(4.98712 0.0291168 2.80508e-17)
(4.77607 0.355507 2.16698e-17)
(4.26636 6.22954 5.45493e-18)
(3.33865 -0.654201 5.04904e-17)
(8.46816 2.46041 2.96365e-17)
(0.0669988 5.01238 4.59986e-18)
(0.0734603 -0.399768 8.57601e-18)
(-0.0129697 0.170938 1.99872e-17)
(6.24684 2.36585 1.15307e-17)
(0.0894515 -0.0171943 -5.68601e-19)
(2.26964 -0.229717 7.73125e-18)
(0.415483 -0.624934 1.24869e-17)
(0.824844 1.47803 3.41207e-18)
(0.964883 0.108913 8.29318e-18)
(1.99797 3.02628 1.61119e-17)
(0.10995 -0.000327402 4.23786e-19)
(1.18368 -0.703376 9.8124e-18)
(5.22251 2.00495 9.53661e-18)
(6.66103 2.85348 1.00188e-17)
(2.95703 0.357106 5.25246e-18)
(0.124637 0.015873 -5.48086e-19)
(5.86063 0.350434 2.7105e-17)
(8.98536 4.49252 -5.70046e-18)
(2.65166 2.60573 -3.62142e-18)
(5.36486 1.54003 1.07739e-17)
(1.51876 -1.27727 1.67712e-17)
(5.64865 2.43083 9.30989e-18)
(0.132041 -0.00583474 8.53039e-19)
(1.01919 1.18264 9.11313e-18)
(3.56428 0.977834 6.46697e-18)
(3.40641 1.05597 6.06162e-18)
(0.129588 0.0211783 -5.66882e-19)
(9.96543 3.52452 3.99108e-18)
(4.20048 1.00156 9.76503e-18)
(-0.112097 0.0432843 1.93187e-17)
(6.03162 3.35471 4.35411e-18)
(7.74704 -1.1756 -3.25899e-20)
(0.652867 1.26147 5.21241e-18)
(8.76503 2.1381 2.64556e-17)
(1.74833 -0.49102 7.46594e-18)
(4.7713 0.401957 9.2486e-18)
(-0.163047 -0.336429 8.90036e-18)
(0.355284 -0.251848 8.28843e-18)
(5.17917 2.9112 5.09752e-18)
(2.59482 -0.384583 1.12323e-17)
(-1.35921 7.94568 3.23215e-18)
(8.25664 1.46788 5.26406e-18)
(3.24507 1.00194 6.53241e-18)
(0.224476 0.02406 -3.13293e-19)
(-0.743437 0.386782 1.48649e-17)
(1.45579 -0.700098 9.13559e-18)
(2.6282 -0.328847 8.13543e-18)
(9.72918 3.7612 -1.52357e-18)
(6.64361 1.77842 5.49065e-18)
(1.89713 -0.510878 8.39706e-18)
(6.21339 3.80403 -2.44262e-18)
(8.31222 4.00486 -6.50802e-18)
(5.41265 3.31173 4.12441e-18)
(3.41906 1.64302 4.27782e-18)
(0.100418 -0.00419187 7.36559e-19)
(2.42193 -0.216806 7.6697e-18)
(1.90769 -0.530884 7.127e-18)
(2.201 -0.429083 1.37344e-17)
(1.91042 -0.566897 7.49894e-18)
(-0.0138006 0.168834 1.9447e-17)
(0.388364 0.206139 1.75974e-17)
(3.96588 1.37831 5.8317e-18)
(5.5474 4.1935 -2.25569e-18)
(0.800592 0.00109566 2.25615e-17)
(2.63324 -0.710051 9.90093e-18)
(4.77913 3.70292 1.21528e-18)
(1.28588 -0.463643 9.33129e-18)
(0.774374 -0.528905 1.18391e-17)
(0.47853 -0.422923 1.18291e-17)
(0.133489 -0.0085115 1.11349e-18)
(4.46624 1.14597 9.46147e-18)
(3.16696 6.94235 6.15468e-18)
(3.17942 1.59658 3.02228e-18)
(2.52492 -0.610967 9.07205e-18)
(8.09252 -1.07136 6.01646e-19)
(0.753775 0.981855 4.89552e-18)
(1.9331 -0.530464 8.69267e-18)
(4.91862 4.09722 -1.23648e-18)
(7.39754 -3.00687 6.88597e-18)
(2.48925 -0.116314 8.56684e-18)
(5.48887 3.86497 1.30523e-17)
(3.85589 1.54876 5.90525e-18)
(2.65094 7.36388 8.35881e-18)
(5.72512 4.68256 -2.83608e-18)
(2.25019 -0.277951 1.01185e-17)
(7.68119 4.46273 -4.88314e-18)
(6.82978 -0.549168 4.25619e-18)
(3.12933 2.25459 1.02287e-18)
(2.10406 -0.659916 8.58643e-18)
(0.724698 -0.152596 2.87924e-17)
(0.322074 2.24106 8.28174e-18)
(2.35708 -0.648413 1.34475e-17)
(0.0895871 -0.413864 1.16256e-17)
(2.23749 0.1646 1.08307e-17)
(-0.0249656 0.614538 -1.4558e-18)
(3.11256 6.1584 7.99657e-18)
(4.21222 4.46175 -7.24779e-19)
(4.08685 1.98228 5.56982e-18)
(0.100924 -0.00704756 7.10916e-19)
(-2.53924 7.9378 2.85067e-18)
(2.65218 -0.832887 9.5761e-18)
(3.52447 5.41071 9.62336e-18)
(1.49166 -0.390084 8.92895e-18)
(1.24027 0.577091 2.44275e-18)
(0.610404 -0.38555 1.09321e-17)
(4.96801 5.03483 -1.34602e-18)
(9.72297 2.79661 1.45054e-17)
(8.428 0.494733 5.67189e-18)
(7.25287 -0.958441 6.52678e-18)
(0.654135 -0.0025955 9.74349e-18)
(0.131814 -0.0109525 7.93013e-19)
(2.80389 2.19098 2.2423e-18)
(4.39396 1.58844 6.54826e-18)
(9.22912 2.83025 -4.26065e-18)
(1.74161 7.46661 8.58259e-18)
(0.30873 0.118598 1.10046e-17)
(2.59444 -0.592705 8.65944e-18)
(2.45393 -0.16245 1.2043e-17)
(4.27885 4.86299 -6.70421e-19)
(2.88573 0.411144 8.59268e-18)
(3.80157 2.18227 3.66344e-18)
(0.659579 0.809458 8.26645e-18)
(8.58716 0.333829 2.8712e-18)
(0.726703 0.45438 4.91017e-18)
(5.69121 -3.02328 7.60635e-18)
(0.25519 -0.294607 4.90218e-18)
(7.9391 -1.99001 6.69151e-18)
(2.7111 -0.696037 1.73928e-17)
(0.133135 0.0206698 1.83056e-17)
(2.07343 -0.578777 7.80527e-18)
(3.0354 1.6664 2.24844e-17)
(0.83949 0.186021 2.27788e-17)
(2.16053 -0.34179 9.18422e-18)
(0.328181 2.20062 7.90322e-18)
(4.87165 0.313854 1.7618e-17)
(4.98865 5.47987 -4.41761e-18)
(1.84439 0.424115 1.10439e-17)
(4.75662 1.93259 8.14156e-18)
(2.30182 -0.751773 1.17643e-17)
(-0.00842622 0.171079 1.87068e-17)
(0.0962413 -0.0135246 4.00683e-19)
(0.398161 1.91156 6.22691e-18)
(2.57575 2.89858 1.41657e-19)
(0.00609815 0.0219671 2.0856e-17)
(6.98561 1.08024 3.04578e-18)
(6.69603 3.5848 -4.96955e-18)
(0.117271 -0.0292047 -1.36852e-19)
(3.5496 5.16647 -3.43454e-19)
(2.60538 -0.783998 8.37783e-18)
(3.84753 2.66451 2.48505e-18)
(4.11623 -2.07075 7.01844e-18)
(1.72762 0.600794 9.67201e-18)
(2.14002 5.91 1.12393e-17)
(0.0947869 -0.144627 4.70455e-18)
(1.16152 0.532852 1.38123e-17)
(1.33321 7.71339 7.20145e-18)
(1.40348 -0.347793 8.96603e-18)
(8.30131 -2.97797 7.70362e-18)
(1.58951 6.58655 8.44719e-18)
(0.0790528 -0.0213049 -6.0254e-19)
(4.48579 2.25848 5.79984e-18)
(3.49628 4.25099 1.43509e-17)
(0.699289 0.875647 6.73711e-18)
(4.23736 5.79643 -3.16176e-18)
(1.13162 0.612373 9.26148e-18)
(0.26849 -0.313878 4.58806e-18)
(3.94462 3.54636 1.55408e-17)
(2.49839 -0.386709 1.04594e-17)
(6.64881 5.51119 1.9673e-17)
(0.915869 -0.320284 1.09692e-17)
(0.568141 -0.0915517 1.02963e-17)
(2.18495 2.72269 1.98366e-18)
(1.60623 0.309091 7.75615e-18)
(8.29208 3.09472 -6.3009e-18)
(0.247938 -0.322741 4.79517e-18)
(2.77436 0.230927 9.46123e-18)
(3.55904 5.6312 -1.7051e-18)
(3.44541 2.8182 1.82088e-18)
(2.90827 0.894865 4.87142e-18)
(5.09832 -2.99631 1.73908e-17)
(2.18058 -0.53664 8.85393e-18)
(4.67509 2.72189 5.16657e-18)
(2.16161 0.600488 2.5448e-17)
(0.313871 1.52164 1.18315e-17)
(5.28513 -0.72967 9.9213e-18)
(2.49127 -0.73477 8.9855e-18)
(1.56213 0.283582 8.10354e-18)
(9.38553 2.82033 1.18695e-17)
(6.14297 3.97533 -3.02865e-18)
(2.46228 -0.779537 1.01019e-17)
(0.424598 2.09845 2.0974e-20)
(1.73873 0.604407 9.94029e-18)
(4.30273 6.16922 -3.37863e-18)
(7.09207 -4.20366 8.87202e-18)
(1.36374 1.1641 9.19221e-18)
(0.605065 2.29242 5.79134e-18)
(3.35911 3.31524 7.71671e-19)
(1.79248 3.53644 7.67585e-18)
(4.23999 2.98211 3.04238e-18)
(5.38673 -1.0361 1.10373e-17)
(3.92957 1.55438 2.71815e-17)
(1.14674 0.46037 6.67861e-18)
(1.56194 -0.349631 9.19889e-18)
(0.437191 7.69863 7.30619e-18)
(-0.76503 6.83599 2.98162e-18)
(0.24743 0.145672 2.73043e-17)
(0.169398 3.43309 4.45003e-18)
(0.545402 -0.145076 9.72123e-18)
(0.565851 0.93816 9.22057e-18)
(0.432691 0.559472 7.38487e-18)
(0.625562 -0.199848 6.35906e-18)
(0.185083 -0.120935 1.24083e-17)
(1.96605 4.7345 1.84579e-17)
(0.680366 -0.266887 9.30867e-18)
(6.85123 -1.99076 1.64601e-17)
(0.100032 0.0547448 -1.48519e-18)
(2.82476 5.90663 -1.40339e-18)
(2.37875 -0.133919 1.04368e-17)
(0.289443 -0.126456 5.23482e-19)
(1.2285 1.34195 1.2068e-17)
(0.496807 6.27376 1.15633e-17)
(2.59187 4.09064 2.11942e-17)
(0.273656 2.10459 7.7437e-18)
(0.486737 0.596025 5.44866e-18)
(4.25734 3.46185 1.28971e-18)
(1.20442 0.610688 7.95186e-18)
(2.09638 -0.465964 9.47214e-18)
(1.66462 2.81491 1.04839e-17)
(2.87447 3.41703 5.84372e-19)
(3.99359 2.70945 2.51318e-17)
(2.67973 0.615854 5.60969e-18)
(1.31549 0.545825 6.00277e-18)
(-3.28498 7.09272 7.51203e-18)
(0.443873 0.210318 9.5258e-18)
(0.179083 -0.476327 1.7707e-18)
(0.281006 6.77688 8.52022e-18)
(0.0870725 7.7531 5.25814e-18)
(0.573066 0.712263 4.60489e-18)
(-0.0915514 3.94268 3.35159e-18)
(-0.673603 5.98064 2.80439e-18)
(7.24912 -2.65156 1.4647e-17)
(2.27918 -0.568872 8.57559e-18)
(2.60963 1.33783 5.98451e-18)
(2.38346 -0.633168 9.02795e-18)
(4.33593 2.14842 2.51958e-17)
(6.07531 -4.25294 5.5328e-18)
(0.231379 2.11524 5.64195e-18)
(0.415295 0.0739903 1.02817e-17)
(3.72978 3.68149 5.51433e-19)
(1.17967 1.14437 -1.9265e-18)
(1.58146 1.28682 1.13303e-17)
(2.05593 -0.35282 1.02339e-17)
(0.208721 2.16738 3.73992e-18)
(2.60893 4.04164 -2.36353e-20)
(0.348607 -0.0832192 1.94598e-17)
(0.424844 0.12173 1.14786e-17)
(0.614139 0.691308 5.52176e-18)
(5.39141 2.80366 8.9655e-19)
(-1.12544 7.23476 1.51982e-18)
(0.0829316 -0.0142821 -2.50528e-19)
(8.37887 -4.36906 1.01044e-17)
(1.39961 -0.405573 8.45161e-18)
(2.51275 -0.644986 1.32341e-17)
(0.103644 0.015424 -4.35144e-19)
(0.563503 2.10158 6.11842e-18)
(4.98228 0.642522 2.50232e-17)
(0.0646872 2.46121 5.81652e-18)
(1.90143 0.245643 8.78799e-18)
(0.486655 0.284013 8.13004e-18)
(0.925413 2.0049 1.44372e-17)
(1.66746 1.66887 7.84394e-18)
(2.76656 6.39741 -1.25082e-18)
(3.66986 4.15962 -2.01559e-19)
(1.21902 3.55767 6.69653e-18)
(0.711925 0.559335 7.20578e-18)
(4.71003 -0.860495 1.65402e-17)
(0.21625 4.98991 2.12918e-17)
(1.22013 0.00708475 8.43721e-18)
(9.31943 3.63667 3.21178e-18)
(0.816286 4.43897 2.4472e-17)
(2.12442 -0.411586 9.90258e-18)
(5.15059 -0.0901892 2.43753e-17)
(0.925171 -0.277687 9.57436e-18)
(0.370144 0.876888 5.59071e-18)
(2.18886 3.25656 3.14699e-17)
(7.45422 1.75141 -6.30222e-18)
(2.95872 -2.32966 3.14848e-19)
(1.13657 1.14977 1.24225e-17)
(0.551561 0.394728 9.12601e-18)
(0.326559 2.06298 7.28189e-18)
(4.73493 -1.71484 1.45192e-17)
(0.753406 0.861051 8.02148e-18)
(1.34101 1.28724 1.07011e-17)
(2.05531 4.16888 1.19398e-18)
(0.44854 0.0979865 9.35077e-18)
(2.9828 2.53687 3.29775e-17)
(0.332756 -0.305635 2.52652e-18)
(2.98507 4.44698 2.55602e-20)
(0.246814 0.778513 5.01007e-18)
(2.44146 -0.491645 8.80659e-18)
(0.340845 0.0109223 9.5676e-18)
(2.51451 0.817609 3.32359e-18)
(-0.130114 0.177517 2.23261e-18)
(-0.16472 3.11823 4.62625e-18)
(1.60528 1.16217 -3.83763e-18)
(0.704513 2.05325 1.05552e-17)
(8.41089 -5.71765 1.90356e-17)
(1.45002 0.21256 1.07851e-17)
(0.133092 2.15578 6.22848e-18)
(-0.957451 7.91756 4.74572e-18)
(1.39669 1.57114 1.41361e-17)
(2.18556 1.44026 4.71337e-18)
(4.93708 3.39451 5.94543e-20)
(0.413984 0.116693 9.30669e-18)
(1.40645 0.631921 1.17618e-17)
(4.02354 1.05842 3.5899e-17)
(-0.494031 6.30886 1.11665e-17)
(0.876213 0.81187 1.12546e-17)
(-1.30239 6.29059 7.00621e-19)
(4.6708 -2.60051 1.82533e-17)
(0.510474 0.871161 7.94317e-19)
(0.296158 -0.395354 4.3218e-18)
(0.741785 0.348315 8.86117e-18)
(1.59386 -0.420222 8.06418e-18)
(-0.112704 2.17425 5.70555e-18)
(-0.123555 2.17768 7.45862e-18)
(1.46836 2.26915 8.83604e-18)
(2.91606 4.96104 -3.89465e-20)
(6.71968 5.1528 2.34744e-17)
(0.732462 0.823566 8.37795e-18)
(1.47106 1.81737 9.03858e-18)
(4.59006 -4.20526 1.96372e-17)
(4.42792 0.199031 3.42967e-17)
(2.01566 -0.375277 1.33053e-17)
(4.754 -3.14522 2.92574e-17)
(2.32589 -1.2237 1.6806e-18)
(2.07909 6.58837 -3.4383e-19)
(-0.413364 3.40922 3.7374e-18)
(-1.97039 7.16273 1.54446e-19)
(0.647866 2.41113 1.07753e-17)
(1.81763 4.90322 5.1742e-19)
(0.605448 1.71102 5.89065e-18)
(-0.407683 2.33577 9.12533e-18)
(0.868649 1.16269 4.89934e-18)
(0.638706 1.00457 6.73584e-18)
(0.194016 0.172444 9.67446e-18)
(-4.61382 6.67021 7.18101e-18)
(0.494663 0.579683 6.81961e-18)
(6.63679 2.388 -4.41372e-18)
(0.30983 -0.323209 3.18842e-18)
(0.402815 0.3826 1.04628e-17)
(1.31793 1.59112 1.1416e-17)
(8.83286 3.81603 8.37247e-19)
(-0.0363259 3.5169 3.6199e-17)
(4.80288 -1.30786 3.23707e-17)
(-1.09509 5.14499 3.40347e-18)
(0.2269 1.86071 7.27918e-18)
(0.172848 0.152742 9.32226e-18)
(1.96298 0.247923 2.1919e-17)
(1.02075 2.72549 3.86822e-17)
(-0.905151 6.82615 7.24474e-18)
(2.33563 -0.364504 8.76694e-18)
(0.305424 0.685033 5.63838e-18)
(0.700539 -0.490852 9.12961e-18)
(0.605318 0.402045 4.9276e-18)
(-0.645332 4.38934 2.63444e-17)
(0.43919 0.309185 8.58727e-18)
(1.42652 1.75515 1.55687e-17)
(2.39493 1.02324 4.40509e-17)
(6.43582 -4.72425 2.56408e-17)
(4.67591 -1.95159 2.83981e-17)
(0.0527341 1.89414 7.42433e-18)
(2.18597 0.765141 9.24994e-18)
(-0.122001 2.03448 5.22856e-18)
(-0.253577 2.10649 6.23411e-18)
(0.348 0.68312 3.33399e-18)
(0.730669 1.38625 1.00003e-17)
(2.27035 5.20124 6.76421e-19)
(-1.98089 6.66282 2.245e-19)
(0.640665 0.985615 9.27812e-18)
(-1.06477 4.83661 2.18673e-17)
(4.12431 -3.70294 1.48706e-17)
(3.11586 -0.133384 4.37955e-17)
(1.94893 1.15203 9.26288e-18)
(0.8084 1.80635 1.02373e-17)
(5.69131 -5.37953 1.26075e-17)
(0.560423 -0.270056 -1.11834e-18)
(0.72113 0.86551 1.00664e-17)
(1.27091 2.9141 3.46672e-18)
(0.393177 0.550237 9.08224e-18)
(1.87955 6.93403 1.18401e-18)
(1.5174 1.8715 1.09339e-17)
(0.350191 -0.0799238 7.1423e-18)
(1.36939 -0.380294 8.42334e-18)
(-0.67426 2.09313 9.25972e-18)
(1.27313 4.95883 1.72751e-18)
(2.01974 -0.340358 1.22789e-17)
(0.34426 -0.491065 6.07246e-18)
(0.696579 0.671928 7.99956e-18)
(1.00685 1.22823 1.65808e-18)
(2.55261 0.839273 2.64201e-17)
(0.529963 -0.171098 1.70738e-18)
(7.34241 -5.7639 9.27279e-18)
(3.89542 -1.9504 4.26766e-17)
(0.30166 0.412342 8.86573e-18)
(2.83083 -2.95018 1.67137e-18)
(2.33288 0.153733 8.10556e-18)
(-0.712735 2.76901 4.81118e-18)
(4.67161 2.58877 3.06491e-18)
(0.184154 0.333211 8.98984e-18)
(0.504142 1.44824 6.29804e-18)
(-2.75377 7.49061 -1.85413e-18)
(1.15164 1.45135 1.54905e-17)
(0.0857529 0.349395 9.42874e-18)
(0.544854 0.0285132 8.01525e-18)
(0.373602 -0.356127 9.51559e-18)
(0.630629 -0.0178909 3.92905e-18)
(0.103712 0.093996 1.65351e-19)
(2.16776 -1.73532 -2.39419e-18)
(0.57442 0.45553 7.79624e-18)
(0.405405 0.937698 8.5113e-18)
(1.98905 -0.737793 1.09971e-17)
(0.312386 1.47121 6.41476e-18)
(2.26311 -0.218703 9.02149e-18)
(1.385 -0.121774 8.01979e-18)
(3.68748 -4.26328 8.9158e-18)
(8.65026 4.38265 -4.53987e-18)
(3.72824 -3.84909 8.12081e-19)
(1.39177 1.58288 9.47598e-18)
(4.04227 -2.98964 4.04753e-17)
(0.583648 0.59463 6.80612e-18)
(0.250838 0.479514 9.56808e-18)
(0.101997 1.66194 6.11496e-18)
(7.90935 -7.49652 2.97808e-17)
(-0.354205 1.87648 5.49564e-18)
(0.283148 -0.140177 5.87916e-18)
(0.890691 -0.471596 8.37754e-18)
(0.116183 0.736755 5.02934e-17)
(0.968086 0.230378 8.10123e-18)
(0.626913 0.491738 6.56558e-18)
(-1.74466 5.29796 1.71246e-18)
(2.17583 5.60998 -1.01773e-18)
(-0.00937196 1.71161 4.53658e-18)
(1.32135 -0.134239 1.39863e-17)
(0.588829 -0.172633 1.2246e-18)
(-1.09205 2.8205 4.0887e-17)
(0.560584 -0.138814 9.35326e-18)
(4.02435 -4.69891 3.43011e-17)
(3.81911 0.795518 2.24956e-17)
(0.828565 0.929125 1.01014e-17)
(0.846538 1.24027 1.28503e-17)
(-0.0236906 -0.141918 1.73917e-17)
(1.03211 0.178169 2.37862e-17)
(0.623675 -0.0732146 -5.09367e-20)
(1.00947 -0.0546375 4.98345e-17)
(-0.636044 1.84849 5.72129e-18)
(7.40694 0.597436 -5.3737e-18)
(-1.04931 2.18033 9.11392e-18)
(0.169444 0.473675 9.51806e-18)
(-0.162618 0.0133953 -1.8391e-19)
(-1.34555 3.16206 3.63637e-17)
(1.28134 2.08406 -9.23011e-19)
(1.84465 -0.429528 5.86479e-18)
(1.58512 1.70669 1.14405e-17)
(1.25952 7.09518 1.18414e-18)
(0.218824 2.4654 1.02055e-17)
(3.49268 -5.91971 2.79591e-17)
(1.74439 -0.104423 1.36946e-17)
(0.53756 -0.0982872 1.02835e-17)
(0.761884 0.642341 9.27952e-18)
(-2.23348 6.74555 8.13154e-18)
(0.292543 -0.0304652 6.36743e-18)
(6.04516 1.58386 -4.33104e-19)
(0.940819 0.892871 3.53022e-18)
(-1.14371 2.89444 4.9932e-18)
(1.83336 0.749026 9.17424e-18)
(1.69998 -0.451577 8.86486e-18)
(0.706163 -0.365065 9.08613e-18)
(2.88966 0.841873 1.3432e-17)
(2.07674 -2.67449 5.13766e-17)
(3.86713 -5.77796 2.71422e-17)
(8.11124 4.66409 -5.29231e-18)
(0.668343 0.192598 9.14697e-18)
(1.12415 5.80435 4.28875e-19)
(5.14897 -5.38781 1.89635e-17)
(0.494936 -0.414321 7.58845e-18)
(-1.63886 4.28867 8.13211e-18)
(0.369011 2.92118 1.15234e-17)
(0.420537 0.143059 7.83259e-18)
(-2.67183 6.40263 -2.09316e-19)
(0.21771 0.304915 7.26494e-18)
(6.86237 -0.029172 -6.46265e-19)
(0.395874 0.0365645 1.05618e-17)
(1.39832 1.51732 1.20725e-17)
(0.355762 -0.196951 -8.47369e-19)
(0.134963 0.313694 8.50534e-18)
(-0.0823598 0.206633 4.87581e-19)
(0.505955 0.459927 8.191e-18)
(2.6641 -3.57479 4.59236e-17)
(0.517617 0.999704 6.15499e-18)
(0.316395 1.20417 5.0323e-18)
(1.59081 1.51458 6.9634e-18)
(0.167817 0.525889 9.61266e-18)
(0.541223 0.258164 3.41707e-18)
(-2.14186 4.25974 2.19763e-17)
(0.765025 0.180464 8.96542e-18)
(-5.95963 5.03501 7.15473e-18)
(0.59168 0.476269 7.26643e-18)
(2.10646 -0.18955 8.97008e-18)
(0.388791 1.22895 7.8658e-18)
(0.215397 1.27985 4.89963e-18)
(6.15674 0.168479 3.35068e-17)
(1.67473 1.13534 1.00066e-17)
(0.233177 -0.139211 3.29438e-18)
(-0.0370817 1.43831 4.32414e-18)
(-0.0541222 1.15141 9.78283e-18)
(3.70993 -6.30865 3.08324e-17)
(0.562277 0.746475 1.00541e-17)
(0.512401 0.148248 8.34694e-18)
(1.47541 0.262791 1.05577e-17)
(0.683075 -0.219698 1.41099e-18)
(6.53865 -6.71588 2.63377e-17)
(2.82895 -5.99361 4.27608e-17)
(-0.270072 1.42714 4.46074e-18)
(1.72054 -0.727394 2.22595e-18)
(0.621117 0.15541 1.00939e-17)
(-2.61005 5.78612 8.17201e-19)
(0.916454 1.22623 1.16413e-17)
(1.71946 1.5737 1.08756e-17)
(1.34475 0.845679 5.00293e-18)
(2.8383 -7.39061 1.45254e-17)
(0.330329 -0.364324 2.86582e-18)
(5.40268 1.76953 1.84585e-18)
(-3.09046 5.08962 1.50602e-17)
(3.15002 -6.66082 3.73716e-17)
(1.61198 5.83285 -1.53571e-18)
(-3.70071 7.13063 -2.81674e-18)
(0.808292 -0.137988 2.4931e-19)
(0.211108 0.167709 5.16372e-18)
(-1.00389 0.0869227 5.22462e-17)
(-2.05742 0.618057 4.8801e-17)
(-1.28102 2.38927 4.76777e-18)
(-1.0542 1.88849 6.8167e-18)
(0.65618 0.0484336 1.0294e-17)
(0.946242 5.35214 -3.19107e-18)
(-0.672048 1.51061 3.46561e-18)
(0.0641656 -0.128048 -1.48e-20)
(-0.252039 -2.72954 5.39839e-17)
(0.688991 -0.26213 1.77253e-18)
(4.36313 0.701847 1.69592e-17)
(1.11032 2.47436 1.43038e-18)
(7.60547 4.80034 -5.94459e-18)
(0.314491 0.271938 8.65395e-18)
(0.237731 1.30963 8.47863e-18)
(-2.21926 2.38589 3.49004e-17)
(0.337222 0.155879 6.01901e-18)
(5.42013 -8.44317 2.08766e-17)
(1.6695 1.2082 5.49927e-18)
(0.916664 0.217245 9.56413e-18)
(2.81797 -8.82907 2.52037e-17)
(0.0535248 0.515072 1.06771e-17)
(0.558475 0.25598 8.04915e-18)
(0.614945 -0.538021 8.15942e-18)
(0.957939 -0.073144 8.05623e-18)
(0.630698 0.298718 7.69995e-18)
(0.462612 0.751196 4.66928e-18)
(0.324406 0.379973 9.35824e-18)
(0.69425 -3.89241 5.29454e-17)
(1.46411 1.38235 1.02031e-17)
(0.735535 1.26551 8.30794e-18)
(0.831151 -0.236265 7.89956e-19)
(0.346672 0.846482 3.68791e-18)
(0.0915156 -0.0925974 -1.98179e-19)
(0.468715 0.284652 9.63312e-18)
(0.381269 2.99887 9.60357e-18)
(0.176145 1.05548 3.58032e-18)
(-0.22459 1.18107 1.12742e-17)
(-2.97896 2.67278 2.62029e-17)
(0.0585596 0.0831757 2.07734e-17)
(6.84684 -9.6319 2.50395e-17)
(-2.14938 4.38001 1.04168e-17)
(2.15351 -7.66456 1.57029e-17)
(0.1408 0.138073 2.57253e-18)
(-3.65031 6.44821 -2.11362e-18)
(0.0686356 -0.254854 5.17455e-18)
(-0.102485 -0.355576 5.41674e-19)
(0.0970946 -0.143911 1.39478e-18)
(1.49352 -0.421665 9.3554e-18)
(1.40689 -6.66461 4.52651e-17)
(-0.00386342 1.10485 3.26125e-18)
(0.481785 0.00129543 9.31434e-18)
(0.411799 0.0505753 7.10424e-18)
(1.15346 0.481162 8.5261e-18)
(-1.24933 1.93091 5.92312e-18)
(0.594142 0.121562 9.94487e-18)
(-0.853417 1.48817 3.37556e-18)
(0.725828 0.414654 7.42967e-18)
(-1.41084 2.44867 5.03112e-18)
(-0.53181 1.00295 9.51888e-18)
(0.855918 -0.115218 3.14055e-18)
(-0.357196 1.15144 2.62735e-18)
(2.61166 -9.44811 1.52719e-17)
(-0.516007 0.0654995 -9.54224e-19)
(7.00137 5.21627 -5.46307e-18)
(-0.165993 -0.301388 3.96711e-18)
(1.79151 1.54375 8.05278e-18)
(0.0918029 0.234163 3.45829e-18)
(1.24629 1.26849 1.11243e-17)
(1.71884 -7.51831 4.29362e-17)
(0.627668 0.0110572 1.04219e-17)
(0.405836 0.19386 2.01716e-18)
(1.43825 6.22622 1.79764e-18)
(0.79274 0.0261081 -4.96435e-19)
(1.26395 0.43002 1.53518e-17)
(1.46732 1.0153 1.02768e-17)
(1.68351 -2.88719 4.74869e-18)
(0.531462 -0.125496 6.5465e-19)
(0.0878551 -0.0143941 -5.39976e-21)
(-1.87095 3.41612 8.52786e-18)
(3.06594 -4.99742 1.47153e-20)
(-0.558033 1.14338 1.95951e-18)
(-6.31928 4.17903 6.18942e-18)
(1.74375 -9.77259 2.99425e-17)
(0.783553 0.170503 9.99249e-18)
(0.338162 0.101492 7.37616e-18)
(0.484248 0.216567 8.63599e-18)
(1.87753 1.54251 4.74585e-18)
(0.772823 -0.287516 3.06866e-18)
(0.670862 0.171379 7.08758e-18)
(-3.17552 5.48447 1.02596e-18)
(0.622645 0.194983 7.40235e-18)
(-0.0515002 0.0839111 3.67223e-18)
(0.27261 0.662063 2.57298e-18)
(0.761449 -0.427322 9.2355e-18)
(-2.15534 -2.68266 4.87439e-17)
(1.63827 1.41801 6.9719e-18)
(0.444868 0.12943 9.15353e-18)
(0.36196 0.0467462 2.56083e-18)
(0.437642 0.48172 3.23186e-18)
(0.365241 0.162395 1.06075e-17)
(1.76564 -9.51466 6.11868e-18)
(0.695911 6.05472 -1.56991e-18)
(1.93874 -0.63093 8.88014e-18)
(3.88071 6.79249 3.93005e-18)
(4.84968 -6.94938 1.67928e-17)
(-4.91018 6.4253 1.37148e-18)
(0.746502 0.205156 5.7965e-18)
(-3.36141 0.240789 3.55662e-17)
(1.84759 0.58185 2.00689e-17)
(0.449025 -0.0118482 8.5768e-18)
(-0.0417697 1.17099 1.71497e-17)
(-2.83974 -0.199248 4.35994e-17)
(0.132346 0.75301 2.07864e-18)
(1.32132 1.06332 8.65762e-18)
(1.91809 -10.6351 2.39207e-17)
(-1.50032 -3.83383 5.02654e-17)
(0.660761 -0.321944 2.76612e-18)
(0.731391 0.265016 6.09462e-18)
(0.567951 0.941818 8.08021e-18)
(0.324246 -0.381823 3.4322e-18)
(1.66722 -0.392823 9.86589e-18)
(0.429186 -0.00472206 9.33593e-18)
(1.27621 -1.78307 2.15596e-19)
(1.26487 -10.9342 -5.9659e-18)
(-4.84969 4.45731 1.19967e-17)
(1.22001 -0.182218 4.24345e-18)
(-3.00848 4.83278 5.42981e-18)
(-0.12171 0.881215 1.65658e-18)
(1.80999 1.63897 4.90209e-18)
(4.84 -8.01996 2.87352e-17)
(-0.0137375 -6.892 4.39304e-17)
(0.267557 0.319762 1.34793e-17)
(-0.560209 -0.0320872 -7.5317e-19)
(0.946504 0.939279 7.55201e-18)
(0.098971 0.254609 4.40836e-18)
(-1.46458 2.18812 4.53039e-18)
(0.866374 -0.372413 1.55123e-18)
(0.503009 0.0559587 9.25907e-18)
(1.82818 0.767755 9.35745e-18)
(-0.437112 0.959363 8.83791e-18)
(1.25697 1.37689 4.8675e-18)
(-5.16368 2.33294 1.98021e-17)
(0.843887 -0.407427 1.94911e-18)
(-0.832378 1.19826 1.48504e-18)
(0.507607 -8.1131 4.17776e-17)
(1.69697 1.76467 5.73766e-18)
(-1.15302 1.59782 3.08863e-18)
(-0.320024 0.898419 8.06398e-19)
(0.215734 0.139189 7.15341e-18)
(-4.25474 5.91907 -2.49322e-18)
(1.58812 -12.5618 2.71396e-18)
(1.27444 1.0873 1.02935e-17)
(0.699914 0.197649 5.48369e-18)
(0.843394 0.681376 1.04922e-17)
(0.633761 0.172655 6.19234e-18)
(2.39333 -10.1317 1.49395e-17)
(-1.46251 1.90388 2.89533e-18)
(0.99232 -10.2491 3.53187e-17)
(0.0316724 0.215498 -5.59741e-19)
(6.26521 4.8632 -2.33033e-18)
(-0.395479 -0.166298 -1.44469e-18)
(0.740928 0.166352 5.19133e-18)
(0.406966 0.100196 8.44333e-18)
(0.115092 0.0592037 -9.31587e-19)
(-0.343426 1.00552 1.53598e-17)
(0.733917 0.167213 4.3892e-18)
(1.13803 1.44126 1.00872e-17)
(-2.12827 3.34156 1.02432e-17)
(0.428581 0.921706 1.21778e-17)
(0.952197 6.37442 2.56147e-18)
(-0.589102 0.906811 2.74659e-19)
(0.224554 0.192118 2.17933e-19)
(0.409258 -11.3533 2.99864e-18)
(-4.02355 5.35353 -2.21706e-19)
(0.330599 0.34118 2.04164e-18)
(-0.962128 1.01584 4.38252e-18)
(1.53242 1.42085 9.45246e-18)
(0.841225 -0.442161 1.14717e-18)
(3.68612 -12.0812 3.08294e-17)
(-1.27847 1.68187 2.07271e-18)
(-6.1833 2.75657 1.22263e-17)
(0.22052 0.417921 1.92964e-18)
(2.23067 -4.16535 4.51883e-18)
(0.0356244 0.760894 1.1104e-17)
(0.0363178 0.572645 8.38372e-19)
(0.835148 -0.472624 9.37541e-19)
(0.333108 0.0608848 8.72001e-18)
(0.159785 0.232162 1.99742e-18)
(0.492042 -0.0637909 8.76844e-18)
(1.04598 -11.2448 2.73584e-17)
(0.83462 0.739127 6.86929e-18)
(0.443676 0.0780133 1.14689e-17)
(0.818305 5.00498 1.72201e-18)
(1.64673 1.89619 7.06391e-18)
(1.52559 -3.38817 6.46918e-18)
(1.09063 -13.0485 -8.99396e-18)
(0.517971 -0.0710838 1.12984e-17)
(0.0527125 -0.136813 1.44685e-18)
(0.639271 0.199076 3.47974e-18)
(0.992931 -0.787134 8.69696e-19)
(1.07967 0.821586 8.18187e-18)
(-1.93097 2.66287 8.23713e-18)
(3.63639 -6.49325 1.28582e-17)
(0.36939 0.127507 1.45354e-18)
(0.483253 0.549835 7.73487e-18)
(-0.129783 0.609992 7.04697e-19)
(5.77218 5.41176 -1.05365e-20)
(-0.756584 0.911074 5.57452e-20)
(-0.990211 1.20378 2.20071e-19)
(1.5292 2.3874 5.49505e-18)
(1.09465 -13.1955 1.37506e-17)
(0.0715479 0.185288 1.99707e-17)
(-6.62599 2.81025 8.49844e-18)
(-3.79964 -2.99461 3.88488e-17)
(-3.16725 -4.03719 4.24463e-17)
(-2.00838 -6.59499 4.14291e-17)
(-3.34822 4.46122 4.29015e-18)
(-0.032006 0.671502 1.0787e-17)
(-5.47465 5.64363 5.77751e-19)
(0.24647 0.122634 5.49179e-18)
(5.08682 -8.28888 3.14488e-17)
(1.28835 1.21611 1.32855e-17)
(0.463718 -0.406861 -7.94272e-19)
(0.621726 0.28123 5.06884e-18)
(0.668732 1.03078 7.7748e-18)
(-5.41179 -0.542336 2.63304e-17)
(0.668587 -0.213414 1.39023e-18)
(0.71455 0.232126 2.43687e-18)
(-5.95511 0.525203 1.99359e-17)
(0.70872 0.248123 2.5189e-18)
(1.06441 -2.27006 5.36348e-19)
(-1.20098 -7.9825 3.94451e-17)
(0.49422 -0.155264 -1.17991e-19)
(0.6159 -0.536725 1.80977e-19)
(-0.367002 0.679886 -3.16969e-20)
(0.411071 0.0909614 -3.81008e-18)
(0.477471 0.246852 6.26813e-18)
(1.40449 1.73895 1.04216e-17)
(0.953065 -12.8054 2.21049e-17)
(3.34999 -10.582 3.23647e-17)
(-5.16613 5.30788 -1.10476e-18)
(1.03884 2.57095 6.32977e-18)
(0.090536 -0.0240643 4.17597e-19)
(0.0846228 -10.6551 3.19505e-17)
(0.416478 -0.0160378 8.36385e-18)
(1.02215 -14.0192 1.05724e-17)
(0.964776 1.50714 5.43025e-18)
(0.826486 6.6623 2.58646e-18)
(0.641507 0.183964 2.81303e-18)
(1.38262 2.35209 5.81464e-18)
(-2.88793 3.6802 8.39534e-18)
(0.335785 0.451164 8.28927e-18)
(0.216526 -0.0289266 7.01207e-18)
(0.130374 0.285554 1.43723e-18)
(0.436011 -0.314094 1.01024e-17)
(-1.73371 1.86953 9.00714e-19)
(0.715742 0.0522836 7.04677e-18)
(0.573392 0.17725 2.77429e-18)
(-0.522896 0.679263 -4.86036e-19)
(0.0633581 -13.7674 1.68803e-17)
(0.524304 -0.214225 -2.06505e-18)
(0.3158 -11.6752 3.05983e-17)
(0.62659 -0.341167 8.48758e-19)
(-0.212712 -0.144142 -1.26694e-18)
(0.279221 0.208561 1.69931e-18)
(1.16468 2.85763 4.15754e-18)
(0.0133489 0.337983 5.71472e-19)
(0.150242 0.164662 -1.61393e-18)
(-4.35848 4.83652 1.29649e-18)
(-0.701347 0.231228 4.1503e-18)
(0.317875 0.763414 7.70034e-18)
(-0.00465505 -0.246605 8.88937e-18)
(0.814408 0.227841 6.25238e-18)
(-1.28313 1.34856 1.5757e-19)
(0.0275704 0.175079 1.48404e-17)
(0.234658 0.376751 1.15228e-17)
(0.0745575 -0.244737 2.96826e-18)
(0.155515 0.116399 6.41434e-19)
(-2.21383 2.56677 8.75236e-18)
(-0.0355896 0.0480091 1.67419e-18)
(1.06059 -13.6772 2.22437e-17)
(0.924193 0.580117 6.92645e-18)
(2.58112 7.19511 2.69584e-18)
(0.764741 -0.409734 -3.0932e-19)
(-0.183857 0.42921 7.95812e-19)
(-6.44214 2.17371 1.15843e-17)
(0.736505 2.37744 4.82306e-18)
(0.671575 0.402672 1.58863e-18)
(0.719767 -0.281404 -1.40946e-18)
(0.499128 -14.8347 1.96211e-17)
(1.01557 1.17255 9.96583e-18)
(1.21075 -13.7859 3.21686e-17)
(0.622162 0.425821 2.89921e-18)
(-6.11824 4.50066 2.92887e-18)
(0.742429 -1.30412 1.03945e-18)
(0.307161 0.0617432 7.7853e-19)
(0.65028 0.276074 1.32681e-18)
(-0.996003 0.930144 -9.33646e-20)
(1.72341 -0.683358 8.68603e-18)
(-4.10057 4.34554 4.63001e-19)
(0.598483 0.232501 1.78919e-18)
(-0.112913 0.364725 1.2084e-17)
(1.03112 1.81553 8.47232e-18)
(0.42972 0.546704 6.88604e-18)
(-0.739499 0.672599 -4.36484e-20)
(0.961107 2.98322 4.9855e-18)
(0.241289 0.0338621 -2.81878e-18)
(0.618175 -0.0295859 1.60083e-18)
(0.624132 -0.297633 5.54943e-18)
(1.80952 -0.0731391 1.00948e-17)
(-0.309235 0.440989 1.32351e-19)
(0.732163 -14.5465 1.38954e-17)
(0.940257 2.38236 1.00924e-18)
(0.682787 -0.279672 5.66688e-18)
(-0.743736 -14.5477 2.1543e-17)
(0.0354253 0.0618611 5.8857e-18)
(-1.44081 1.39575 -8.03698e-19)
(-1.72623 1.58907 -8.45078e-19)
(0.423627 -0.0511998 1.07198e-17)
(0.328283 0.641458 8.15976e-18)
(0.36703 0.0452696 -4.29858e-18)
(-0.958678 0.263671 4.93897e-18)
(-2.21965 2.13797 3.59949e-18)
(0.747579 0.0667528 8.05987e-18)
(0.785789 -0.32361 9.79611e-18)
(-5.36461 4.6153 3.51993e-19)
(5.05358 4.61481 5.80689e-19)
(-3.91454 -6.45443 3.4943e-17)
(0.123756 -0.0238161 -1.24215e-18)
(0.832854 2.6577 1.04913e-18)
(0.213727 0.0415427 -1.94506e-18)
(-3.10818 3.2944 7.35105e-18)
(0.204387 0.126896 1.31982e-18)
(-3.18555 -7.62599 3.50531e-17)
(-1.74214 -10.4227 3.17511e-17)
(0.0974815 0.140312 1.06273e-18)
(0.47855 0.152922 1.78182e-18)
(0.671811 0.57251 6.43315e-18)
(0.572081 1.93923 5.25919e-18)
(-5.6955 -2.96751 2.50981e-17)
(-6.49572 2.06394 9.44672e-18)
(-5.12263 -4.09455 2.95747e-17)
(0.260182 0.268778 8.08499e-20)
(0.053622 -15.4538 2.40609e-17)
(0.695048 -15.9489 2.76602e-17)
(-0.069325 0.208174 7.76179e-19)
(0.740134 1.26512 7.98807e-18)
(-0.499961 0.468214 2.02236e-19)
(6.83471 3.51166 1.95992e-17)
(3.7486 0.431607 1.4853e-17)
(-0.0849509 0.080946 1.04626e-18)
(-0.0788671 0.467155 6.70367e-18)
(-0.936275 -11.6655 3.11473e-17)
(-1.18383 0.922227 -5.17649e-19)
(0.550653 -0.386402 1.95659e-18)
(0.646274 -0.338036 1.52931e-18)
(0.801125 1.89738 5.18317e-18)
(4.7696 5.15784 2.83423e-18)
(0.383074 0.0758244 5.82799e-19)
(0.80248 2.59431 4.01836e-18)
(0.0491165 0.280711 1.18169e-17)
(-5.13398 4.36173 7.36947e-19)
(1.5382 7.68595 3.50083e-18)
(-0.905837 0.663716 -4.03563e-21)
(-2.85999 2.72518 1.10873e-17)
(0.597385 0.663459 3.576e-18)
(-0.236779 -13.8617 1.66379e-17)
(0.639454 0.404823 9.12308e-19)
(0.665228 0.482296 1.04087e-18)
(-0.168142 0.243282 7.98849e-19)
(0.806025 2.36919 -2.63712e-19)
(-6.4171 -0.428804 1.69597e-17)
(0.0981074 -0.0133698 5.55445e-18)
(0.909329 2.82666 3.67936e-18)
(5.49421 0.0589805 4.21173e-19)
(3.68925 6.57701 -6.48558e-19)
(0.491039 0.716586 5.69787e-18)
(-6.71859 0.754735 1.17144e-17)
(-0.634685 0.443378 4.72606e-19)
(0.529912 -0.762942 6.05152e-18)
(0.558277 0.222459 1.51224e-18)
(-0.0404202 0.428613 1.04768e-17)
(0.457114 -0.625343 5.00184e-18)
(0.592987 -0.376791 2.11357e-18)
(0.191284 -0.00532628 1.01051e-17)
(0.395376 -16.1011 3.06315e-17)
(-6.10758 3.65553 1.43617e-18)
(0.475288 1.41301 8.21482e-18)
(0.370929 -14.7367 1.80242e-17)
(0.6406 -0.137377 -2.01295e-18)
(-4.27404 3.78154 6.29473e-19)
(0.542727 -0.0484043 -3.53501e-18)
(0.846255 2.53047 2.82744e-18)
(0.463631 -0.400127 5.02459e-18)
(0.463561 0.155591 1.53465e-18)
(-0.335927 0.285931 4.17983e-19)
(0.234509 -0.353163 -1.08747e-18)
(-2.52628 1.96345 1.42496e-18)
(0.410526 -0.0371716 9.38419e-18)
(0.664099 1.99904 6.58749e-18)
(1.13646 -4.60213 9.86389e-18)
(0.00694288 0.0552946 4.75017e-19)
(0.463189 0.415609 8.94047e-18)
(0.04332 0.0882653 2.08042e-17)
(0.189378 0.194923 1.18861e-17)
(0.309489 -0.889495 6.38934e-18)
(1.57297 -17.3173 1.41422e-17)
(0.176767 0.0249625 8.53557e-19)
(-3.80829 3.19928 4.31192e-18)
(0.289148 0.0152295 9.9073e-19)
(0.506282 0.858434 9.1808e-18)
(-1.95926 1.45155 -2.40221e-18)
(2.30266 -7.90525 1.55779e-17)
(0.640728 -2.93183 5.03988e-18)
(1.01427 2.72269 4.09631e-18)
(-0.100983 0.0769214 3.74373e-19)
(-5.98693 3.82109 6.35153e-19)
(6.1184 0.530951 -2.18688e-18)
(-0.421182 0.293074 9.15784e-19)
(0.292103 -0.0782764 1.01026e-18)
(0.422971 -0.546308 5.86698e-18)
(0.722555 1.40146 5.62876e-18)
(-0.391907 -0.513062 5.6441e-18)
(1.45884 -10.7083 5.37669e-17)
(0.682968 0.691102 1.72881e-18)
(0.148257 0.333178 -2.65579e-18)
(0.199781 0.640849 9.54853e-18)
(0.651046 0.418496 1.10705e-18)
(-1.48377 1.02122 -7.98662e-19)
(0.656895 0.770543 2.91944e-18)
(0.111464 -0.0467854 5.07907e-18)
(-1.20618 0.640604 3.52655e-19)
(-0.501004 -0.0249985 4.42035e-19)
(-0.493012 0.0203286 -1.08071e-18)
(3.14719 6.68522 -1.07068e-18)
(0.169672 0.165843 1.13085e-17)
(1.04427 2.74298 4.3514e-18)
(-5.3473 -6.06161 2.5627e-17)
(0.424137 -0.273376 3.8567e-18)
(0.571001 1.19733 7.22069e-18)
(0.570791 0.310174 1.3416e-18)
(0.22369 0.211637 1.15754e-17)
(-3.1999 2.38419 8.1128e-18)
(-4.87432 -7.22976 2.74075e-17)
(-3.47176 -9.84893 2.95449e-17)
(1.70922 -0.639995 8.5981e-18)
(-0.269662 0.139022 -1.29024e-19)
(0.305365 -0.0550973 6.66719e-18)
(1.31604 -13.8882 6.26321e-17)
(0.686495 -17.4508 2.91614e-17)
(-2.44252 1.58006 -1.69162e-18)
(-0.883407 0.401755 1.37346e-18)
(-5.3086 3.69935 -8.52777e-19)
(0.265562 0.157338 8.62254e-18)
(0.469256 -0.737782 5.97094e-18)
(0.600578 1.50658 8.86716e-18)
(-2.8003 -11.1295 2.81323e-17)
(-1.24502 -13.5797 2.24944e-17)
(0.630769 -0.120416 9.5013e-19)
(0.375242 0.497057 1.06356e-17)
(-3.11343 1.99644 2.34411e-18)
(-0.375878 -0.0785205 -9.09207e-19)
(0.651001 -0.186777 2.08974e-18)
(-0.0883317 0.896963 9.16405e-18)
(0.740341 1.68393 6.54151e-18)
(0.478079 -16.5414 3.87634e-17)
(0.99604 2.35982 7.2909e-18)
(0.549901 0.901426 9.8227e-18)
(0.425162 -1.84305 2.14217e-18)
(0.0428647 -0.069697 2.00798e-17)
(-0.325793 0.186295 -3.46718e-19)
(-0.825111 -14.7932 1.38271e-17)
(-4.98097 3.40737 -1.60307e-18)
(-1.89441 1.1881 -3.31651e-18)
(-6.54232 2.57703 9.4196e-19)
(-6.25102 -3.61982 1.91256e-17)
(0.10597 0.0951431 9.89464e-18)
(-0.602783 0.247866 7.99797e-19)
(0.00925893 0.0544206 8.40179e-19)
(0.0935252 -0.0331734 1.68595e-19)
(0.437081 0.109095 1.245e-18)
(-0.249783 -0.135758 -1.32618e-18)
(-0.37164 -16.4975 3.00305e-17)
(1.14416 2.62268 5.62002e-18)
(0.0204555 -0.153339 1.76507e-17)
(0.571243 -0.0628897 -1.2248e-18)
(-0.0486789 -0.0625489 -2.35889e-20)
(-1.48641 -15.545 2.00185e-17)
(0.637866 1.24282 7.57305e-18)
(-6.47986 -2.37248 1.48597e-17)
(0.257099 -0.888711 6.50617e-18)
(0.514743 0.209756 9.16702e-18)
(0.523468 -0.0985334 -2.04775e-21)
(2.1965 7.28012 2.84422e-18)
(-1.61379 1.08892 -1.26355e-18)
(-0.252111 0.0068638 7.86855e-20)
(0.128098 -0.00513298 -6.45613e-19)
(7.07498 3.00933 8.04497e-18)
(-1.39061 0.642465 5.30393e-19)
(-1.08718 0.353595 9.0484e-19)
(0.0970748 0.690892 9.977e-18)
(-4.07056 2.68352 5.21564e-18)
(0.0166578 -0.515798 4.01302e-18)
(0.20621 -0.00538587 3.40876e-19)
(0.328493 1.42041 4.05485e-18)
(0.521011 -0.20912 9.0241e-19)
(0.955376 2.11967 6.69024e-18)
(0.690021 0.601546 1.52144e-18)
(0.733613 1.08482 4.19734e-18)
(-0.376822 -16.1856 3.15281e-17)
(0.337223 1.80065 2.13654e-18)
(0.745544 0.741809 1.8239e-18)
(0.222951 -0.0136515 -6.07658e-19)
(0.197402 -0.928364 2.96443e-18)
(-2.67191 1.32617 3.79961e-19)
(0.0841442 -0.0133587 4.10063e-20)
(0.723599 1.27873 6.28528e-18)
(0.208475 1.98218 1.93709e-18)
(0.134631 0.672223 8.27457e-18)
(-0.755144 0.176856 2.24524e-18)
(-6.12326 3.0678 -4.92246e-19)
(-0.322753 0.0546771 -5.17266e-19)
(0.287514 1.15048 3.85098e-18)
(-0.466922 0.179367 1.09199e-20)
(0.153516 1.92434 2.43987e-18)
(0.868134 1.90979 9.7925e-18)
(0.0874114 -0.0341192 3.74134e-19)
(0.89554 -16.5634 3.22791e-17)
(-2.03921 0.941528 1.98893e-18)
(0.186618 1.90978 5.56109e-18)
(-6.67664 0.818415 7.95211e-18)
(0.212232 -0.000240737 3.66265e-18)
(-3.87908 2.27161 8.02123e-18)
(1.64909 -0.516372 8.75086e-18)
(-0.0156753 0.0545363 1.32399e-18)
(-3.37958 1.63715 1.11271e-18)
(0.739947 1.64108 7.60921e-18)
(-4.61933 -8.97725 2.2784e-17)
(-0.0108345 -0.164096 2.54695e-18)
(0.0242785 -0.171478 3.80084e-18)
(0.57076 0.300513 1.12486e-18)
(1.06397 2.26702 9.40447e-18)
(0.209455 2.25715 7.29082e-18)
(0.00041132 0.0448764 7.08238e-19)
(-5.88894 3.06668 -1.31434e-18)
(0.00697092 0.1555 6.39746e-18)
(-0.0270618 0.757789 7.88316e-18)
(-0.403037 0.166093 -3.89019e-18)
(-0.259548 -16.0771 3.56805e-17)
(-4.1374 -10.3457 2.55483e-17)
(1.20469 2.38975 8.14184e-18)
(0.422162 0.153973 8.1667e-19)
(-5.70287 -6.56493 1.91729e-17)
(-2.52932 0.964269 2.84145e-18)
(-1.85519 0.727581 6.73208e-18)
(-3.17575 1.26004 6.2303e-19)
(0.498986 0.952559 4.40634e-18)
(-0.513725 0.183021 3.76869e-19)
(0.173689 1.95288 4.00126e-19)
(-6.57995 -0.346594 6.3929e-18)
(-1.73504 0.72998 2.14996e-18)
(-0.476607 0.134829 -1.00518e-18)
(0.646266 -0.0441314 8.37875e-19)
(0.661477 -0.0491047 1.28926e-18)
(-5.07849 2.74673 -3.74004e-19)
(0.326598 2.55258 6.75171e-18)
(-0.235563 -0.0955216 -3.04926e-19)
(0.14394 2.09332 2.04241e-19)
(-0.153305 -0.116048 4.91937e-18)
(0.0233903 -0.111273 3.73866e-21)
(0.141083 2.28674 -1.5123e-18)
(-1.76433 0.933225 2.10868e-18)
(0.185599 2.4577 -2.47524e-18)
(-1.02233 0.0631498 2.36679e-18)
(0.101562 -0.423965 2.7497e-18)
(-2.6087 -12.8107 2.09095e-17)
(0.0625212 -0.0250933 7.43094e-20)
(0.0832912 -0.00505211 -1.0425e-19)
(-0.357862 -0.0989251 -2.20368e-19)
(-1.46401 0.370428 3.43441e-18)
(0.270562 2.51245 -1.96794e-18)
(-0.135992 -0.159005 -3.7357e-19)
(0.0427152 -0.0470843 2.98716e-19)
(1.00463 2.09029 7.71154e-18)
(0.18175 0.415725 7.46095e-18)
(1.05427 0.535122 1.01044e-17)
(-0.0193572 2.49629 2.79593e-18)
(0.248719 1.80935 3.59234e-19)
(-5.94433 -5.24727 1.63807e-17)
(0.802816 0.967676 2.94475e-18)
(-2.14035 -14.0871 2.04319e-17)
(0.614577 -0.012754 8.44014e-19)
(0.0394898 0.463523 9.25546e-18)
(-0.156395 -17.4706 1.92487e-17)
(0.930271 1.60962 7.15217e-18)
(-4.73128 2.42351 3.60733e-18)
(0.826026 1.10059 3.97215e-18)
(-0.407736 1.80431 -6.06266e-18)
(0.538993 0.022719 1.78219e-18)
(0.789242 -0.0476784 2.33628e-17)
(-0.629736 -0.0124194 8.81594e-19)
(-2.06324 0.445185 5.98602e-18)
(0.715125 -0.0849392 1.45036e-18)
(-1.66606 0.397776 4.70183e-18)
(-0.00143741 -16.6377 3.87389e-17)
(0.721762 0.619743 1.91067e-18)
(-4.17548 1.83442 4.35764e-18)
(-0.58601 0.0519499 -7.85151e-19)
(0.988328 1.86181 9.00644e-18)
(-2.12586 0.791813 4.78185e-18)
(0.108874 2.83146 2.80024e-18)
(-1.3624 0.00269747 3.96052e-18)
(0.0766188 -0.0245052 1.76878e-19)
(-0.457004 0.205503 -1.07197e-18)
(-0.0923041 0.608033 5.89099e-18)
(-2.65407 0.692559 4.26032e-18)
(-3.95526 1.49919 9.90951e-19)
(0.139085 -0.00733934 7.33395e-19)
(0.431952 2.83627 5.47554e-18)
(0.457831 -2.64048 5.72154e-18)
(0.573541 0.434017 1.72276e-18)
(1.20659 2.20888 9.42352e-18)
(0.0764591 -0.0190819 1.7945e-19)
(-6.62706 1.84011 1.30037e-18)
(-1.7898 0.12002 4.39991e-18)
(-1.84796 -16.7092 2.345e-17)
(-0.936359 -0.152402 1.19536e-18)
(0.949326 -4.64166 8.83943e-18)
(0.0538578 1.26069 -1.21182e-18)
(-3.2658 0.92019 2.99801e-18)
(7.79503 0.258495 -4.88248e-18)
(1.46056 -6.25453 2.40133e-17)
(0.487102 -0.290774 -2.71162e-18)
(1.21553 2.22975 8.46597e-18)
(-4.67002 -9.26517 1.35123e-17)
(8.25293 3.31095 6.14596e-18)
(0.0080952 0.489022 7.2154e-18)
(-2.26795 0.673861 4.94716e-18)
(-0.564419 0.147497 -1.1067e-18)
(-0.0944531 0.42722 7.27161e-18)
(-2.83214 0.428101 8.04121e-18)
(-1.61341 -0.446588 -4.32285e-19)
(-2.42616 0.267358 2.4379e-18)
(0.325424 3.18848 1.71443e-18)
(-0.177631 -0.0937525 4.21165e-19)
(0.28495 -1.6883 2.02194e-18)
(-2.41317 0.333084 8.68234e-18)
(-4.95596 -7.83101 1.84751e-17)
(-0.0370883 0.559521 7.5431e-18)
(-0.517594 0.0893364 3.20511e-19)
(-6.51426 2.22543 -5.09546e-19)
(0.099398 1.00177 3.5111e-18)
(-0.372444 -0.182269 2.04563e-19)
(0.354746 0.180238 1.01782e-18)
(0.115091 0.302279 1.21482e-17)
(-3.48246 -11.6579 2.04889e-17)
(0.0680682 0.435984 8.60244e-18)
(-5.89626 2.37192 -2.22797e-18)
(0.81396 -12.3792 5.22799e-17)
(1.22641 -13.4742 5.2612e-17)
(0.0853628 -0.0146807 7.83001e-21)
(0.0641623 1.08545 -1.81161e-18)
(-2.93772 1.56392 -8.80209e-18)
(0.154465 -0.145636 -4.98085e-19)
(-0.709231 -0.055538 4.57144e-19)
(-2.34577 -0.428253 -2.94784e-18)
(-0.0939578 -0.018968 5.65018e-18)
(-0.658606 0.0465833 1.40604e-19)
(1.02143 2.98915 2.21326e-18)
(-3.30646 0.624213 7.17877e-18)
(-6.15232 -3.36511 7.77213e-18)
(0.0688257 0.351644 2.6057e-17)
(-0.360681 -12.0132 2.16445e-17)
(-4.53533 -0.317258 -2.05042e-17)
(-3.98379 1.04377 1.74267e-18)
(-0.417275 -15.5928 3.97493e-17)
(0.0241127 -0.0976356 1.5331e-17)
(0.0324561 -0.12906 1.48595e-17)
(0.692936 0.0320186 1.66937e-18)
(0.07683 -0.0513536 -5.3209e-20)
(-4.57596 1.17179 -2.08312e-17)
(0.696815 0.0116238 1.05079e-18)
(1.01128 1.34896 5.03952e-18)
(-4.98166 1.8821 3.17132e-18)
(0.894926 0.98601 3.36216e-18)
(-1.35884 -0.374764 -2.36372e-18)
(-4.74772 1.62576 4.56989e-18)
(-0.769851 0.00287654 -1.10939e-19)
(-0.00115415 -0.123367 1.02882e-17)
(-0.00690857 0.0338475 1.94355e-18)
(0.15062 -0.954367 3.14743e-18)
(0.284493 -1.16013 4.05285e-18)
(-5.60512 2.30669 -1.26019e-18)
(-3.92308 0.773318 5.57672e-18)
(0.0570316 -0.0403571 -8.73571e-20)
(-0.410016 -10.6442 1.98424e-17)
(0.783371 0.814916 2.98232e-18)
(0.00573065 0.508003 7.26322e-18)
(1.07065 1.55545 6.38021e-18)
(0.170414 1.29404 -1.19375e-18)
(0.0403084 0.526366 6.57581e-18)
(0.137832 1.47641 -2.65142e-18)
(-0.646951 0.229034 -6.23192e-19)
(0.753704 0.00638425 1.08004e-18)
(0.071243 -0.0626172 -1.90485e-20)
(0.0533376 -0.0343914 -7.35808e-19)
(0.11315 1.63638 -3.22191e-18)
(-6.67739 0.00951425 -4.66316e-19)
(0.0687313 -0.0107709 3.51553e-20)
(-2.29079 -0.662652 -9.05808e-18)
(1.18216 1.9087 7.92454e-18)
(0.237507 -0.342988 4.21405e-19)
(0.0960366 1.74332 -3.95985e-18)
(-4.33011 -0.212821 -2.38295e-17)
(0.123952 1.89426 -4.69534e-18)
(-3.08119 -13.0022 1.60155e-17)
(0.0123649 0.100717 1.88851e-17)
(0.133853 2.09931 -5.26015e-18)
(0.727691 3.64569 -3.55985e-19)
(0.0303717 -0.0196764 2.13369e-17)
(-5.25335 -0.110981 -2.87785e-17)
(-4.79323 -0.328332 7.28698e-18)
(0.0661128 -0.00876555 -1.49151e-19)
(-0.2508 -10.8171 2.40746e-17)
(0.125008 2.31809 -2.79344e-18)
(0.301459 0.226578 2.18861e-18)
(0.582135 0.195399 2.95105e-19)
(-0.654705 0.259969 6.60598e-19)
(0.57476 0.45147 2.58961e-18)
(-4.45425 0.235245 2.03545e-17)
(1.23258 2.01545 8.2943e-18)
(-4.97923 0.358537 2.1178e-17)
(-0.988833 0.294023 -7.8639e-19)
(2.02731 -0.068894 1.15387e-17)
(-0.753833 -0.121799 1.75438e-18)
(0.132857 1.03429 -4.40443e-19)
(-4.70961 0.269871 2.08983e-17)
(0.0692442 -0.0468082 -9.83507e-19)
(-1.39754 0.0986748 5.90387e-20)
(-3.57399 -10.2341 1.51929e-17)
(-0.308317 -0.159638 1.58824e-18)
(0.373735 0.30748 9.1837e-19)
(1.67307 -0.378094 8.63766e-18)
(0.467206 -0.114975 5.35841e-19)
(0.0606805 -0.0306409 -6.21565e-20)
(0.142779 2.43352 -3.8508e-18)
(-6.34037 -1.88662 4.60368e-18)
(-5.4141 -5.85682 1.07864e-17)
(-0.944411 -0.12761 1.37398e-18)
(1.57983 3.01245 1.17286e-17)
(-2.13208 -0.0910363 -6.52583e-18)
(-0.00343551 0.515129 5.79098e-18)
(-4.64926 -0.285271 -2.72375e-17)
(-0.896038 0.405478 5.80032e-20)
(-0.10947 -11.1163 2.79318e-17)
(-3.27341 -11.6653 1.67849e-17)
(-4.72378 1.11914 2.16488e-18)
(0.233031 0.449019 5.9306e-18)
(-8.13688 0.298338 -2.93248e-17)
(-1.3609 -16.2052 1.62103e-17)
(-5.92734 -0.281173 -3.63159e-17)
(-5.38003 0.402191 2.11938e-17)
(-4.61542 0.871204 3.78831e-18)
(-1.35404 0.176629 -1.85618e-19)
(0.109053 0.871617 2.88941e-19)
(-0.0936488 -0.0576756 3.19659e-18)
(1.02158 1.06839 4.82062e-18)
(0.0866623 0.753063 1.8146e-18)
(-1.46871 0.514734 -8.02412e-19)
(-6.73794 0.89846 8.44719e-19)
(-0.621967 -14.736 3.22877e-17)
(-5.92812 0.00547894 1.12911e-17)
(-4.18719 -8.00536 1.38106e-17)
(-5.46455 1.58599 3.86534e-18)
(0.291025 2.73866 -4.60442e-18)
(-6.18713 0.208106 1.7516e-17)
(0.558733 0.47708 4.11202e-18)
(1.07078 1.15806 5.47091e-18)
(0.0275532 0.679203 2.25073e-18)
(-0.601654 -0.178519 2.5739e-18)
(1.61627 4.09302 1.18484e-17)
(-5.99385 0.21949 1.5847e-17)
(-1.33748 0.335871 9.5364e-19)
(0.026621 -0.424901 2.30924e-18)
(0.366937 0.24047 3.67341e-18)
(-0.865971 -16.8645 2.16079e-17)
(0.916652 0.729419 4.25506e-18)
(-6.38881 1.51812 -1.84858e-18)
(-0.967402 -0.258587 2.38826e-18)
(-6.41026 0.275869 1.87174e-17)
(0.0490178 -0.0363257 6.24638e-20)
(-5.72677 1.71515 3.34254e-18)
(0.0420692 -0.0237312 5.19268e-21)
(-6.21771 1.78904 -1.90437e-18)
(0.145487 0.532386 6.64856e-18)
(-2.07793 0.550138 -3.1256e-18)
(0.0529958 -0.00682515 2.92082e-20)
(-8.90945 0.126822 -2.56679e-17)
(-8.43196 -0.0838676 -4.73558e-17)
(-0.32423 -10.3114 2.8006e-17)
(1.28845 1.75515 6.08975e-18)
(0.0494689 -0.0181743 -1.54386e-19)
(-0.182204 -0.146049 2.26469e-18)
(-4.5225 0.385384 -1.54305e-17)
(0.0388284 -0.0233823 -3.84394e-20)
(0.730097 0.0592582 5.67023e-19)
(0.535349 -0.0380616 1.12504e-18)
(0.444218 -0.271119 -1.12581e-18)
(-1.55909 -0.0651557 7.72981e-19)
(-4.42727 -6.60625 1.2113e-17)
(-5.47454 -4.51967 7.93075e-18)
(0.0511589 -0.0283537 1.22654e-19)
(-2.69608 -10.1184 1.62586e-17)
(-2.9951 -8.72234 1.22809e-17)
(0.0197788 0.65389 1.97019e-18)
(-1.82764 0.800646 5.3119e-18)
(0.700625 0.0810124 1.08172e-18)
(-1.47174 -0.426456 6.5571e-19)
(0.133045 -0.149831 5.79921e-18)
(-6.04755 0.114694 -3.26331e-17)
(-0.750749 -0.419186 1.9756e-18)
(1.3156 1.83238 6.18642e-18)
(0.65136 0.153495 1.00933e-18)
(-2.0348 -14.4804 1.45251e-17)
(0.501158 3.28849 -6.14656e-18)
(-1.72803 0.0957322 1.5664e-19)
(0.876799 0.320105 4.75513e-18)
(-1.98732 -12.8406 1.48785e-17)
(1.10754 0.828512 5.53455e-18)
(0.0469288 -0.0311438 -1.39985e-21)
(0.0993416 0.683868 -5.02515e-19)
(-5.78897 0.467027 2.03205e-17)
(0.0613953 -0.119088 -2.98873e-19)
(0.10166 0.820694 -1.66561e-18)
(-2.19465 0.57797 1.12549e-17)
(0.0858927 0.942796 -2.53559e-18)
(-1.87185 -0.319275 2.42343e-18)
(-5.37918 1.10011 2.5519e-18)
(0.0511359 0.998975 -2.72997e-18)
(-2.19519 0.852297 -1.10952e-18)
(-8.83256 -0.142428 -5.32414e-17)
(0.0601112 1.11072 -3.15915e-18)
(-1.15224 -0.639089 9.38452e-19)
(-1.50496 -11.4897 1.55507e-17)
(0.00666807 0.644323 1.68243e-18)
(0.0791473 1.29213 -3.99708e-18)
(0.0866496 1.52191 -4.24979e-18)
(1.26959 0.873179 6.15649e-18)
(2.00523 0.303911 1.06404e-17)
(-1.71664 -0.782049 1.55915e-18)
(-5.31287 0.950542 4.18987e-18)
(1.49301 2.69691 1.20686e-17)
(-0.325516 -0.391049 4.0836e-18)
(-6.74878 0.299535 1.85036e-17)
(0.0499313 -0.010972 1.45748e-19)
(0.0310406 0.0485693 1.28444e-17)
(0.0681649 0.141412 1.2638e-17)
(0.040004 1.3859 -3.18118e-18)
(1.38577 1.5853 5.53402e-18)
(-4.89408 0.284894 -6.45665e-18)
(-2.4474 0.0772953 9.70749e-18)
(-9.69345 0.158432 -2.06698e-17)
(0.307127 -0.0151102 1.3423e-17)
(0.0214981 -0.00997302 -6.22503e-20)
(-9.37731 0.0976846 -2.32469e-17)
(0.645815 -0.397329 3.37355e-18)
(-2.54777 -0.591708 4.69583e-18)
(-9.46074 0.172765 -2.19719e-17)
(0.0989186 0.625198 3.70804e-18)
(0.387097 0.337733 2.33201e-18)
(0.0469556 -0.0339477 -1.35693e-19)
(0.0974248 1.55786 -3.72025e-18)
(-9.92701 0.177914 -1.89162e-17)
(-2.51667 0.838254 1.07393e-17)
(0.533409 0.0019329 4.70398e-19)
(-1.07002 -12.4826 1.66755e-17)
(-0.897869 -0.350874 8.72417e-18)
(-2.44448 -0.950233 5.4429e-18)
(-2.04296 -8.58073 1.45303e-17)
(1.61376 0.219397 5.25518e-18)
(0.0833338 0.567294 2.63103e-19)
(0.067246 0.480696 1.07616e-18)
(-5.97989 0.751404 -1.65521e-17)
(-2.82201 0.368273 1.2356e-17)
(0.0288753 0.439345 1.12417e-18)
(-6.03382 1.36259 4.32746e-18)
(0.919809 4.51976 -6.95738e-18)
(-1.31562 -0.683477 5.96504e-18)
(1.76464 3.97088 1.00555e-17)
(0.0412709 -0.0117477 -9.89459e-20)
(-7.07819 -0.181424 -2.40166e-17)
(-7.21258 -0.315508 -2.96095e-17)
(-8.92223 0.029928 -5.56908e-17)
(0.254569 0.395281 3.42564e-18)
(-1.44641 -13.966 1.78186e-17)
(-6.2199 1.23991 2.68265e-18)
(-3.18329 -0.944125 1.0447e-18)
(-3.0383 -0.32693 6.39406e-18)
(-6.37894 -1.0783 9.16366e-19)
(-0.646414 -11.3782 1.66305e-17)
(1.40579 1.43367 4.53792e-18)
(-6.45238 0.258886 3.83446e-19)
(-0.345865 -1.0181 5.47937e-18)
(0.0245512 0.464419 3.70324e-19)
(-5.9017 -1.40239 3.95768e-18)
(-1.0404 -10.4366 1.47854e-17)
(1.52816 1.80602 4.74924e-18)
(0.178767 0.279078 5.60891e-18)
(-3.33657 -6.56916 1.21946e-17)
(0.16935 1.86299 -4.40738e-18)
(-6.42144 0.871403 -1.55054e-19)
(0.0511452 0.0229013 3.55895e-19)
(0.0624236 -0.126424 8.41613e-20)
(0.0298279 -0.0477868 1.12826e-20)
(-2.46266 -7.29919 1.44846e-17)
(0.649341 -0.593902 3.96696e-19)
(-2.26713 -0.548338 1.40183e-17)
(-4.44738 -0.342961 -1.03781e-17)
(-6.49514 -0.1056 -3.78413e-17)
(-4.02696 0.238341 -3.1051e-18)
(0.0188963 -0.0106835 -2.97217e-19)
(0.63164 0.096877 8.77269e-19)
(-0.249901 -14.7364 3.18833e-17)
(-3.2548 -0.884051 7.11137e-18)
(-6.24794 0.479639 4.21501e-18)
(-5.82902 0.937532 3.49145e-18)
(1.70022 1.1022 2.46755e-19)
(-3.85181 -5.32017 1.09421e-17)
(-5.18216 -0.781947 -1.20301e-17)
(-10.2148 0.189126 -1.66479e-17)
(1.4725 1.61639 2.70749e-18)
(0.124827 -12.0015 2.57248e-17)
(0.609232 -12.2451 2.73932e-17)
(-1.30901 -15.5932 2.03082e-17)
(0.0196924 0.459216 -6.01582e-20)
(-4.05752 0.992536 -1.09765e-18)
(-0.695784 -11.7599 2.41147e-17)
(-1.38284 -0.469734 8.21038e-18)
(-4.80867 -4.73805 7.07094e-18)
(1.25643 2.6067 9.24867e-18)
(-5.88095 0.940295 4.81583e-18)
(-3.93115 0.681318 1.04752e-18)
(-6.29025 0.526346 1.90191e-17)
(0.0301481 -0.0231766 -4.14019e-20)
(-6.13143 -0.4059 3.07777e-18)
(0.383077 2.67455 -6.80605e-18)
(0.0626844 0.463468 1.02398e-18)
(-1.48862 -0.37907 -9.42142e-19)
(-7.12616 0.0918377 -2.03858e-17)
(0.470176 0.034283 1.87596e-19)
(-5.64556 -0.555516 6.50444e-18)
(-5.52405 -0.459187 -2.17745e-17)
(-5.04384 -0.0692814 -1.79403e-17)
(-6.59981 0.0985183 -2.23514e-17)
(0.0351298 -0.000798396 -1.06768e-17)
(-6.51067 -0.0421102 -4.13104e-17)
(-8.48415 0.243665 -4.52771e-17)
(-6.25147 0.881401 4.56913e-18)
(-5.29925 -3.34194 5.6863e-18)
(-6.89255 0.0794698 -2.17934e-17)
(-0.569654 -10.9162 2.27969e-17)
(1.41102 1.79817 -2.31212e-18)
(-6.95007 0.0979074 -2.11777e-17)
(-6.03508 -2.44031 1.79836e-18)
(-5.87211 -0.708296 -7.03407e-18)
(0.0207202 -0.0615977 -2.16434e-19)
(-2.52602 0.499215 7.86331e-18)
(-7.1629 0.329315 1.736e-17)
(-2.84161 0.155931 1.09487e-17)
(-0.748586 -12.9226 2.64904e-17)
(1.2253 3.03793 6.5997e-18)
(-5.18868 -2.09522 7.77404e-18)
(0.0661083 0.334134 5.00978e-18)
(0.112505 0.461475 2.03716e-18)
(-5.96243 0.141926 6.23579e-18)
(0.0350685 -0.0213725 -4.73379e-20)
(-5.94638 0.209707 -1.54822e-17)
(-4.63981 -1.96594 1.0729e-17)
(-1.96496 -7.22526 1.53491e-17)
(-3.25464 -4.9485 1.37525e-17)
(-6.26811 -0.60075 -1.79048e-17)
(-5.01702 0.295324 -1.15673e-17)
(-7.26574 0.102422 -1.8368e-17)
(-2.48917 -5.95525 1.77748e-17)
(-5.96494 0.695061 4.80748e-18)
(0.539076 2.54285 -1.18657e-17)
(-3.86936 -3.7878 1.19401e-17)
(-2.11731 1.04747 -1.53321e-17)
(-0.451643 -10.4788 1.43437e-17)
(0.00495156 -0.0152559 -1.02983e-19)
(0.00174608 -0.00804017 -2.29312e-20)
(-5.73635 0.500461 -8.83853e-18)
(-4.76812 -3.22582 9.55209e-18)
(-1.09882 -9.31121 1.09731e-17)
(0.580834 0.157797 2.43306e-18)
(1.67095 -0.362725 9.04088e-18)
(-6.69188 0.18065 -4.17536e-17)
(-6.35718 0.141625 -3.89223e-17)
(-5.49673 0.234512 6.62162e-18)
(-6.77845 0.531929 1.75732e-17)
(-6.86132 0.00591607 -3.80297e-17)
(-5.28499 -1.06146 9.17256e-18)
(1.20946 6.33511 -1.18452e-17)
(0.710004 4.21105 -9.95883e-18)
(-6.63269 -0.18259 -1.34239e-17)
(-3.44514 1.78826 -4.61963e-18)
(-2.04941 2.39984 -2.13248e-17)
(1.12006 3.78137 4.77776e-18)
(-0.421438 -7.85052 1.7785e-17)
(-0.36309 -7.31037 1.6661e-17)
(1.1343 3.82637 7.69248e-18)
(-0.481341 -10.3429 1.97745e-17)
(-6.88076 0.366594 -4.32437e-17)
(-7.2014 -0.00173104 -3.25274e-17)
(-4.46969 2.55137 -2.41407e-17)
(0.497349 0.248896 2.94207e-18)
(-3.71216 2.27259 -1.58581e-17)
(-5.31847 -1.1912 1.08953e-17)
(1.26285 4.96453 2.88361e-18)
(0.0193552 -0.00209766 -1.42099e-19)
(0.0198703 -0.0225524 6.61145e-20)
(-6.26485 0.829569 6.04241e-18)
(-5.89263 1.23181 -2.25845e-17)
(-2.4218 -6.11013 1.34995e-17)
(-10.5246 0.203894 -1.47033e-17)
(-7.43326 0.111236 -1.64146e-17)
(-6.35346 0.640522 6.90531e-18)
(-3.44101 -3.51503 1.2253e-17)
(-5.19597 0.723275 -7.29455e-18)
(-3.33461 -5.02681 1.18114e-17)
(0.525335 5.19642 1.46524e-18)
(-2.35551 -7.68247 3.48531e-18)
(-4.38321 -2.55008 1.16606e-17)
(-7.32378 0.270585 -2.67244e-17)
(-0.324005 -6.97209 1.5762e-17)
(1.05839 5.50718 -6.71327e-18)
(-0.563762 -14.1841 2.96423e-17)
(0.692706 4.25056 3.57788e-18)
(-4.83466 0.0490263 -3.07408e-17)
(-1.0044 -9.15956 7.10431e-18)
(-4.80624 0.171696 -3.40416e-17)
(-8.18243 0.399742 -4.73394e-17)
(-5.45236 0.187371 -3.31663e-17)
(-5.14248 -2.66018 8.83925e-18)
(-0.445337 -8.65151 1.96729e-17)
(-6.05 -0.721818 7.50469e-18)
(-0.696974 -9.58983 1.78017e-17)
(-2.59481 4.51178 -2.54871e-17)
(-7.60624 0.340131 1.57204e-17)
(-5.0133 0.0272211 -2.59983e-17)
(-6.58147 0.851888 -2.26481e-17)
(-3.65818 4.42464 -2.27009e-17)
(0.695233 8.80985 -2.32165e-17)
(0.422433 9.44299 -2.47563e-17)
(0.397004 6.84715 -2.08824e-17)
(-7.23038 0.464424 1.68629e-17)
(0.393808 0.056172 9.1698e-19)
(-7.74278 0.444354 1.65931e-17)
(-5.12839 0.173599 -2.15461e-17)
(-3.61705 3.2759 -3.37124e-17)
(-6.12992 -2.22144 6.05188e-18)
(-2.891 -7.1076 1.38212e-17)
(-0.396699 -6.65846 1.23514e-17)
(-7.79229 0.143298 -1.29708e-17)
(-10.8471 0.206444 -1.30516e-17)
(-11.1665 0.148901 -1.16307e-17)
(-7.33878 0.471043 -4.22766e-17)
(-1.53845 -7.50194 1.97309e-17)
(-5.04061 0.243049 -3.36441e-17)
(-4.88099 0.53155 -1.7479e-17)
(-4.13706 -5.86621 1.11357e-17)
(-7.58128 -1.54092 1.12214e-17)
(-4.2471 -5.24568 1.00132e-17)
(0.291779 6.15205 1.67706e-18)
(-0.832173 -5.76492 1.31523e-17)
(-3.47532 1.08718 -1.36568e-17)
(-3.96632 1.82418 -1.50711e-17)
(-2.82707 4.30018 -2.70159e-17)
(-7.71291 -2.49539 4.84595e-18)
(-7.17259 -3.27678 7.56997e-18)
(1.27642 7.54777 -3.74325e-18)
(-8.06035 0.248576 1.39972e-17)
(-5.72461 -4.06524 8.76715e-18)
(-1.03105 7.00101 -2.51471e-17)
(-1.54093 -3.0451 1.45833e-17)
(-2.92742 -3.42982 1.59659e-17)
(-3.38287 5.0754 -2.7691e-17)
(-0.215857 -9.71377 2.23821e-17)
(-7.55638 -1.95351 -2.79762e-19)
(-4.27756 -1.19967 -4.0751e-18)
(-4.64938 -1.8973 -2.79604e-18)
(-4.73514 -4.41968 9.78051e-18)
(-8.01914 -2.38601 4.39969e-18)
(-0.000857637 0.0167867 -2.74473e-19)
(-0.0217068 0.0156593 -2.9738e-19)
(-0.517576 -1.29718 -2.50369e-17)
(-0.0130273 0.0190525 -2.04086e-19)
(-1.47816 -0.721734 7.33615e-18)
(-0.00996956 -0.0121412 -2.14088e-19)
(0.197718 7.1483 -1.56169e-17)
(0.44493 10.2402 -2.1663e-17)
(-5.49815 0.350706 -3.4613e-17)
(0.245953 9.77973 -2.14186e-17)
(0.178476 7.13038 -2.03848e-17)
(0.601908 6.40931 -1.77035e-17)
(0.00396021 10.8413 -3.6255e-17)
(0.654234 8.58619 -2.16252e-17)
(0.782808 5.61227 -1.39488e-17)
(1.01177 7.8474 -1.63777e-17)
(-11.3485 -0.44625 -1.08219e-17)
(-7.74944 -0.269507 -1.65124e-17)
(-7.60959 0.125158 -1.45521e-17)
(-6.24052 -0.985001 -9.91418e-18)
(-10.0881 -1.73596 -1.13339e-17)
(-7.96902 0.153142 -8.5175e-18)
(-11.3482 -0.0152854 -8.95257e-18)
(-2.34764 -1.60785 -1.282e-18)
(-1.36148 1.09944 -1.1599e-17)
(-1.35302 1.77876 -1.27421e-17)
(-1.74255 3.84892 -1.3941e-17)
(-1.18112 3.72672 -1.40588e-17)
(-0.60053 6.58759 -3.09371e-17)
(-2.99147 6.31454 -3.34576e-17)
(-7.95678 0.128265 -1.23791e-17)
(-5.98574 -3.05693 5.33135e-18)
(8.92312 2.55307 3.96745e-18)
(-8.43439 -2.50224 3.38205e-18)
(-8.54847 0.0553996 1.41113e-17)
(-8.99559 -0.666366 9.69174e-18)
(0.48475 0.110918 2.39656e-18)
(0.278518 0.0799723 1.80758e-18)
(0.103198 -0.0401959 2.44296e-19)
(-0.0087699 -0.0647489 2.14715e-17)
(0.0189277 0.039793 4.6606e-19)
(0.0638729 0.210428 4.60705e-18)
(0.383072 0.258044 4.1202e-18)
(2.03208 0.646193 9.45976e-18)
(0.752891 0.0161859 1.97027e-17)
(0.312073 0.360848 5.56843e-18)
(0.264867 0.167626 4.44932e-18)
(0.137397 0.129496 -1.5645e-18)
(9.50009 2.80921 4.72396e-18)
(0.0445161 0.0213998 2.17101e-19)
(0.0301079 0.0403782 1.62003e-18)
(-0.0132718 0.0822101 4.63676e-18)
(0.0190739 0.0401929 3.20523e-19)
(1.79653 1.20686 7.24993e-18)
(0.101701 0.0798222 -1.41557e-18)
(0.0823957 -0.0155795 1.65722e-19)
(1.91152 -0.259815 1.17899e-17)
(0.0177049 -0.00196459 1.23214e-19)
(0.401108 -0.321194 4.06719e-19)
(1.84015 -0.469099 8.39297e-18)
(0.0771669 0.0058797 2.33486e-19)
(-0.124936 0.196744 1.80154e-18)
(-0.170344 0.448433 1.78568e-18)
(0.0478139 -0.0163064 6.98019e-19)
(0.0172248 -0.0041453 8.42343e-19)
(0.0693505 -0.0230107 -3.52339e-19)
(0.0146531 -0.00531416 6.502e-19)
(0.0363554 0.00432135 8.79515e-19)
(0.021203 0.0015831 9.23183e-19)
(0.0948603 -0.110025 6.08776e-19)
(0.0043388 0.0336591 6.24067e-19)
(0.053292 0.00593746 1.12512e-19)
(0.0995305 -0.0268295 1.33327e-17)
(0.0488958 -0.00186601 1.18212e-17)
(0.0568548 -0.000888299 1.26958e-17)
(0.0349484 0.011049 1.56143e-19)
(1.82529 -0.464949 8.13826e-18)
(1.65891 1.27995 7.22374e-18)
(0.101604 0.0133739 1.39665e-17)
(0.402784 0.0369852 -8.49825e-19)
(0.338223 0.0486274 -5.80117e-19)
(0.0665552 -0.00602596 2.20455e-20)
(0.0751737 0.000935769 1.05693e-19)
(0.0896752 -0.0373345 -4.17957e-19)
(-0.0420584 -0.0484381 2.03323e-17)
(9.30207 1.6511 4.0909e-18)
(0.0335537 -0.0350715 2.11572e-17)
(0.0991881 0.0651535 -9.23387e-19)
(0.0688362 0.0896899 -9.47935e-19)
(0.0469248 0.0192875 1.31953e-17)
(0.0702277 -0.0134324 5.5901e-19)
(0.0474342 -0.00766016 7.68547e-19)
(0.0728667 -0.00911247 3.24597e-20)
(0.0651996 0.00650336 1.22892e-18)
(0.0495077 0.0131374 2.0573e-19)
(0.0594726 -0.00649886 1.09361e-18)
(-0.00273363 0.0256077 -5.6203e-19)
(-0.00235345 0.0506784 -6.52458e-19)
(0.112413 -0.129801 -2.05304e-19)
(1.99219 -0.49905 7.75908e-18)
(0.0586403 -0.0609473 2.06671e-17)
(8.7656 1.59138 -2.29187e-18)
(0.0488363 -0.00211224 -8.69223e-19)
(0.0946874 -0.0389507 1.90737e-17)
(0.429366 -0.0966444 -1.61236e-18)
(0.0671814 -0.0521822 2.01589e-17)
(0.287938 -0.20697 2.14844e-18)
(0.137082 -0.0137484 1.91885e-17)
(1.95368 -0.484287 8.41608e-18)
(0.0749582 -0.0299438 2.04501e-17)
(0.293415 -0.264765 3.40932e-18)
(0.44115 -0.355086 2.48754e-19)
(0.0228785 -0.0348557 1.3383e-17)
(0.223423 -0.141865 2.42077e-18)
(0.0603384 -0.00675161 2.10755e-17)
(0.394793 -0.14139 -2.73432e-18)
(0.0762249 0.05966 1.83919e-17)
(4.82489 1.5143 1.81109e-17)
(0.391581 -0.18827 -7.12454e-19)
(1.99357 -0.473903 9.52933e-18)
(-0.213998 0.120858 3.16316e-18)
(0.0379091 0.101714 2.00978e-17)
(4.17602 3.6487 7.21372e-18)
(0.0551283 0.059283 2.02164e-17)
(0.43448 0.121881 -1.13495e-18)
(0.021153 0.0348678 1.38147e-17)
(0.38661 -0.358026 1.33671e-18)
(1.95102 -0.425475 1.03447e-17)
(4.09635 5.67295 5.42773e-18)
(0.114622 0.031803 -6.99478e-19)
(0.32393 -0.054039 -2.8047e-18)
(0.00602092 0.0487789 -5.24438e-19)
(1.99963 -0.398527 1.25576e-17)
(4.68914 1.69691 9.58539e-18)
(0.250287 -0.0333702 1.63715e-19)
(4.50232 2.38251 1.69176e-17)
(1.98892 -0.200481 1.20854e-17)
(0.063896 -0.0499425 2.21544e-19)
(2.10195 -0.0349004 1.11613e-17)
(4.35448 2.83135 8.78071e-18)
(-0.0243003 -0.032278 2.10982e-17)
(2.09519 0.494619 9.98535e-18)
(-0.0196775 -0.0714642 2.15499e-17)
(0.0182752 -0.0622145 2.04856e-17)
(0.0278806 -0.0551457 2.08073e-17)
(-0.00307941 -0.0511816 3.73782e-19)
(2.02721 0.230818 1.06448e-17)
(0.0788139 0.02487 -6.18453e-19)
(0.0736962 0.00282625 -3.05514e-19)
(4.2673 4.64566 6.32613e-18)
)
;

boundaryField
{
    patch0
    {
        type            noSlip;
    }
}


// ************************************************************************* //
