/*--------------------------------*- C++ -*----------------------------------*\
  =========                 |
  \\      /  F ield         | OpenFOAM: The Open Source CFD Toolbox
   \\    /   O peration     | Website:  https://openfoam.org
    \\  /    A nd           | Version:  8
     \\/     M anipulation  |
\*---------------------------------------------------------------------------*/
FoamFile
{
    version     2.0;
    format      ascii;
    class       labelList;
    note        "nPoints:2086  nCells:1924  nFaces:6815  nInternalFaces:2805";
    location    "constant/polyMesh";
    object      neighbour;
}
// * * * * * * * * * * * * * * * * * * * * * * * * * * * * * * * * * * * * * //


2805
(
1
18
84
4
201
3
9
116
5
328
112
204
6
154
7
493
8
191
10
622
55
652
11
224
13
744
16
51
315
17
276
15
87
377
61
117
33
504
19
887
56
1813
23
333
41
83
122
24
52
408
30
35
43
138
1038
31
342
26
42
256
81
324
34
86
201
37
68
204
38
73
176
39
935
36
264
84
170
200
39
538
55
139
67
178
40
372
112
136
72
291
703
42
349
51
266
350
60
538
57
244
309
68
92
272
56
185
269
57
65
78
88
184
1908
88
122
294
53
69
557
134
649
990
64
943
92
230
268
174
1858
58
86
250
98
108
336
62
527
71
928
79
800
72
547
1030
95
584
76
140
90
124
331
85
1005
111
79
1900
89
147
177
141
345
476
74
285
77
265
99
126
161
96
119
127
248
114
469
542
97
275
1055
91
606
133
150
221
101
115
120
533
565
140
605
1043
878
94
123
282
691
103
374
109
104
109
403
101
245
359
1818
110
247
673
1907
102
173
147
233
116
131
157
134
480
715
173
715
107
135
172
215
1311
131
137
211
146
783
148
432
128
130
419
128
137
139
133
160
341
119
1316
123
294
144
181
399
149
579
819
168
280
284
151
156
1865
1887
375
141
347
146
155
165
152
562
215
219
169
145
300
1403
158
188
153
161
209
395
1029
354
165
169
137
157
784
1902
652
174
873
269
351
200
346
154
162
400
1857
190
208
216
482
311
463
271
390
163
186
208
162
278
171
166
220
167
1868
652
192
567
221
235
445
176
189
268
179
195
1869
271
295
352
202
183
222
404
844
188
1822
211
204
272
191
193
249
267
262
247
197
217
1423
690
233
726
556
576
193
322
205
232
316
240
450
248
285
1806
194
260
1023
1903
201
250
207
979
205
214
371
254
285
1178
217
1126
203
226
314
206
213
261
210
214
225
442
198
199
232
258
229
1833
280
222
253
218
224
241
218
365
243
310
245
233
239
1867
253
223
236
784
228
319
326
263
303
571
220
237
298
334
258
309
238
255
963
246
234
392
286
692
249
340
632
252
318
270
279
346
395
274
282
480
279
277
513
390
242
293
259
413
261
301
251
373
552
289
330
302
1902
297
1214
351
445
310
259
276
328
263
355
351
281
1864
283
383
278
314
1875
296
299
388
396
289
308
440
260
288
316
290
429
432
1859
364
378
320
386
306
1884
298
381
403
592
321
1873
341
346
308
327
382
336
363
416
422
304
292
455
301
330
955
287
927
312
369
719
1813
329
489
300
1866
317
468
326
318
339
320
427
335
616
299
353
725
323
443
344
1043
343
423
401
361
322
307
362
415
640
317
333
327
349
448
315
490
370
1896
358
469
354
348
731
338
452
332
366
990
426
462
319
357
337
371
472
367
384
339
499
589
349
517
340
431
1055
382
372
419
398
840
384
387
393
391
1529
1056
386
447
360
525
405
369
389
368
434
365
460
589
366
397
402
1676
376
377
380
399
379
407
587
633
364
409
390
952
362
420
423
381
475
844
1828
1876
412
582
408
564
600
1228
410
755
376
417
425
387
430
424
389
428
421
1893
414
524
394
385
436
383
408
487
611
388
435
726
957
457
450
397
439
380
444
459
510
392
442
440
456
1909
526
449
441
413
411
451
448
407
465
434
438
409
454
461
453
673
479
758
1855
447
543
464
577
562
1922
430
482
422
473
1891
466
470
446
628
471
1827
477
1115
438
467
536
505
737
431
511
420
506
555
565
660
493
494
474
502
495
504
439
485
436
500
489
597
546
559
451
484
435
491
497
522
488
458
492
1851
481
486
509
490
1832
1884
468
503
502
454
498
452
637
745
478
483
480
927
574
455
465
512
501
508
513
549
1007
507
517
473
523
501
521
463
520
496
519
475
566
484
516
538
800
530
534
1850
514
483
515
529
653
518
1029
485
528
492
532
568
625
544
537
1906
607
559
665
531
752
496
548
519
552
518
536
551
535
540
539
498
550
647
786
491
571
613
672
545
553
567
500
586
511
570
581
512
563
554
541
558
578
611
564
516
560
577
644
779
521
601
528
572
532
569
523
595
543
657
588
573
524
515
583
575
580
525
582
630
561
591
645
566
621
620
616
606
625
662
556
585
590
602
685
561
599
605
1174
604
555
612
617
774
596
598
624
649
1830
560
610
569
614
789
1030
585
594
697
570
639
550
638
568
756
603
619
598
615
1907
1913
631
563
640
677
591
634
572
636
629
626
593
594
637
772
803
623
650
783
641
649
608
671
622
760
642
663
648
643
583
651
662
720
596
664
612
654
703
595
680
659
660
614
646
627
667
676
655
593
618
661
601
681
609
869
621
675
690
610
658
668
1369
1858
704
678
688
686
632
1311
683
633
656
635
813
695
691
821
665
806
634
669
928
628
657
722
801
1910
780
877
666
674
679
673
1098
670
627
682
653
728
1882
635
727
754
789
639
708
700
692
646
684
676
685
785
654
689
721
715
659
696
667
724
636
702
1098
701
709
841
693
1031
648
705
729
706
651
712
669
698
658
707
751
879
674
718
699
762
805
737
694
710
716
755
723
664
730
694
717
781
714
731
1920
689
711
810
675
749
741
880
684
735
770
710
748
746
698
733
722
742
800
1900
805
763
752
724
786
711
740
696
747
681
775
792
734
738
734
736
750
782
736
761
713
1263
1872
708
796
768
1030
873
744
707
771
799
718
788
765
720
836
767
733
764
742
795
739
780
705
769
774
740
757
787
712
779
766
811
748
776
814
817
773
1385
1812
735
777
730
793
739
791
822
892
1084
859
759
807
804
747
778
830
957
1220
757
944
801
1005
749
825
808
790
754
1039
1843
794
827
802
824
798
759
816
820
858
761
828
831
1113
1228
1894
840
952
1249
776
809
815
832
838
764
818
884
945
850
754
806
987
821
875
911
903
1196
1341
848
863
883
851
893
974
795
870
834
790
829
777
835
809
826
778
823
771
842
807
854
833
812
960
793
862
935
796
895
857
843
852
855
864
836
853
850
873
979
1056
883
901
899
798
846
792
906
812
869
845
849
894
865
826
847
891
896
943
1280
1313
879
849
871
1901
818
867
911
975
853
876
861
988
897
828
886
874
901
920
825
912
1039
1114
1142
871
881
829
868
837
882
823
866
885
1851
1915
856
898
927
861
909
907
888
889
924
890
860
889
915
900
854
921
876
926
881
902
835
910
847
905
904
919
860
936
870
942
1023
1821
887
1142
1162
846
908
867
917
1861
856
933
929
922
882
931
937
928
888
939
868
916
940
949
862
945
950
902
918
866
914
920
972
954
966
934
875
1081
898
956
886
947
964
932
948
925
961
953
877
956
1116
918
930
1094
970
999
1219
1911
938
975
1064
962
959
1093
976
1017
905
951
965
1007
985
978
930
946
926
992
955
1537
966
1021
895
1022
1008
912
1014
931
980
982
921
974
925
958
1104
971
914
1077
917
973
967
909
1020
916
969
910
977
1052
968
1149
1015
941
1352
1035
939
991
1001
984
983
972
995
1129
1006
946
986
1207
1341
1812
942
1033
999
1025
938
981
993
1012
951
1000
989
996
947
1016
1005
998
1003
989
994
1017
1028
995
1024
1313
1878
1047
1885
1162
1262
1013
1010
1026
958
1011
980
1042
1002
1032
1019
994
1004
997
1034
1041
1053
1003
1045
1215
1224
992
1069
1004
1018
1115
1174
969
1036
991
1050
1058
986
1040
973
1049
1070
1024
1066
1018
1027
1146
1046
1067
1194
1088
1090
981
1048
1034
1044
1126
1071
1061
1032
1062
1027
1037
1000
1057
1044
1059
1054
1009
1177
1064
1193
1060
1830
1076
1087
1037
1051
1063
1163
1002
1086
998
1109
1092
1065
1068
1011
1072
1103
1078
1074
1042
1097
1038
1014
1124
1257
1872
1051
1073
1100
1045
1089
1016
1088
1125
1033
1137
1082
1075
1079
1040
1080
1022
1156
1155
1211
1118
1898
1190
1066
1130
1050
1096
1083
1059
1099
1178
1215
1347
1107
1138
1112
1036
1186
1143
1091
1923
1159
1095
1062
1122
1133
1174
1132
1123
1057
1110
1069
1152
1049
1108
1105
1127
1102
1058
1170
1065
1111
1073
1117
1098
1115
1120
1240
1158
1101
1135
1075
1121
1144
1101
1119
1255
1157
1229
1097
1155
1080
1136
1168
1072
1139
1089
1153
1166
1145
1119
1128
1161
1099
1151
1262
1344
1131
1141
1128
1134
1147
1300
1308
1096
1167
1134
1140
1400
1895
1116
1122
1335
1135
1171
1130
1208
1160
1182
1161
1184
1140
1148
1131
1154
1308
1312
1300
1326
1117
1164
1176
1201
1204
1111
1173
1185
1148
1169
1172
1183
1129
1312
1110
1192
1228
1320
1818
1172
1181
1121
1188
1175
1179
1189
1212
1179
1180
1114
1157
1187
1124
1233
1191
1136
1197
1221
1199
1141
1213
1218
1137
1230
1214
1151
1202
1198
1339
1285
1195
1180
1200
1153
1225
1205
1203
1206
1256
1152
1271
1143
1244
1210
1216
1283
1181
1227
1169
1217
1340
1353
1164
1222
1223
1326
1372
1357
1874
1886
1242
1274
1245
1175
1209
1304
1170
1269
1226
1200
1238
1224
1535
1167
1250
1232
1353
1376
1231
1358
1369
1917
1173
1243
1247
1208
1306
1246
1351
1183
1237
1266
1272
1241
1202
1259
1193
1418
1316
1260
1254
1273
1213
1276
1278
1250
1298
1239
1248
1344
1424
1217
1264
1192
1286
1197
1277
1376
1404
1248
1251
1270
1392
1255
1371
1234
1236
1258
1303
1275
1251
1253
1227
1295
1281
1225
1331
1288
1239
1268
1238
1294
1253
1261
1222
1289
1293
1360
1356
1234
1235
1261
1267
1240
1388
1226
1279
1287
1423
1814
1236
1297
1299
1230
1315
1220
1232
1301
1302
1267
1291
1592
1338
1337
1317
1404
1435
1336
1264
1314
1334
1269
1328
1296
1252
1282
1310
1268
1309
1330
1382
1427
1252
1284
1294
1319
1244
1362
1384
1276
1373
1291
1324
1259
1333
1387
1347
1325
1393
1290
1395
1292
1307
1464
1271
1396
1263
1386
1403
1477
1345
1284
1292
1398
1492
1349
1295
1335
1574
1329
1332
1405
1380
1428
1277
1365
1440
1279
1359
1329
1378
1306
1466
1289
1379
1364
1363
1332
1342
1407
1352
1818
1307
1348
1321
1327
1424
1487
1305
1435
1480
1301
1377
1297
1367
1319
1368
1391
1318
1323
1426
1322
1303
1425
1383
1381
1321
1350
1355
1334
1370
1324
1399
1409
1314
1411
1389
1331
1450
1323
1346
1451
1366
1342
1416
1350
1374
1875
1488
1430
1328
1420
1806
1378
1432
1327
1343
1413
1352
1836
1417
1346
1390
1354
1455
1333
1421
1410
1453
1459
1348
1408
1468
1448
1415
1406
1337
1396
1436
1422
1373
1474
1340
1856
1445
1361
1402
1368
1429
1394
1824
1419
1399
1461
1412
1427
1491
1361
1401
1374
1443
1451
1480
1358
1362
1497
1375
1385
1439
1486
1379
1458
1367
1454
1377
1447
1390
1431
1437
1444
1421
1446
1372
1472
1442
1425
1485
1467
1495
1481
1511
1514
1432
1475
1514
1516
1408
1434
1487
1555
1471
1418
1551
1516
1519
1450
1579
1477
1570
1433
1411
1502
1464
1593
1519
1522
1401
1441
1522
1526
1504
1536
1895
1899
1526
1527
1505
1860
1916
1479
1452
1478
1527
1538
1409
1465
1422
1503
1449
1457
1452
1462
1532
1456
1470
1434
1463
1529
1830
1912
1429
1469
1511
1561
1456
1462
1513
1431
1476
1436
1493
1460
1550
1676
1482
1538
1552
1644
1490
1491
1489
1461
1569
1484
1525
1441
1500
1496
1508
1443
1531
1475
1574
1819
1478
1571
1466
1614
1521
1470
1534
1512
1463
1506
1561
1562
1465
1483
1458
1528
1562
1565
1476
1520
1582
1612
1545
1490
1494
1472
1518
1552
1590
1542
1467
1507
1539
1565
1584
1469
1501
1567
1548
1515
1499
1603
1509
1474
1591
1498
1553
1473
1492
1566
1485
1624
1576
1549
1540
1634
1572
1599
1502
1587
1570
1601
1501
1533
1500
1563
1544
1555
1630
1832
1892
1506
1517
1589
1619
1510
1494
1524
1559
1584
1615
1520
1554
1503
1602
1517
1530
1507
1543
1573
1523
1620
1675
1575
1614
1590
1626
1541
1546
1556
1575
1528
1560
1551
1656
1534
1648
1593
1646
1554
1564
1547
1531
1621
1616
1599
1636
1530
1568
1556
1580
1615
1627
1581
1817
1558
1623
1569
1691
1543
1557
1610
1829
1843
1537
1587
1611
1563
1657
1564
1578
1629
1643
1583
1601
1671
1634
1640
1560
1596
1577
1578
1640
1643
1627
1654
1574
1696
1594
1629
1663
1622
1617
1568
1618
1577
1604
1586
1595
1607
1637
1600
1576
1606
1626
1684
1597
1683
1572
1636
1678
1650
1638
1609
1598
1585
1644
1586
1641
1611
1642
1591
1625
1596
1628
1625
1652
1669
1651
1653
1819
1825
1595
1608
1605
1823
1834
1646
1701
1659
1635
1604
1649
1632
1633
1633
1662
1630
1737
1613
1768
1645
1638
1655
1621
1702
1642
1666
1619
1660
1632
1661
1663
1706
1688
1613
1717
1657
1709
1689
1690
1628
1647
1639
1691
1718
1680
1662
1709
1648
1729
1656
1670
1631
1668
1655
1682
1681
1677
1666
1687
1678
1723
1665
1644
1673
1690
1715
1699
1661
1685
1649
1686
1705
1672
1689
1725
1711
1718
1658
1673
1654
1679
1700
1722
1682
1713
1664
1674
1664
1667
1694
1693
1704
1702
1707
1716
1673
1708
1687
1697
1674
1692
1671
1779
1685
1703
1720
1696
1810
1833
1719
1721
1707
1726
1729
1762
1719
1730
1698
1684
1788
1714
1695
1697
1728
1711
1754
1789
1715
1743
1721
1749
1730
1739
1703
1740
1816
1732
1726
1741
1754
1761
1701
1774
1736
1731
1710
1712
1706
1792
1738
1710
1713
1747
1753
1734
1720
1742
1724
1739
1750
1761
1764
1725
1768
1733
1727
1723
1782
1741
1763
1752
1743
1755
1764
1767
1745
1750
1756
1758
1767
1735
1785
1735
1784
1762
1808
1810
1808
1809
1757
1758
1759
1748
1751
1745
1746
1792
1762
1804
1749
1782
1755
1765
1753
1772
1807
1809
1763
1783
1757
1798
1800
1773
1807
1763
1773
1805
1781
1786
1766
1772
1778
1803
1770
1773
1793
1771
1797
1805
1805
1775
1777
1779
1778
1797
1781
1783
1787
1784
1789
1787
1802
1789
1791
1795
1809
1794
1794
1807
1796
1804
1808
1799
1800
1801
1803
1803
1822
1811
1820
1829
1916
1823
1844
1820
1825
1819
1820
1827
1915
1828
1862
1859
1845
1844
1844
1849
1851
1903
1834
1849
1857
1885
1850
1856
1836
1894
1841
1864
1865
1869
1857
1866
1865
1868
1867
1867
1869
1872
1849
1855
1877
1881
1848
1886
1877
1873
1881
1890
1854
1898
1878
1856
1914
1875
1888
1918
1862
1921
1871
1890
1899
1866
1876
1871
1905
1882
1879
1918
1919
1879
1889
1883
1884
1887
1892
1883
1893
1888
1900
1908
1897
1892
1904
1897
1907
1909
1901
1897
1913
1923
1904
1906
1923
1911
1908
1921
1910
1913
1912
1919
1920
1916
1917
1920
1918
1922
)


// ************************************************************************* //
