/*--------------------------------*- C++ -*----------------------------------*\
  =========                 |
  \\      /  F ield         | OpenFOAM: The Open Source CFD Toolbox
   \\    /   O peration     | Website:  https://openfoam.org
    \\  /    A nd           | Version:  8
     \\/     M anipulation  |
\*---------------------------------------------------------------------------*/
FoamFile
{
    version     2.0;
    format      ascii;
    class       vectorField;
    location    "constant/polyMesh";
    object      points;
}
// * * * * * * * * * * * * * * * * * * * * * * * * * * * * * * * * * * * * * //


2086
(
(0 0 0)
(0 0.584 0)
(0.584 0.584 0)
(0.584 0 0)
(0.292 0 0)
(0.292 0.048 0)
(0.316 0.048 0)
(0.316 0 0)
(0.146 0.046 0)
(0.146 0.15 0)
(0.156 0.15 0)
(0.156 0.056 0)
(0.25 0.046 0)
(0.24 0.056 0)
(0.24 0.15 0)
(0.25 0.15 0)
(0.584 0.584 0.1)
(0 0.584 0.1)
(0 0 0.1)
(0.292 0 0.1)
(0.292 0.048 0.1)
(0.316 0.048 0.1)
(0.316 0 0.1)
(0.584 0 0.1)
(0.25 0.15 0.1)
(0.25 0.046 0.1)
(0.146 0.046 0.1)
(0.146 0.15 0.1)
(0.156 0.15 0.1)
(0.156 0.056 0.1)
(0.24 0.056 0.1)
(0.24 0.15 0.1)
(0.0194667 0 0)
(0.0389333 0 0)
(0.0584 0 0)
(0.0778667 0 0)
(0.0973333 0 0)
(0.1168 0 0)
(0.136267 0 0)
(0.155733 0 0)
(0.1752 0 0)
(0.194667 0 0)
(0.214133 0 0)
(0.2336 0 0)
(0.253067 0 0)
(0.272533 0 0)
(0.292 0.016 0)
(0.292 0.032 0)
(0.304 0.048 0)
(0.316 0.032 0)
(0.316 0.016 0)
(0.335143 0 0)
(0.354286 0 0)
(0.373429 0 0)
(0.392571 0 0)
(0.411714 0 0)
(0.430857 0 0)
(0.45 0 0)
(0.469143 0 0)
(0.488286 0 0)
(0.507429 0 0)
(0.526571 0 0)
(0.545714 0 0)
(0.564857 0 0)
(0.584 0.0194667 0)
(0.584 0.0389333 0)
(0.584 0.0584 0)
(0.584 0.0778667 0)
(0.584 0.0973333 0)
(0.584 0.1168 0)
(0.584 0.136267 0)
(0.584 0.155733 0)
(0.584 0.1752 0)
(0.584 0.194667 0)
(0.584 0.214133 0)
(0.584 0.2336 0)
(0.584 0.253067 0)
(0.584 0.272533 0)
(0.584 0.292 0)
(0.584 0.311467 0)
(0.584 0.330933 0)
(0.584 0.3504 0)
(0.584 0.369867 0)
(0.584 0.389333 0)
(0.584 0.4088 0)
(0.584 0.428267 0)
(0.584 0.447733 0)
(0.584 0.4672 0)
(0.584 0.486667 0)
(0.584 0.506133 0)
(0.584 0.5256 0)
(0.584 0.545067 0)
(0.584 0.564533 0)
(0.564533 0.584 0)
(0.545067 0.584 0)
(0.5256 0.584 0)
(0.506133 0.584 0)
(0.486667 0.584 0)
(0.4672 0.584 0)
(0.447733 0.584 0)
(0.428267 0.584 0)
(0.4088 0.584 0)
(0.389333 0.584 0)
(0.369867 0.584 0)
(0.3504 0.584 0)
(0.330933 0.584 0)
(0.311467 0.584 0)
(0.292 0.584 0)
(0.272533 0.584 0)
(0.253067 0.584 0)
(0.2336 0.584 0)
(0.214133 0.584 0)
(0.194667 0.584 0)
(0.1752 0.584 0)
(0.155733 0.584 0)
(0.136267 0.584 0)
(0.1168 0.584 0)
(0.0973333 0.584 0)
(0.0778667 0.584 0)
(0.0584 0.584 0)
(0.0389333 0.584 0)
(0.0194667 0.584 0)
(0 0.564533 0)
(0 0.545067 0)
(0 0.5256 0)
(0 0.506133 0)
(0 0.486667 0)
(0 0.4672 0)
(0 0.447733 0)
(0 0.428267 0)
(0 0.4088 0)
(0 0.389333 0)
(0 0.369867 0)
(0 0.3504 0)
(0 0.330933 0)
(0 0.311467 0)
(0 0.292 0)
(0 0.272533 0)
(0 0.253067 0)
(0 0.2336 0)
(0 0.214133 0)
(0 0.194667 0)
(0 0.1752 0)
(0 0.155733 0)
(0 0.136267 0)
(0 0.1168 0)
(0 0.0973333 0)
(0 0.0778667 0)
(0 0.0584 0)
(0 0.0389333 0)
(0 0.0194667 0)
(0.156 0.1312 0)
(0.156 0.1124 0)
(0.156 0.0936 0)
(0.156 0.0748 0)
(0.1728 0.056 0)
(0.1896 0.056 0)
(0.2064 0.056 0)
(0.2232 0.056 0)
(0.24 0.0748 0)
(0.24 0.0936 0)
(0.24 0.1124 0)
(0.24 0.1312 0)
(0.25 0.132667 0)
(0.25 0.115333 0)
(0.25 0.098 0)
(0.25 0.0806667 0)
(0.25 0.0633333 0)
(0.232667 0.046 0)
(0.215333 0.046 0)
(0.198 0.046 0)
(0.180667 0.046 0)
(0.163333 0.046 0)
(0.146 0.0633333 0)
(0.146 0.0806667 0)
(0.146 0.098 0)
(0.146 0.115333 0)
(0.146 0.132667 0)
(0.564533 0.584 0.1)
(0.545067 0.584 0.1)
(0.5256 0.584 0.1)
(0.506133 0.584 0.1)
(0.486667 0.584 0.1)
(0.4672 0.584 0.1)
(0.447733 0.584 0.1)
(0.428267 0.584 0.1)
(0.4088 0.584 0.1)
(0.389333 0.584 0.1)
(0.369867 0.584 0.1)
(0.3504 0.584 0.1)
(0.330933 0.584 0.1)
(0.311467 0.584 0.1)
(0.292 0.584 0.1)
(0.272533 0.584 0.1)
(0.253067 0.584 0.1)
(0.2336 0.584 0.1)
(0.214133 0.584 0.1)
(0.194667 0.584 0.1)
(0.1752 0.584 0.1)
(0.155733 0.584 0.1)
(0.136267 0.584 0.1)
(0.1168 0.584 0.1)
(0.0973333 0.584 0.1)
(0.0778667 0.584 0.1)
(0.0584 0.584 0.1)
(0.0389333 0.584 0.1)
(0.0194667 0.584 0.1)
(0 0.564533 0.1)
(0 0.545067 0.1)
(0 0.5256 0.1)
(0 0.506133 0.1)
(0 0.486667 0.1)
(0 0.4672 0.1)
(0 0.447733 0.1)
(0 0.428267 0.1)
(0 0.4088 0.1)
(0 0.389333 0.1)
(0 0.369867 0.1)
(0 0.3504 0.1)
(0 0.330933 0.1)
(0 0.311467 0.1)
(0 0.292 0.1)
(0 0.272533 0.1)
(0 0.253067 0.1)
(0 0.2336 0.1)
(0 0.214133 0.1)
(0 0.194667 0.1)
(0 0.1752 0.1)
(0 0.155733 0.1)
(0 0.136267 0.1)
(0 0.1168 0.1)
(0 0.0973333 0.1)
(0 0.0778667 0.1)
(0 0.0584 0.1)
(0 0.0389333 0.1)
(0 0.0194667 0.1)
(0.0194667 0 0.1)
(0.0389333 0 0.1)
(0.0584 0 0.1)
(0.0778667 0 0.1)
(0.0973333 0 0.1)
(0.1168 0 0.1)
(0.136267 0 0.1)
(0.155733 0 0.1)
(0.1752 0 0.1)
(0.194667 0 0.1)
(0.214133 0 0.1)
(0.2336 0 0.1)
(0.253067 0 0.1)
(0.272533 0 0.1)
(0.292 0.016 0.1)
(0.292 0.032 0.1)
(0.304 0.048 0.1)
(0.316 0.032 0.1)
(0.316 0.016 0.1)
(0.335143 0 0.1)
(0.354286 0 0.1)
(0.373429 0 0.1)
(0.392571 0 0.1)
(0.411714 0 0.1)
(0.430857 0 0.1)
(0.45 0 0.1)
(0.469143 0 0.1)
(0.488286 0 0.1)
(0.507429 0 0.1)
(0.526571 0 0.1)
(0.545714 0 0.1)
(0.564857 0 0.1)
(0.584 0.0194667 0.1)
(0.584 0.0389333 0.1)
(0.584 0.0584 0.1)
(0.584 0.0778667 0.1)
(0.584 0.0973333 0.1)
(0.584 0.1168 0.1)
(0.584 0.136267 0.1)
(0.584 0.155733 0.1)
(0.584 0.1752 0.1)
(0.584 0.194667 0.1)
(0.584 0.214133 0.1)
(0.584 0.2336 0.1)
(0.584 0.253067 0.1)
(0.584 0.272533 0.1)
(0.584 0.292 0.1)
(0.584 0.311467 0.1)
(0.584 0.330933 0.1)
(0.584 0.3504 0.1)
(0.584 0.369867 0.1)
(0.584 0.389333 0.1)
(0.584 0.4088 0.1)
(0.584 0.428267 0.1)
(0.584 0.447733 0.1)
(0.584 0.4672 0.1)
(0.584 0.486667 0.1)
(0.584 0.506133 0.1)
(0.584 0.5256 0.1)
(0.584 0.545067 0.1)
(0.584 0.564533 0.1)
(0.25 0.132667 0.1)
(0.25 0.115333 0.1)
(0.25 0.098 0.1)
(0.25 0.0806667 0.1)
(0.25 0.0633333 0.1)
(0.232667 0.046 0.1)
(0.215333 0.046 0.1)
(0.198 0.046 0.1)
(0.180667 0.046 0.1)
(0.163333 0.046 0.1)
(0.146 0.0633333 0.1)
(0.146 0.0806667 0.1)
(0.146 0.098 0.1)
(0.146 0.115333 0.1)
(0.146 0.132667 0.1)
(0.156 0.1312 0.1)
(0.156 0.1124 0.1)
(0.156 0.0936 0.1)
(0.156 0.0748 0.1)
(0.1728 0.056 0.1)
(0.1896 0.056 0.1)
(0.2064 0.056 0.1)
(0.2232 0.056 0.1)
(0.24 0.0748 0.1)
(0.24 0.0936 0.1)
(0.24 0.1124 0.1)
(0.24 0.1312 0.1)
(0.304 0.06 0)
(0.132834 0.15 0)
(0.145898 0.161293 0)
(0.278144 0.0480001 0)
(0.28958 0.0617169 0)
(0.277172 0.016 0)
(0.169711 0.15 0)
(0.226289 0.15 0)
(0.263166 0.15 0)
(0.250123 0.161251 0)
(0.316 0.0618565 0)
(0.332 0.0320001 0)
(0.329856 0.0480001 0)
(0.0194668 0.564533 0)
(0.0584001 0.564533 0)
(0.0778667 0.564533 0)
(0.0973334 0.564533 0)
(0.1168 0.564533 0)
(0.155733 0.564533 0)
(0.1752 0.564533 0)
(0.194667 0.564533 0)
(0.214133 0.564533 0)
(0.292 0.564533 0)
(0.0194667 0.4088 0)
(0.0194667 0.389333 0)
(0.0194667 0.369867 0)
(0.0194667 0.3504 0)
(0.0194667 0.330933 0)
(0.0194667 0.311467 0)
(0.0194667 0.292 0)
(0.0194667 0.0778667 0)
(0.0194667 0.0584001 0)
(0.0194667 0.0194667 0)
(0.119006 0.0255218 0)
(0.0973334 0.0194667 0)
(0.128667 0.0460001 0)
(0.14462 0.0274555 0)
(0.128667 0.0633333 0)
(0.128667 0.0806667 0)
(0.128667 0.098 0)
(0.128667 0.115333 0)
(0.128667 0.132667 0)
(0.0194667 0.0973334 0)
(0.0194668 0.1168 0)
(0.0194667 0.272533 0)
(0.0194667 0.253067 0)
(0.0194667 0.2336 0)
(0.0194667 0.1752 0)
(0.0194667 0.155733 0)
(0.0194667 0.214133 0)
(0.0194668 0.194667 0)
(0.266252 0.0820306 0)
(0.273073 0.0632968 0)
(0.269709 0.0314445 0)
(0.25 0.0286667 0)
(0.232667 0.0286667 0)
(0.215333 0.0286667 0)
(0.198 0.0286667 0)
(0.180667 0.0286668 0)
(0.163911 0.0204245 0)
(0.17417 0.0720602 0)
(0.190546 0.0719207 0)
(0.222867 0.0739084 0)
(0.206502 0.0730548 0)
(0.223042 0.0946612 0)
(0.221389 0.114077 0)
(0.1748 0.1124 0)
(0.173372 0.0940328 0)
(0.175096 0.13386 0)
(0.221003 0.132266 0)
(0.267333 0.115333 0)
(0.267233 0.0995633 0)
(0.267333 0.132667 0)
(0.564533 0.486667 0)
(0.564533 0.4672 0)
(0.564533 0.506133 0)
(0.564533 0.5256 0)
(0.564533 0.564533 0)
(0.4088 0.564533 0)
(0.369867 0.564533 0)
(0.389333 0.564533 0)
(0.3504 0.564533 0)
(0.311467 0.564533 0)
(0.564533 0.4088 0)
(0.564533 0.428267 0)
(0.564533 0.389333 0)
(0.564533 0.369867 0)
(0.564533 0.330933 0)
(0.564533 0.3504 0)
(0.564533 0.311467 0)
(0.564533 0.292 0)
(0.564533 0.1752 0)
(0.564533 0.194667 0)
(0.564533 0.214133 0)
(0.564533 0.272533 0)
(0.564533 0.253067 0)
(0.564533 0.2336 0)
(0.355324 0.0161483 0)
(0.33163 0.017177 0)
(0.392571 0.019143 0)
(0.374479 0.01795 0)
(0.411714 0.0191429 0)
(0.430857 0.0191429 0)
(0.45 0.019143 0)
(0.469143 0.0191429 0)
(0.488286 0.0191429 0)
(0.526571 0.0191429 0)
(0.507429 0.0191429 0)
(0.564803 0.0193128 0)
(0.545714 0.0191429 0)
(0.116196 0.46744 0)
(0.0967308 0.4672 0)
(0.0970443 0.48684 0)
(0.1168 0.487197 0)
(0.136267 0.487265 0)
(0.136267 0.468106 0)
(0.135321 0.448159 0)
(0.0966116 0.447734 0)
(0.115734 0.447734 0)
(0.0774286 0.447734 0)
(0.0581789 0.447733 0)
(0.0388595 0.447733 0)
(0.0194667 0.447733 0)
(0.0194668 0.4672 0)
(0.0194667 0.486667 0)
(0.0388715 0.4672 0)
(0.038884 0.486667 0)
(0.0775001 0.4672 0)
(0.0582158 0.4672 0)
(0.058251 0.486667 0)
(0.0775713 0.486667 0)
(0.0778668 0.52571 0)
(0.0777355 0.506226 0)
(0.058354 0.525641 0)
(0.0582829 0.506133 0)
(0.0194668 0.506133 0)
(0.0388938 0.506133 0)
(0.0389051 0.5256 0)
(0.0194667 0.5256 0)
(0.0194667 0.545067 0)
(0.038921 0.545078 0)
(0.0389334 0.564533 0)
(0.0778667 0.545103 0)
(0.0584001 0.545094 0)
(0.0973335 0.506405 0)
(0.1168 0.506449 0)
(0.1168 0.525757 0)
(0.0973335 0.525735 0)
(0.1168 0.545118 0)
(0.0973334 0.545112 0)
(0.136267 0.50649 0)
(0.136267 0.525778 0)
(0.136267 0.545126 0)
(0.136267 0.564533 0)
(0.155733 0.506523 0)
(0.1752 0.506555 0)
(0.1752 0.52581 0)
(0.155733 0.525794 0)
(0.155733 0.545131 0)
(0.1752 0.545137 0)
(0.214133 0.506597 0)
(0.194667 0.506579 0)
(0.194667 0.525822 0)
(0.214133 0.525831 0)
(0.214133 0.545144 0)
(0.194667 0.545141 0)
(0.292 0.545146 0)
(0.272533 0.545147 0)
(0.272533 0.564533 0)
(0.2336 0.564533 0)
(0.253067 0.564533 0)
(0.253067 0.545147 0)
(0.2336 0.545146 0)
(0.2336 0.525837 0)
(0.2336 0.50661 0)
(0.253067 0.525841 0)
(0.253067 0.506616 0)
(0.292 0.525839 0)
(0.272534 0.525841 0)
(0.272534 0.506617 0)
(0.292 0.506612 0)
(0.292 0.487468 0)
(0.272534 0.487476 0)
(0.272534 0.468422 0)
(0.292 0.468409 0)
(0.292 0.430564 0)
(0.292 0.44944 0)
(0.272534 0.430591 0)
(0.272534 0.449459 0)
(0.2336 0.487465 0)
(0.253067 0.487475 0)
(0.253067 0.468421 0)
(0.2336 0.468407 0)
(0.2336 0.449438 0)
(0.253067 0.449459 0)
(0.253067 0.430592 0)
(0.2336 0.430565 0)
(0.1752 0.468269 0)
(0.155734 0.468193 0)
(0.155734 0.487322 0)
(0.1752 0.487373 0)
(0.194667 0.487414 0)
(0.214134 0.487444 0)
(0.214134 0.468376 0)
(0.194667 0.46833 0)
(0.194667 0.449331 0)
(0.214134 0.449395 0)
(0.214134 0.430508 0)
(0.194667 0.430423 0)
(0.1752 0.449246 0)
(0.175201 0.43031 0)
(0.155734 0.449139 0)
(0.170771 0.369867 0)
(0.171352 0.389334 0)
(0.172646 0.409378 0)
(0.211483 0.371053 0)
(0.189272 0.369867 0)
(0.192259 0.390714 0)
(0.214134 0.393042 0)
(0.194667 0.411612 0)
(0.214134 0.411721 0)
(0.292 0.411785 0)
(0.272534 0.411823 0)
(0.253067 0.411826 0)
(0.233601 0.411794 0)
(0.233601 0.39313 0)
(0.2329 0.371634 0)
(0.253067 0.393169 0)
(0.254331 0.374878 0)
(0.292001 0.393111 0)
(0.272589 0.39318 0)
(0.274562 0.374233 0)
(0.29312 0.375494 0)
(0.293442 0.354162 0)
(0.269996 0.35264 0)
(0.265679 0.331483 0)
(0.281962 0.332222 0)
(0.281924 0.296537 0)
(0.281885 0.314421 0)
(0.265678 0.295801 0)
(0.265678 0.313555 0)
(0.228514 0.350237 0)
(0.249299 0.348895 0)
(0.250039 0.329324 0)
(0.234686 0.331015 0)
(0.234763 0.312968 0)
(0.250108 0.309899 0)
(0.250103 0.292964 0)
(0.234995 0.29517 0)
(0.187641 0.330934 0)
(0.169427 0.330934 0)
(0.170134 0.3504 0)
(0.188498 0.3504 0)
(0.206806 0.3504 0)
(0.218951 0.332243 0)
(0.20469 0.331307 0)
(0.203267 0.313064 0)
(0.219049 0.315503 0)
(0.218951 0.295558 0)
(0.194082 0.29598 0)
(0.186678 0.311467 0)
(0.177743 0.29919 0)
(0.168634 0.311467 0)
(0.161171 0.294155 0)
(0.134236 0.4088 0)
(0.153082 0.4088 0)
(0.154419 0.429009 0)
(0.134531 0.428267 0)
(0.115538 0.428267 0)
(0.0964805 0.428267 0)
(0.0963324 0.4088 0)
(0.115322 0.4088 0)
(0.115094 0.389334 0)
(0.0961778 0.389334 0)
(0.0959989 0.369867 0)
(0.114832 0.369867 0)
(0.133921 0.389334 0)
(0.133564 0.369867 0)
(0.15267 0.389334 0)
(0.152206 0.369867 0)
(0.145392 0.297773 0)
(0.130682 0.291427 0)
(0.132255 0.311467 0)
(0.1505 0.311467 0)
(0.151697 0.3504 0)
(0.151134 0.330934 0)
(0.133175 0.3504 0)
(0.132742 0.330934 0)
(0.0950903 0.292 0)
(0.113492 0.292 0)
(0.113879 0.311467 0)
(0.0953546 0.311467 0)
(0.0955941 0.330934 0)
(0.114233 0.330934 0)
(0.114549 0.3504 0)
(0.0958072 0.3504 0)
(0.0388301 0.4088 0)
(0.0194667 0.428267 0)
(0.038845 0.428267 0)
(0.0581379 0.428267 0)
(0.0773487 0.428267 0)
(0.0772586 0.4088 0)
(0.0580932 0.4088 0)
(0.0580446 0.389333 0)
(0.0771641 0.389334 0)
(0.0770547 0.369867 0)
(0.0579889 0.369867 0)
(0.0387943 0.369867 0)
(0.0388134 0.389333 0)
(0.0387535 0.330933 0)
(0.0387737 0.3504 0)
(0.0769354 0.3504 0)
(0.0579295 0.3504 0)
(0.0578641 0.330934 0)
(0.0768071 0.330934 0)
(0.0766616 0.311467 0)
(0.0765025 0.292 0)
(0.0577908 0.311467 0)
(0.0577109 0.292 0)
(0.038702 0.292 0)
(0.0387295 0.311467 0)
(0.0577667 0.0586603 0)
(0.0771855 0.0552564 0)
(0.0740288 0.0782215 0)
(0.0565328 0.0768854 0)
(0.0387401 0.0584001 0)
(0.0383923 0.0777032 0)
(0.0387956 0.0389415 0)
(0.0194667 0.0389334 0)
(0.0389334 0.0194667 0)
(0.0584 0.0387221 0)
(0.0584 0.0194667 0)
(0.0768179 0.0375026 0)
(0.0795103 0.0193867 0)
(0.110001 0.0469583 0)
(0.0932386 0.0382037 0)
(0.0928872 0.0625803 0)
(0.110908 0.0633334 0)
(0.111018 0.0806667 0)
(0.0929801 0.0801337 0)
(0.0941022 0.115334 0)
(0.0935059 0.0979113 0)
(0.111417 0.115333 0)
(0.111229 0.0979853 0)
(0.0949136 0.132667 0)
(0.112001 0.132667 0)
(0.117325 0.15 0)
(0.100775 0.15 0)
(0.0763961 0.0969034 0)
(0.0586056 0.0957188 0)
(0.0573906 0.1168 0)
(0.076209 0.115334 0)
(0.0805679 0.149963 0)
(0.0772129 0.131381 0)
(0.0575574 0.135804 0)
(0.0386397 0.0972562 0)
(0.0385152 0.11671 0)
(0.0385698 0.136267 0)
(0.0194667 0.136267 0)
(0.0386712 0.272533 0)
(0.0763321 0.272533 0)
(0.0576222 0.272533 0)
(0.0575282 0.253067 0)
(0.0761458 0.253067 0)
(0.0759647 0.2336 0)
(0.0574408 0.2336 0)
(0.0386391 0.253067 0)
(0.0386123 0.2336 0)
(0.0385528 0.155734 0)
(0.0385514 0.1752 0)
(0.0385846 0.214133 0)
(0.0385633 0.194667 0)
(0.0572592 0.155734 0)
(0.0572546 0.1752 0)
(0.0756136 0.174367 0)
(0.0779371 0.197024 0)
(0.0572949 0.194667 0)
(0.0573551 0.214133 0)
(0.0749332 0.21527 0)
(0.130013 0.263437 0)
(0.146 0.262249 0)
(0.146 0.279903 0)
(0.0948069 0.272533 0)
(0.112992 0.273803 0)
(0.112558 0.254103 0)
(0.0945009 0.253067 0)
(0.0941851 0.2336 0)
(0.111659 0.234013 0)
(0.129557 0.247274 0)
(0.130034 0.228969 0)
(0.146058 0.244976 0)
(0.146 0.227649 0)
(0.146 0.194285 0)
(0.146 0.21078 0)
(0.130013 0.194632 0)
(0.130013 0.211387 0)
(0.0935384 0.216472 0)
(0.113843 0.215208 0)
(0.117326 0.199969 0)
(0.100525 0.200937 0)
(0.0996737 0.184581 0)
(0.100775 0.167203 0)
(0.116943 0.182805 0)
(0.117325 0.16655 0)
(0.146081 0.177042 0)
(0.131099 0.179612 0)
(0.132834 0.165509 0)
(0.261821 0.0467902 0)
(0.288306 0.0777338 0)
(0.258796 0.014792 0)
(0.205804 0.0920463 0)
(0.20491 0.111363 0)
(0.189641 0.106113 0)
(0.189807 0.0875055 0)
(0.188256 0.145299 0)
(0.189467 0.123372 0)
(0.205393 0.129912 0)
(0.208209 0.149568 0)
(0.284069 0.0980002 0)
(0.283714 0.115594 0)
(0.283485 0.132667 0)
(0.278424 0.15 0)
(0.281924 0.210506 0)
(0.265678 0.210239 0)
(0.265678 0.193956 0)
(0.281905 0.194028 0)
(0.278609 0.165258 0)
(0.281579 0.178055 0)
(0.263761 0.164499 0)
(0.265678 0.178054 0)
(0.235112 0.21019 0)
(0.250096 0.208021 0)
(0.25 0.193732 0)
(0.23505 0.19399 0)
(0.235021 0.178518 0)
(0.25 0.178054 0)
(0.235111 0.163166 0)
(0.161593 0.178448 0)
(0.161132 0.163166 0)
(0.176452 0.179104 0)
(0.176452 0.163166 0)
(0.219983 0.163166 0)
(0.192391 0.163166 0)
(0.206595 0.165043 0)
(0.190988 0.181359 0)
(0.205266 0.179438 0)
(0.219983 0.179 0)
(0.218951 0.194029 0)
(0.218934 0.210323 0)
(0.202691 0.194029 0)
(0.201825 0.210487 0)
(0.161561 0.194766 0)
(0.180296 0.196802 0)
(0.176453 0.211585 0)
(0.163804 0.209873 0)
(0.162198 0.22366 0)
(0.176453 0.228271 0)
(0.176453 0.245239 0)
(0.161672 0.238606 0)
(0.162166 0.276335 0)
(0.161467 0.254978 0)
(0.179051 0.284397 0)
(0.180753 0.266687 0)
(0.218951 0.226826 0)
(0.201788 0.227081 0)
(0.201786 0.243938 0)
(0.218951 0.243639 0)
(0.218951 0.260711 0)
(0.199931 0.262143 0)
(0.201208 0.279062 0)
(0.218951 0.278024 0)
(0.265678 0.243736 0)
(0.281909 0.244288 0)
(0.28188 0.227341 0)
(0.265678 0.226849 0)
(0.250279 0.22087 0)
(0.235112 0.226694 0)
(0.235112 0.243496 0)
(0.25031 0.236993 0)
(0.250315 0.253881 0)
(0.235112 0.260561 0)
(0.234807 0.277612 0)
(0.250282 0.270687 0)
(0.265678 0.260873 0)
(0.265678 0.278234 0)
(0.281852 0.261625 0)
(0.281841 0.279083 0)
(0.467637 0.467389 0)
(0.487101 0.4672 0)
(0.486877 0.486802 0)
(0.4672 0.487079 0)
(0.447734 0.467918 0)
(0.447734 0.487143 0)
(0.448409 0.448074 0)
(0.487179 0.447733 0)
(0.467964 0.447734 0)
(0.506442 0.447733 0)
(0.525755 0.447733 0)
(0.545118 0.447733 0)
(0.564533 0.447733 0)
(0.545103 0.486667 0)
(0.54511 0.4672 0)
(0.506395 0.4672 0)
(0.525732 0.4672 0)
(0.525709 0.486667 0)
(0.50635 0.486667 0)
(0.506134 0.525684 0)
(0.50623 0.506205 0)
(0.525637 0.52563 0)
(0.525687 0.506133 0)
(0.545096 0.506133 0)
(0.545088 0.5256 0)
(0.564533 0.545067 0)
(0.545076 0.545075 0)
(0.545067 0.564533 0)
(0.506133 0.545095 0)
(0.5256 0.545088 0)
(0.5256 0.564533 0)
(0.506133 0.564533 0)
(0.486667 0.506343 0)
(0.4672 0.50638 0)
(0.4672 0.525723 0)
(0.486667 0.525705 0)
(0.486667 0.564533 0)
(0.486667 0.545102 0)
(0.4672 0.564533 0)
(0.4672 0.545107 0)
(0.447733 0.525742 0)
(0.447734 0.506418 0)
(0.447733 0.564533 0)
(0.447733 0.545114 0)
(0.428267 0.506454 0)
(0.4088 0.506488 0)
(0.4088 0.525777 0)
(0.428267 0.52576 0)
(0.428267 0.564533 0)
(0.428267 0.54512 0)
(0.4088 0.545126 0)
(0.369867 0.506544 0)
(0.389334 0.506517 0)
(0.389334 0.525791 0)
(0.369867 0.525805 0)
(0.369867 0.545135 0)
(0.389333 0.54513 0)
(0.311467 0.545145 0)
(0.330933 0.564533 0)
(0.330933 0.545142 0)
(0.3504 0.545139 0)
(0.3504 0.525817 0)
(0.3504 0.506568 0)
(0.330933 0.525827 0)
(0.330934 0.506588 0)
(0.311467 0.525834 0)
(0.311467 0.506602 0)
(0.311467 0.487451 0)
(0.311467 0.468384 0)
(0.311467 0.430512 0)
(0.311467 0.449403 0)
(0.3504 0.487394 0)
(0.330934 0.487426 0)
(0.330934 0.468345 0)
(0.3504 0.468296 0)
(0.3504 0.449277 0)
(0.330934 0.449348 0)
(0.330934 0.430437 0)
(0.3504 0.430341 0)
(0.4088 0.468091 0)
(0.428267 0.468007 0)
(0.428267 0.487202 0)
(0.4088 0.487259 0)
(0.389334 0.487308 0)
(0.369867 0.487354 0)
(0.369867 0.468236 0)
(0.389334 0.468166 0)
(0.389334 0.449094 0)
(0.369867 0.449192 0)
(0.369867 0.430226 0)
(0.389334 0.430094 0)
(0.4088 0.448987 0)
(0.4088 0.429948 0)
(0.428267 0.448868 0)
(0.411764 0.369867 0)
(0.411461 0.389334 0)
(0.41076 0.409145 0)
(0.373944 0.370188 0)
(0.393015 0.369867 0)
(0.392184 0.389713 0)
(0.369867 0.392537 0)
(0.389334 0.411168 0)
(0.369867 0.411339 0)
(0.311467 0.411716 0)
(0.330934 0.411617 0)
(0.350401 0.41149 0)
(0.350401 0.39273 0)
(0.350401 0.374064 0)
(0.330934 0.392892 0)
(0.330934 0.374269 0)
(0.311467 0.393021 0)
(0.311467 0.374433 0)
(0.311467 0.355957 0)
(0.317024 0.337704 0)
(0.298661 0.333109 0)
(0.297811 0.297901 0)
(0.298256 0.315454 0)
(0.315106 0.298254 0)
(0.315143 0.316132 0)
(0.35576 0.350829 0)
(0.334021 0.353959 0)
(0.340391 0.332337 0)
(0.357887 0.332043 0)
(0.35429 0.31503 0)
(0.331832 0.317208 0)
(0.332495 0.300269 0)
(0.356716 0.290887 0)
(0.412386 0.330934 0)
(0.412071 0.3504 0)
(0.393401 0.3504 0)
(0.374809 0.3504 0)
(0.375297 0.330934 0)
(0.393798 0.330934 0)
(0.394195 0.311467 0)
(0.375608 0.311574 0)
(0.37628 0.292001 0)
(0.39459 0.292001 0)
(0.4127 0.311467 0)
(0.413011 0.292001 0)
(0.44913 0.4088 0)
(0.430117 0.4088 0)
(0.429411 0.428684 0)
(0.44896 0.428267 0)
(0.468081 0.428267 0)
(0.487257 0.428267 0)
(0.487339 0.4088 0)
(0.468203 0.4088 0)
(0.468328 0.389334 0)
(0.487422 0.389334 0)
(0.487506 0.369867 0)
(0.468453 0.369867 0)
(0.449304 0.389334 0)
(0.44948 0.369867 0)
(0.430349 0.389334 0)
(0.430584 0.369867 0)
(0.431547 0.292 0)
(0.450196 0.292 0)
(0.45002 0.311467 0)
(0.431308 0.311467 0)
(0.430822 0.3504 0)
(0.431067 0.330934 0)
(0.449658 0.3504 0)
(0.449841 0.330934 0)
(0.487843 0.292 0)
(0.468962 0.292 0)
(0.468838 0.311467 0)
(0.487762 0.311467 0)
(0.487676 0.330934 0)
(0.46871 0.330934 0)
(0.46858 0.3504 0)
(0.487591 0.3504 0)
(0.545126 0.428267 0)
(0.545134 0.4088 0)
(0.525778 0.428267 0)
(0.506489 0.428267 0)
(0.506538 0.4088 0)
(0.525803 0.4088 0)
(0.525829 0.389333 0)
(0.506588 0.389333 0)
(0.506639 0.369867 0)
(0.525853 0.369867 0)
(0.545144 0.389333 0)
(0.545151 0.369867 0)
(0.545168 0.330933 0)
(0.54516 0.3504 0)
(0.50669 0.3504 0)
(0.525879 0.3504 0)
(0.525905 0.330933 0)
(0.506741 0.330934 0)
(0.506792 0.311467 0)
(0.50684 0.292 0)
(0.52593 0.311467 0)
(0.525955 0.292 0)
(0.545185 0.292 0)
(0.545177 0.311467 0)
(0.545218 0.1752 0)
(0.564533 0.155733 0)
(0.545218 0.155733 0)
(0.526055 0.155734 0)
(0.507044 0.155734 0)
(0.507042 0.1752 0)
(0.526054 0.1752 0)
(0.526046 0.194667 0)
(0.507026 0.194667 0)
(0.507003 0.214133 0)
(0.526035 0.214133 0)
(0.545216 0.194667 0)
(0.545212 0.214133 0)
(0.545194 0.272533 0)
(0.5452 0.253067 0)
(0.545207 0.2336 0)
(0.506889 0.272534 0)
(0.525979 0.272534 0)
(0.50693 0.253067 0)
(0.525999 0.253067 0)
(0.526019 0.2336 0)
(0.506971 0.2336 0)
(0.450958 0.1752 0)
(0.43327 0.174602 0)
(0.450979 0.155734 0)
(0.469499 0.155734 0)
(0.48819 0.155734 0)
(0.488186 0.1752 0)
(0.469489 0.1752 0)
(0.469446 0.194667 0)
(0.488159 0.194667 0)
(0.488118 0.214134 0)
(0.469381 0.214134 0)
(0.450894 0.194667 0)
(0.450797 0.214134 0)
(0.432506 0.194667 0)
(0.43237 0.214134 0)
(0.431994 0.253067 0)
(0.432195 0.2336 0)
(0.450525 0.253067 0)
(0.450672 0.2336 0)
(0.488062 0.2336 0)
(0.469294 0.2336 0)
(0.469192 0.253067 0)
(0.487994 0.253067 0)
(0.487924 0.272534 0)
(0.469083 0.272534 0)
(0.431779 0.272534 0)
(0.450368 0.272534 0)
(0.297811 0.228219 0)
(0.314944 0.228219 0)
(0.315078 0.245419 0)
(0.297811 0.245352 0)
(0.297811 0.280203 0)
(0.297811 0.262684 0)
(0.315085 0.280487 0)
(0.315082 0.262871 0)
(0.349261 0.228579 0)
(0.331832 0.228579 0)
(0.331832 0.246008 0)
(0.349414 0.246008 0)
(0.352707 0.266669 0)
(0.331832 0.26359 0)
(0.331832 0.28132 0)
(0.413316 0.272534 0)
(0.376415 0.27392 0)
(0.394978 0.272534 0)
(0.375915 0.253483 0)
(0.372142 0.231184 0)
(0.395346 0.253067 0)
(0.4136 0.253067 0)
(0.395378 0.235203 0)
(0.413869 0.2336 0)
(0.414103 0.214134 0)
(0.394869 0.214728 0)
(0.398288 0.195746 0)
(0.41491 0.195079 0)
(0.418474 0.180385 0)
(0.395463 0.163669 0)
(0.414085 0.164863 0)
(0.402245 0.17886 0)
(0.366567 0.211299 0)
(0.382112 0.197762 0)
(0.365742 0.194835 0)
(0.365351 0.178055 0)
(0.383662 0.180892 0)
(0.377864 0.16644 0)
(0.361579 0.165258 0)
(0.314385 0.194797 0)
(0.297811 0.194583 0)
(0.297811 0.211299 0)
(0.31473 0.211299 0)
(0.331832 0.211299 0)
(0.349111 0.211299 0)
(0.348408 0.194835 0)
(0.331313 0.194806 0)
(0.33112 0.178055 0)
(0.348128 0.178055 0)
(0.344479 0.165258 0)
(0.327604 0.165258 0)
(0.314339 0.178055 0)
(0.310965 0.165258 0)
(0.297811 0.178055 0)
(0.2946 0.165258 0)
(0.317022 0.128158 0)
(0.299733 0.132667 0)
(0.293495 0.14982 0)
(0.30891 0.149249 0)
(0.3263 0.149592 0)
(0.34134 0.149458 0)
(0.349418 0.132667 0)
(0.333483 0.131841 0)
(0.332338 0.108218 0)
(0.350568 0.117495 0)
(0.35157 0.0986722 0)
(0.332032 0.0921867 0)
(0.31697 0.104276 0)
(0.3181 0.0899738 0)
(0.300679 0.113315 0)
(0.304 0.0895719 0)
(0.30348 0.072727 0)
(0.31717 0.0757259 0)
(0.347826 0.0306908 0)
(0.345506 0.0636197 0)
(0.347415 0.0472547 0)
(0.330366 0.063094 0)
(0.331799 0.0768678 0)
(0.351294 0.0823839 0)
(0.412592 0.146477 0)
(0.411715 0.128417 0)
(0.378216 0.149898 0)
(0.396529 0.143448 0)
(0.356906 0.149201 0)
(0.366851 0.130578 0)
(0.391334 0.126216 0)
(0.393504 0.10829 0)
(0.373429 0.107392 0)
(0.373181 0.0895231 0)
(0.392686 0.0910353 0)
(0.411701 0.110408 0)
(0.411715 0.0925913 0)
(0.411715 0.0745499 0)
(0.411714 0.0563433 0)
(0.373429 0.0728224 0)
(0.392572 0.0738653 0)
(0.392572 0.0559615 0)
(0.372098 0.0538862 0)
(0.392572 0.0377565 0)
(0.371117 0.0346133 0)
(0.411714 0.0379022 0)
(0.526039 0.1168 0)
(0.507013 0.1168 0)
(0.507022 0.0971558 0)
(0.526044 0.0973227 0)
(0.545222 0.097333 0)
(0.564533 0.0973334 0)
(0.564533 0.1168 0)
(0.545213 0.1168 0)
(0.564533 0.136267 0)
(0.545217 0.136267 0)
(0.52605 0.136267 0)
(0.507035 0.136267 0)
(0.46948 0.136267 0)
(0.488175 0.136267 0)
(0.431422 0.149097 0)
(0.450082 0.131221 0)
(0.431111 0.12985 0)
(0.430857 0.111543 0)
(0.430857 0.0933526 0)
(0.450056 0.112334 0)
(0.45 0.0939379 0)
(0.488137 0.1168 0)
(0.469143 0.113021 0)
(0.469143 0.0944278 0)
(0.488193 0.0956165 0)
(0.488286 0.0571541 0)
(0.48827 0.0760826 0)
(0.469143 0.0570077 0)
(0.469143 0.0757646 0)
(0.430857 0.075067 0)
(0.45 0.0754493 0)
(0.45 0.0568456 0)
(0.430857 0.0566315 0)
(0.430857 0.0380066 0)
(0.45 0.038087 0)
(0.469143 0.0381388 0)
(0.488286 0.0381929 0)
(0.507363 0.0764948 0)
(0.526123 0.0776496 0)
(0.526527 0.0574932 0)
(0.507408 0.0572901 0)
(0.526568 0.0382795 0)
(0.507429 0.038232 0)
(0.564533 0.0778667 0)
(0.545276 0.0778287 0)
(0.545293 0.0582931 0)
(0.564533 0.0584 0)
(0.545573 0.0385758 0)
(0.564533 0.0389334 0)
(0.304 0.06 0.1)
(0.132834 0.15 0.1)
(0.145898 0.161293 0.1)
(0.278144 0.0480001 0.1)
(0.28958 0.0617169 0.1)
(0.277172 0.016 0.1)
(0.169711 0.15 0.1)
(0.226289 0.15 0.1)
(0.263166 0.15 0.1)
(0.250123 0.161251 0.1)
(0.316 0.0618565 0.1)
(0.332 0.0320001 0.1)
(0.329856 0.0480001 0.1)
(0.0194668 0.564533 0.1)
(0.0584001 0.564533 0.1)
(0.0778667 0.564533 0.1)
(0.0973334 0.564533 0.1)
(0.1168 0.564533 0.1)
(0.155733 0.564533 0.1)
(0.1752 0.564533 0.1)
(0.194667 0.564533 0.1)
(0.214133 0.564533 0.1)
(0.292 0.564533 0.1)
(0.0194667 0.4088 0.1)
(0.0194667 0.389333 0.1)
(0.0194667 0.369867 0.1)
(0.0194667 0.3504 0.1)
(0.0194667 0.330933 0.1)
(0.0194667 0.311467 0.1)
(0.0194667 0.292 0.1)
(0.0194667 0.0778667 0.1)
(0.0194667 0.0584001 0.1)
(0.0194667 0.0194667 0.1)
(0.119006 0.0255218 0.1)
(0.0973334 0.0194667 0.1)
(0.128667 0.0460001 0.1)
(0.14462 0.0274555 0.1)
(0.128667 0.0633333 0.1)
(0.128667 0.0806667 0.1)
(0.128667 0.098 0.1)
(0.128667 0.115333 0.1)
(0.128667 0.132667 0.1)
(0.0194667 0.0973334 0.1)
(0.0194668 0.1168 0.1)
(0.0194667 0.272533 0.1)
(0.0194667 0.253067 0.1)
(0.0194667 0.2336 0.1)
(0.0194667 0.1752 0.1)
(0.0194667 0.155733 0.1)
(0.0194667 0.214133 0.1)
(0.0194668 0.194667 0.1)
(0.266252 0.0820306 0.1)
(0.273073 0.0632968 0.1)
(0.269709 0.0314445 0.1)
(0.25 0.0286667 0.1)
(0.232667 0.0286667 0.1)
(0.215333 0.0286667 0.1)
(0.198 0.0286667 0.1)
(0.180667 0.0286668 0.1)
(0.163911 0.0204245 0.1)
(0.17417 0.0720602 0.1)
(0.190546 0.0719207 0.1)
(0.222867 0.0739084 0.1)
(0.206502 0.0730548 0.1)
(0.223042 0.0946612 0.1)
(0.221389 0.114077 0.1)
(0.1748 0.1124 0.1)
(0.173372 0.0940328 0.1)
(0.175096 0.13386 0.1)
(0.221003 0.132266 0.1)
(0.267333 0.115333 0.1)
(0.267233 0.0995633 0.1)
(0.267333 0.132667 0.1)
(0.564533 0.486667 0.1)
(0.564533 0.4672 0.1)
(0.564533 0.506133 0.1)
(0.564533 0.5256 0.1)
(0.564533 0.564533 0.1)
(0.4088 0.564533 0.1)
(0.369867 0.564533 0.1)
(0.389333 0.564533 0.1)
(0.3504 0.564533 0.1)
(0.311467 0.564533 0.1)
(0.564533 0.4088 0.1)
(0.564533 0.428267 0.1)
(0.564533 0.389333 0.1)
(0.564533 0.369867 0.1)
(0.564533 0.330933 0.1)
(0.564533 0.3504 0.1)
(0.564533 0.311467 0.1)
(0.564533 0.292 0.1)
(0.564533 0.1752 0.1)
(0.564533 0.194667 0.1)
(0.564533 0.214133 0.1)
(0.564533 0.272533 0.1)
(0.564533 0.253067 0.1)
(0.564533 0.2336 0.1)
(0.355324 0.0161483 0.1)
(0.33163 0.017177 0.1)
(0.392571 0.019143 0.1)
(0.374479 0.01795 0.1)
(0.411714 0.0191429 0.1)
(0.430857 0.0191429 0.1)
(0.45 0.019143 0.1)
(0.469143 0.0191429 0.1)
(0.488286 0.0191429 0.1)
(0.526571 0.0191429 0.1)
(0.507429 0.0191429 0.1)
(0.564803 0.0193128 0.1)
(0.545714 0.0191429 0.1)
(0.116196 0.46744 0.1)
(0.0967308 0.4672 0.1)
(0.0970443 0.48684 0.1)
(0.1168 0.487197 0.1)
(0.136267 0.487265 0.1)
(0.136267 0.468106 0.1)
(0.135321 0.448159 0.1)
(0.0966116 0.447734 0.1)
(0.115734 0.447734 0.1)
(0.0774286 0.447734 0.1)
(0.0581789 0.447733 0.1)
(0.0388595 0.447733 0.1)
(0.0194667 0.447733 0.1)
(0.0194668 0.4672 0.1)
(0.0194667 0.486667 0.1)
(0.0388715 0.4672 0.1)
(0.038884 0.486667 0.1)
(0.0775001 0.4672 0.1)
(0.0582158 0.4672 0.1)
(0.058251 0.486667 0.1)
(0.0775713 0.486667 0.1)
(0.0778668 0.52571 0.1)
(0.0777355 0.506226 0.1)
(0.058354 0.525641 0.1)
(0.0582829 0.506133 0.1)
(0.0194668 0.506133 0.1)
(0.0388938 0.506133 0.1)
(0.0389051 0.5256 0.1)
(0.0194667 0.5256 0.1)
(0.0194667 0.545067 0.1)
(0.038921 0.545078 0.1)
(0.0389334 0.564533 0.1)
(0.0778667 0.545103 0.1)
(0.0584001 0.545094 0.1)
(0.0973335 0.506405 0.1)
(0.1168 0.506449 0.1)
(0.1168 0.525757 0.1)
(0.0973335 0.525735 0.1)
(0.1168 0.545118 0.1)
(0.0973334 0.545112 0.1)
(0.136267 0.50649 0.1)
(0.136267 0.525778 0.1)
(0.136267 0.545126 0.1)
(0.136267 0.564533 0.1)
(0.155733 0.506523 0.1)
(0.1752 0.506555 0.1)
(0.1752 0.52581 0.1)
(0.155733 0.525794 0.1)
(0.155733 0.545131 0.1)
(0.1752 0.545137 0.1)
(0.214133 0.506597 0.1)
(0.194667 0.506579 0.1)
(0.194667 0.525822 0.1)
(0.214133 0.525831 0.1)
(0.214133 0.545144 0.1)
(0.194667 0.545141 0.1)
(0.292 0.545146 0.1)
(0.272533 0.545147 0.1)
(0.272533 0.564533 0.1)
(0.2336 0.564533 0.1)
(0.253067 0.564533 0.1)
(0.253067 0.545147 0.1)
(0.2336 0.545146 0.1)
(0.2336 0.525837 0.1)
(0.2336 0.50661 0.1)
(0.253067 0.525841 0.1)
(0.253067 0.506616 0.1)
(0.292 0.525839 0.1)
(0.272534 0.525841 0.1)
(0.272534 0.506617 0.1)
(0.292 0.506612 0.1)
(0.292 0.487468 0.1)
(0.272534 0.487476 0.1)
(0.272534 0.468422 0.1)
(0.292 0.468409 0.1)
(0.292 0.430564 0.1)
(0.292 0.44944 0.1)
(0.272534 0.430591 0.1)
(0.272534 0.449459 0.1)
(0.2336 0.487465 0.1)
(0.253067 0.487475 0.1)
(0.253067 0.468421 0.1)
(0.2336 0.468407 0.1)
(0.2336 0.449438 0.1)
(0.253067 0.449459 0.1)
(0.253067 0.430592 0.1)
(0.2336 0.430565 0.1)
(0.1752 0.468269 0.1)
(0.155734 0.468193 0.1)
(0.155734 0.487322 0.1)
(0.1752 0.487373 0.1)
(0.194667 0.487414 0.1)
(0.214134 0.487444 0.1)
(0.214134 0.468376 0.1)
(0.194667 0.46833 0.1)
(0.194667 0.449331 0.1)
(0.214134 0.449395 0.1)
(0.214134 0.430508 0.1)
(0.194667 0.430423 0.1)
(0.1752 0.449246 0.1)
(0.175201 0.43031 0.1)
(0.155734 0.449139 0.1)
(0.170771 0.369867 0.1)
(0.171352 0.389334 0.1)
(0.172646 0.409378 0.1)
(0.211483 0.371053 0.1)
(0.189272 0.369867 0.1)
(0.192259 0.390714 0.1)
(0.214134 0.393042 0.1)
(0.194667 0.411612 0.1)
(0.214134 0.411721 0.1)
(0.292 0.411785 0.1)
(0.272534 0.411823 0.1)
(0.253067 0.411826 0.1)
(0.233601 0.411794 0.1)
(0.233601 0.39313 0.1)
(0.2329 0.371634 0.1)
(0.253067 0.393169 0.1)
(0.254331 0.374878 0.1)
(0.292001 0.393111 0.1)
(0.272589 0.39318 0.1)
(0.274562 0.374233 0.1)
(0.29312 0.375494 0.1)
(0.293442 0.354162 0.1)
(0.269996 0.35264 0.1)
(0.265679 0.331483 0.1)
(0.281962 0.332222 0.1)
(0.281924 0.296537 0.1)
(0.281885 0.314421 0.1)
(0.265678 0.295801 0.1)
(0.265678 0.313555 0.1)
(0.228514 0.350237 0.1)
(0.249299 0.348895 0.1)
(0.250039 0.329324 0.1)
(0.234686 0.331015 0.1)
(0.234763 0.312968 0.1)
(0.250108 0.309899 0.1)
(0.250103 0.292964 0.1)
(0.234995 0.29517 0.1)
(0.187641 0.330934 0.1)
(0.169427 0.330934 0.1)
(0.170134 0.3504 0.1)
(0.188498 0.3504 0.1)
(0.206806 0.3504 0.1)
(0.218951 0.332243 0.1)
(0.20469 0.331307 0.1)
(0.203267 0.313064 0.1)
(0.219049 0.315503 0.1)
(0.218951 0.295558 0.1)
(0.194082 0.29598 0.1)
(0.186678 0.311467 0.1)
(0.177743 0.29919 0.1)
(0.168634 0.311467 0.1)
(0.161171 0.294155 0.1)
(0.134236 0.4088 0.1)
(0.153082 0.4088 0.1)
(0.154419 0.429009 0.1)
(0.134531 0.428267 0.1)
(0.115538 0.428267 0.1)
(0.0964805 0.428267 0.1)
(0.0963324 0.4088 0.1)
(0.115322 0.4088 0.1)
(0.115094 0.389334 0.1)
(0.0961778 0.389334 0.1)
(0.0959989 0.369867 0.1)
(0.114832 0.369867 0.1)
(0.133921 0.389334 0.1)
(0.133564 0.369867 0.1)
(0.15267 0.389334 0.1)
(0.152206 0.369867 0.1)
(0.145392 0.297773 0.1)
(0.130682 0.291427 0.1)
(0.132255 0.311467 0.1)
(0.1505 0.311467 0.1)
(0.151697 0.3504 0.1)
(0.151134 0.330934 0.1)
(0.133175 0.3504 0.1)
(0.132742 0.330934 0.1)
(0.0950903 0.292 0.1)
(0.113492 0.292 0.1)
(0.113879 0.311467 0.1)
(0.0953546 0.311467 0.1)
(0.0955941 0.330934 0.1)
(0.114233 0.330934 0.1)
(0.114549 0.3504 0.1)
(0.0958072 0.3504 0.1)
(0.0388301 0.4088 0.1)
(0.0194667 0.428267 0.1)
(0.038845 0.428267 0.1)
(0.0581379 0.428267 0.1)
(0.0773487 0.428267 0.1)
(0.0772586 0.4088 0.1)
(0.0580932 0.4088 0.1)
(0.0580446 0.389333 0.1)
(0.0771641 0.389334 0.1)
(0.0770547 0.369867 0.1)
(0.0579889 0.369867 0.1)
(0.0387943 0.369867 0.1)
(0.0388134 0.389333 0.1)
(0.0387535 0.330933 0.1)
(0.0387737 0.3504 0.1)
(0.0769354 0.3504 0.1)
(0.0579295 0.3504 0.1)
(0.0578641 0.330934 0.1)
(0.0768071 0.330934 0.1)
(0.0766616 0.311467 0.1)
(0.0765025 0.292 0.1)
(0.0577908 0.311467 0.1)
(0.0577109 0.292 0.1)
(0.038702 0.292 0.1)
(0.0387295 0.311467 0.1)
(0.0577667 0.0586603 0.1)
(0.0771855 0.0552564 0.1)
(0.0740288 0.0782215 0.1)
(0.0565328 0.0768854 0.1)
(0.0387401 0.0584001 0.1)
(0.0383923 0.0777032 0.1)
(0.0387956 0.0389415 0.1)
(0.0194667 0.0389334 0.1)
(0.0389334 0.0194667 0.1)
(0.0584 0.0387221 0.1)
(0.0584 0.0194667 0.1)
(0.0768179 0.0375026 0.1)
(0.0795103 0.0193867 0.1)
(0.110001 0.0469583 0.1)
(0.0932386 0.0382037 0.1)
(0.0928872 0.0625803 0.1)
(0.110908 0.0633334 0.1)
(0.111018 0.0806667 0.1)
(0.0929801 0.0801337 0.1)
(0.0941022 0.115334 0.1)
(0.0935059 0.0979113 0.1)
(0.111417 0.115333 0.1)
(0.111229 0.0979853 0.1)
(0.0949136 0.132667 0.1)
(0.112001 0.132667 0.1)
(0.117325 0.15 0.1)
(0.100775 0.15 0.1)
(0.0763961 0.0969034 0.1)
(0.0586056 0.0957188 0.1)
(0.0573906 0.1168 0.1)
(0.076209 0.115334 0.1)
(0.0805679 0.149963 0.1)
(0.0772129 0.131381 0.1)
(0.0575574 0.135804 0.1)
(0.0386397 0.0972562 0.1)
(0.0385152 0.11671 0.1)
(0.0385698 0.136267 0.1)
(0.0194667 0.136267 0.1)
(0.0386712 0.272533 0.1)
(0.0763321 0.272533 0.1)
(0.0576222 0.272533 0.1)
(0.0575282 0.253067 0.1)
(0.0761458 0.253067 0.1)
(0.0759647 0.2336 0.1)
(0.0574408 0.2336 0.1)
(0.0386391 0.253067 0.1)
(0.0386123 0.2336 0.1)
(0.0385528 0.155734 0.1)
(0.0385514 0.1752 0.1)
(0.0385846 0.214133 0.1)
(0.0385633 0.194667 0.1)
(0.0572592 0.155734 0.1)
(0.0572546 0.1752 0.1)
(0.0756136 0.174367 0.1)
(0.0779371 0.197024 0.1)
(0.0572949 0.194667 0.1)
(0.0573551 0.214133 0.1)
(0.0749332 0.21527 0.1)
(0.130013 0.263437 0.1)
(0.146 0.262249 0.1)
(0.146 0.279903 0.1)
(0.0948069 0.272533 0.1)
(0.112992 0.273803 0.1)
(0.112558 0.254103 0.1)
(0.0945009 0.253067 0.1)
(0.0941851 0.2336 0.1)
(0.111659 0.234013 0.1)
(0.129557 0.247274 0.1)
(0.130034 0.228969 0.1)
(0.146058 0.244976 0.1)
(0.146 0.227649 0.1)
(0.146 0.194285 0.1)
(0.146 0.21078 0.1)
(0.130013 0.194632 0.1)
(0.130013 0.211387 0.1)
(0.0935384 0.216472 0.1)
(0.113843 0.215208 0.1)
(0.117326 0.199969 0.1)
(0.100525 0.200937 0.1)
(0.0996737 0.184581 0.1)
(0.100775 0.167203 0.1)
(0.116943 0.182805 0.1)
(0.117325 0.16655 0.1)
(0.146081 0.177042 0.1)
(0.131099 0.179612 0.1)
(0.132834 0.165509 0.1)
(0.261821 0.0467902 0.1)
(0.288306 0.0777338 0.1)
(0.258796 0.014792 0.1)
(0.205804 0.0920463 0.1)
(0.20491 0.111363 0.1)
(0.189641 0.106113 0.1)
(0.189807 0.0875055 0.1)
(0.188256 0.145299 0.1)
(0.189467 0.123372 0.1)
(0.205393 0.129912 0.1)
(0.208209 0.149568 0.1)
(0.284069 0.0980002 0.1)
(0.283714 0.115594 0.1)
(0.283485 0.132667 0.1)
(0.278424 0.15 0.1)
(0.281924 0.210506 0.1)
(0.265678 0.210239 0.1)
(0.265678 0.193956 0.1)
(0.281905 0.194028 0.1)
(0.278609 0.165258 0.1)
(0.281579 0.178055 0.1)
(0.263761 0.164499 0.1)
(0.265678 0.178054 0.1)
(0.235112 0.21019 0.1)
(0.250096 0.208021 0.1)
(0.25 0.193732 0.1)
(0.23505 0.19399 0.1)
(0.235021 0.178518 0.1)
(0.25 0.178054 0.1)
(0.235111 0.163166 0.1)
(0.161593 0.178448 0.1)
(0.161132 0.163166 0.1)
(0.176452 0.179104 0.1)
(0.176452 0.163166 0.1)
(0.219983 0.163166 0.1)
(0.192391 0.163166 0.1)
(0.206595 0.165043 0.1)
(0.190988 0.181359 0.1)
(0.205266 0.179438 0.1)
(0.219983 0.179 0.1)
(0.218951 0.194029 0.1)
(0.218934 0.210323 0.1)
(0.202691 0.194029 0.1)
(0.201825 0.210487 0.1)
(0.161561 0.194766 0.1)
(0.180296 0.196802 0.1)
(0.176453 0.211585 0.1)
(0.163804 0.209873 0.1)
(0.162198 0.22366 0.1)
(0.176453 0.228271 0.1)
(0.176453 0.245239 0.1)
(0.161672 0.238606 0.1)
(0.162166 0.276335 0.1)
(0.161467 0.254978 0.1)
(0.179051 0.284397 0.1)
(0.180753 0.266687 0.1)
(0.218951 0.226826 0.1)
(0.201788 0.227081 0.1)
(0.201786 0.243938 0.1)
(0.218951 0.243639 0.1)
(0.218951 0.260711 0.1)
(0.199931 0.262143 0.1)
(0.201208 0.279062 0.1)
(0.218951 0.278024 0.1)
(0.265678 0.243736 0.1)
(0.281909 0.244288 0.1)
(0.28188 0.227341 0.1)
(0.265678 0.226849 0.1)
(0.250279 0.22087 0.1)
(0.235112 0.226694 0.1)
(0.235112 0.243496 0.1)
(0.25031 0.236993 0.1)
(0.250315 0.253881 0.1)
(0.235112 0.260561 0.1)
(0.234807 0.277612 0.1)
(0.250282 0.270687 0.1)
(0.265678 0.260873 0.1)
(0.265678 0.278234 0.1)
(0.281852 0.261625 0.1)
(0.281841 0.279083 0.1)
(0.467637 0.467389 0.1)
(0.487101 0.4672 0.1)
(0.486877 0.486802 0.1)
(0.4672 0.487079 0.1)
(0.447734 0.467918 0.1)
(0.447734 0.487143 0.1)
(0.448409 0.448074 0.1)
(0.487179 0.447733 0.1)
(0.467964 0.447734 0.1)
(0.506442 0.447733 0.1)
(0.525755 0.447733 0.1)
(0.545118 0.447733 0.1)
(0.564533 0.447733 0.1)
(0.545103 0.486667 0.1)
(0.54511 0.4672 0.1)
(0.506395 0.4672 0.1)
(0.525732 0.4672 0.1)
(0.525709 0.486667 0.1)
(0.50635 0.486667 0.1)
(0.506134 0.525684 0.1)
(0.50623 0.506205 0.1)
(0.525637 0.52563 0.1)
(0.525687 0.506133 0.1)
(0.545096 0.506133 0.1)
(0.545088 0.5256 0.1)
(0.564533 0.545067 0.1)
(0.545076 0.545075 0.1)
(0.545067 0.564533 0.1)
(0.506133 0.545095 0.1)
(0.5256 0.545088 0.1)
(0.5256 0.564533 0.1)
(0.506133 0.564533 0.1)
(0.486667 0.506343 0.1)
(0.4672 0.50638 0.1)
(0.4672 0.525723 0.1)
(0.486667 0.525705 0.1)
(0.486667 0.564533 0.1)
(0.486667 0.545102 0.1)
(0.4672 0.564533 0.1)
(0.4672 0.545107 0.1)
(0.447733 0.525742 0.1)
(0.447734 0.506418 0.1)
(0.447733 0.564533 0.1)
(0.447733 0.545114 0.1)
(0.428267 0.506454 0.1)
(0.4088 0.506488 0.1)
(0.4088 0.525777 0.1)
(0.428267 0.52576 0.1)
(0.428267 0.564533 0.1)
(0.428267 0.54512 0.1)
(0.4088 0.545126 0.1)
(0.369867 0.506544 0.1)
(0.389334 0.506517 0.1)
(0.389334 0.525791 0.1)
(0.369867 0.525805 0.1)
(0.369867 0.545135 0.1)
(0.389333 0.54513 0.1)
(0.311467 0.545145 0.1)
(0.330933 0.564533 0.1)
(0.330933 0.545142 0.1)
(0.3504 0.545139 0.1)
(0.3504 0.525817 0.1)
(0.3504 0.506568 0.1)
(0.330933 0.525827 0.1)
(0.330934 0.506588 0.1)
(0.311467 0.525834 0.1)
(0.311467 0.506602 0.1)
(0.311467 0.487451 0.1)
(0.311467 0.468384 0.1)
(0.311467 0.430512 0.1)
(0.311467 0.449403 0.1)
(0.3504 0.487394 0.1)
(0.330934 0.487426 0.1)
(0.330934 0.468345 0.1)
(0.3504 0.468296 0.1)
(0.3504 0.449277 0.1)
(0.330934 0.449348 0.1)
(0.330934 0.430437 0.1)
(0.3504 0.430341 0.1)
(0.4088 0.468091 0.1)
(0.428267 0.468007 0.1)
(0.428267 0.487202 0.1)
(0.4088 0.487259 0.1)
(0.389334 0.487308 0.1)
(0.369867 0.487354 0.1)
(0.369867 0.468236 0.1)
(0.389334 0.468166 0.1)
(0.389334 0.449094 0.1)
(0.369867 0.449192 0.1)
(0.369867 0.430226 0.1)
(0.389334 0.430094 0.1)
(0.4088 0.448987 0.1)
(0.4088 0.429948 0.1)
(0.428267 0.448868 0.1)
(0.411764 0.369867 0.1)
(0.411461 0.389334 0.1)
(0.41076 0.409145 0.1)
(0.373944 0.370188 0.1)
(0.393015 0.369867 0.1)
(0.392184 0.389713 0.1)
(0.369867 0.392537 0.1)
(0.389334 0.411168 0.1)
(0.369867 0.411339 0.1)
(0.311467 0.411716 0.1)
(0.330934 0.411617 0.1)
(0.350401 0.41149 0.1)
(0.350401 0.39273 0.1)
(0.350401 0.374064 0.1)
(0.330934 0.392892 0.1)
(0.330934 0.374269 0.1)
(0.311467 0.393021 0.1)
(0.311467 0.374433 0.1)
(0.311467 0.355957 0.1)
(0.317024 0.337704 0.1)
(0.298661 0.333109 0.1)
(0.297811 0.297901 0.1)
(0.298256 0.315454 0.1)
(0.315106 0.298254 0.1)
(0.315143 0.316132 0.1)
(0.35576 0.350829 0.1)
(0.334021 0.353959 0.1)
(0.340391 0.332337 0.1)
(0.357887 0.332043 0.1)
(0.35429 0.31503 0.1)
(0.331832 0.317208 0.1)
(0.332495 0.300269 0.1)
(0.356716 0.290887 0.1)
(0.412386 0.330934 0.1)
(0.412071 0.3504 0.1)
(0.393401 0.3504 0.1)
(0.374809 0.3504 0.1)
(0.375297 0.330934 0.1)
(0.393798 0.330934 0.1)
(0.394195 0.311467 0.1)
(0.375608 0.311574 0.1)
(0.37628 0.292001 0.1)
(0.39459 0.292001 0.1)
(0.4127 0.311467 0.1)
(0.413011 0.292001 0.1)
(0.44913 0.4088 0.1)
(0.430117 0.4088 0.1)
(0.429411 0.428684 0.1)
(0.44896 0.428267 0.1)
(0.468081 0.428267 0.1)
(0.487257 0.428267 0.1)
(0.487339 0.4088 0.1)
(0.468203 0.4088 0.1)
(0.468328 0.389334 0.1)
(0.487422 0.389334 0.1)
(0.487506 0.369867 0.1)
(0.468453 0.369867 0.1)
(0.449304 0.389334 0.1)
(0.44948 0.369867 0.1)
(0.430349 0.389334 0.1)
(0.430584 0.369867 0.1)
(0.431547 0.292 0.1)
(0.450196 0.292 0.1)
(0.45002 0.311467 0.1)
(0.431308 0.311467 0.1)
(0.430822 0.3504 0.1)
(0.431067 0.330934 0.1)
(0.449658 0.3504 0.1)
(0.449841 0.330934 0.1)
(0.487843 0.292 0.1)
(0.468962 0.292 0.1)
(0.468838 0.311467 0.1)
(0.487762 0.311467 0.1)
(0.487676 0.330934 0.1)
(0.46871 0.330934 0.1)
(0.46858 0.3504 0.1)
(0.487591 0.3504 0.1)
(0.545126 0.428267 0.1)
(0.545134 0.4088 0.1)
(0.525778 0.428267 0.1)
(0.506489 0.428267 0.1)
(0.506538 0.4088 0.1)
(0.525803 0.4088 0.1)
(0.525829 0.389333 0.1)
(0.506588 0.389333 0.1)
(0.506639 0.369867 0.1)
(0.525853 0.369867 0.1)
(0.545144 0.389333 0.1)
(0.545151 0.369867 0.1)
(0.545168 0.330933 0.1)
(0.54516 0.3504 0.1)
(0.50669 0.3504 0.1)
(0.525879 0.3504 0.1)
(0.525905 0.330933 0.1)
(0.506741 0.330934 0.1)
(0.506792 0.311467 0.1)
(0.50684 0.292 0.1)
(0.52593 0.311467 0.1)
(0.525955 0.292 0.1)
(0.545185 0.292 0.1)
(0.545177 0.311467 0.1)
(0.545218 0.1752 0.1)
(0.564533 0.155733 0.1)
(0.545218 0.155733 0.1)
(0.526055 0.155734 0.1)
(0.507044 0.155734 0.1)
(0.507042 0.1752 0.1)
(0.526054 0.1752 0.1)
(0.526046 0.194667 0.1)
(0.507026 0.194667 0.1)
(0.507003 0.214133 0.1)
(0.526035 0.214133 0.1)
(0.545216 0.194667 0.1)
(0.545212 0.214133 0.1)
(0.545194 0.272533 0.1)
(0.5452 0.253067 0.1)
(0.545207 0.2336 0.1)
(0.506889 0.272534 0.1)
(0.525979 0.272534 0.1)
(0.50693 0.253067 0.1)
(0.525999 0.253067 0.1)
(0.526019 0.2336 0.1)
(0.506971 0.2336 0.1)
(0.450958 0.1752 0.1)
(0.43327 0.174602 0.1)
(0.450979 0.155734 0.1)
(0.469499 0.155734 0.1)
(0.48819 0.155734 0.1)
(0.488186 0.1752 0.1)
(0.469489 0.1752 0.1)
(0.469446 0.194667 0.1)
(0.488159 0.194667 0.1)
(0.488118 0.214134 0.1)
(0.469381 0.214134 0.1)
(0.450894 0.194667 0.1)
(0.450797 0.214134 0.1)
(0.432506 0.194667 0.1)
(0.43237 0.214134 0.1)
(0.431994 0.253067 0.1)
(0.432195 0.2336 0.1)
(0.450525 0.253067 0.1)
(0.450672 0.2336 0.1)
(0.488062 0.2336 0.1)
(0.469294 0.2336 0.1)
(0.469192 0.253067 0.1)
(0.487994 0.253067 0.1)
(0.487924 0.272534 0.1)
(0.469083 0.272534 0.1)
(0.431779 0.272534 0.1)
(0.450368 0.272534 0.1)
(0.297811 0.228219 0.1)
(0.314944 0.228219 0.1)
(0.315078 0.245419 0.1)
(0.297811 0.245352 0.1)
(0.297811 0.280203 0.1)
(0.297811 0.262684 0.1)
(0.315085 0.280487 0.1)
(0.315082 0.262871 0.1)
(0.349261 0.228579 0.1)
(0.331832 0.228579 0.1)
(0.331832 0.246008 0.1)
(0.349414 0.246008 0.1)
(0.352707 0.266669 0.1)
(0.331832 0.26359 0.1)
(0.331832 0.28132 0.1)
(0.413316 0.272534 0.1)
(0.376415 0.27392 0.1)
(0.394978 0.272534 0.1)
(0.375915 0.253483 0.1)
(0.372142 0.231184 0.1)
(0.395346 0.253067 0.1)
(0.4136 0.253067 0.1)
(0.395378 0.235203 0.1)
(0.413869 0.2336 0.1)
(0.414103 0.214134 0.1)
(0.394869 0.214728 0.1)
(0.398288 0.195746 0.1)
(0.41491 0.195079 0.1)
(0.418474 0.180385 0.1)
(0.395463 0.163669 0.1)
(0.414085 0.164863 0.1)
(0.402245 0.17886 0.1)
(0.366567 0.211299 0.1)
(0.382112 0.197762 0.1)
(0.365742 0.194835 0.1)
(0.365351 0.178055 0.1)
(0.383662 0.180892 0.1)
(0.377864 0.16644 0.1)
(0.361579 0.165258 0.1)
(0.314385 0.194797 0.1)
(0.297811 0.194583 0.1)
(0.297811 0.211299 0.1)
(0.31473 0.211299 0.1)
(0.331832 0.211299 0.1)
(0.349111 0.211299 0.1)
(0.348408 0.194835 0.1)
(0.331313 0.194806 0.1)
(0.33112 0.178055 0.1)
(0.348128 0.178055 0.1)
(0.344479 0.165258 0.1)
(0.327604 0.165258 0.1)
(0.314339 0.178055 0.1)
(0.310965 0.165258 0.1)
(0.297811 0.178055 0.1)
(0.2946 0.165258 0.1)
(0.317022 0.128158 0.1)
(0.299733 0.132667 0.1)
(0.293495 0.14982 0.1)
(0.30891 0.149249 0.1)
(0.3263 0.149592 0.1)
(0.34134 0.149458 0.1)
(0.349418 0.132667 0.1)
(0.333483 0.131841 0.1)
(0.332338 0.108218 0.1)
(0.350568 0.117495 0.1)
(0.35157 0.0986722 0.1)
(0.332032 0.0921867 0.1)
(0.31697 0.104276 0.1)
(0.3181 0.0899738 0.1)
(0.300679 0.113315 0.1)
(0.304 0.0895719 0.1)
(0.30348 0.072727 0.1)
(0.31717 0.0757259 0.1)
(0.347826 0.0306908 0.1)
(0.345506 0.0636197 0.1)
(0.347415 0.0472547 0.1)
(0.330366 0.063094 0.1)
(0.331799 0.0768678 0.1)
(0.351294 0.0823839 0.1)
(0.412592 0.146477 0.1)
(0.411715 0.128417 0.1)
(0.378216 0.149898 0.1)
(0.396529 0.143448 0.1)
(0.356906 0.149201 0.1)
(0.366851 0.130578 0.1)
(0.391334 0.126216 0.1)
(0.393504 0.10829 0.1)
(0.373429 0.107392 0.1)
(0.373181 0.0895231 0.1)
(0.392686 0.0910353 0.1)
(0.411701 0.110408 0.1)
(0.411715 0.0925913 0.1)
(0.411715 0.0745499 0.1)
(0.411714 0.0563433 0.1)
(0.373429 0.0728224 0.1)
(0.392572 0.0738653 0.1)
(0.392572 0.0559615 0.1)
(0.372098 0.0538862 0.1)
(0.392572 0.0377565 0.1)
(0.371117 0.0346133 0.1)
(0.411714 0.0379022 0.1)
(0.526039 0.1168 0.1)
(0.507013 0.1168 0.1)
(0.507022 0.0971558 0.1)
(0.526044 0.0973227 0.1)
(0.545222 0.097333 0.1)
(0.564533 0.0973334 0.1)
(0.564533 0.1168 0.1)
(0.545213 0.1168 0.1)
(0.564533 0.136267 0.1)
(0.545217 0.136267 0.1)
(0.52605 0.136267 0.1)
(0.507035 0.136267 0.1)
(0.46948 0.136267 0.1)
(0.488175 0.136267 0.1)
(0.431422 0.149097 0.1)
(0.450082 0.131221 0.1)
(0.431111 0.12985 0.1)
(0.430857 0.111543 0.1)
(0.430857 0.0933526 0.1)
(0.450056 0.112334 0.1)
(0.45 0.0939379 0.1)
(0.488137 0.1168 0.1)
(0.469143 0.113021 0.1)
(0.469143 0.0944278 0.1)
(0.488193 0.0956165 0.1)
(0.488286 0.0571541 0.1)
(0.48827 0.0760826 0.1)
(0.469143 0.0570077 0.1)
(0.469143 0.0757646 0.1)
(0.430857 0.075067 0.1)
(0.45 0.0754493 0.1)
(0.45 0.0568456 0.1)
(0.430857 0.0566315 0.1)
(0.430857 0.0380066 0.1)
(0.45 0.038087 0.1)
(0.469143 0.0381388 0.1)
(0.488286 0.0381929 0.1)
(0.507363 0.0764948 0.1)
(0.526123 0.0776496 0.1)
(0.526527 0.0574932 0.1)
(0.507408 0.0572901 0.1)
(0.526568 0.0382795 0.1)
(0.507429 0.038232 0.1)
(0.564533 0.0778667 0.1)
(0.545276 0.0778287 0.1)
(0.545293 0.0582931 0.1)
(0.564533 0.0584 0.1)
(0.545573 0.0385758 0.1)
(0.564533 0.0389334 0.1)
)


// ************************************************************************* //
