/*--------------------------------*- C++ -*----------------------------------*\
  =========                 |
  \\      /  F ield         | OpenFOAM: The Open Source CFD Toolbox
   \\    /   O peration     | Website:  https://openfoam.org
    \\  /    A nd           | Version:  8
     \\/     M anipulation  |
\*---------------------------------------------------------------------------*/
FoamFile
{
    version     2.0;
    format      ascii;
    class       volVectorField;
    location    "1";
    object      U;
}
// * * * * * * * * * * * * * * * * * * * * * * * * * * * * * * * * * * * * * //

dimensions      [0 1 -1 0 0 0 0];

internalField   nonuniform List<vector> 
1924
(
(0.279622 0.118329 1.94785e-17)
(0.28883 0.0582445 1.064e-17)
(1.63137 1.30454 1.43047e-17)
(3.24243 2.63784 9.4903e-18)
(0.488623 0.0499038 1.89673e-17)
(3.39137 2.68211 9.88273e-18)
(4.44883 3.96664 8.94159e-18)
(4.52258 4.10406 8.18426e-18)
(4.79373 4.11935 3.96817e-18)
(1.12613 0.964694 1.65065e-17)
(4.76492 4.34808 2.06802e-18)
(4.87999 4.32416 -2.37347e-18)
(-0.649021 1.09148 5.94789e-18)
(4.74665 4.64225 -3.87149e-18)
(2.07029 5.41431 1.56295e-17)
(1.71128 5.76083 1.21737e-17)
(-0.50734 0.738896 7.48011e-18)
(4.67045 4.47071 2.94463e-18)
(0.178986 0.0726275 1.98743e-17)
(4.45842 4.6455 5.47395e-18)
(-0.0237411 -0.121302 5.56598e-18)
(-1.1797 -0.0815305 6.96611e-18)
(-0.582876 0.369269 8.10347e-18)
(4.44132 4.53878 1.55743e-17)
(-1.21257 -0.190532 8.34804e-18)
(-0.935186 0.490173 1.57766e-17)
(-0.67472 1.04008 1.72313e-17)
(0.940843 0.462063 1.78004e-17)
(0.433189 0.183478 2.11648e-17)
(2.19623 0.556846 2.83479e-18)
(-0.419073 0.255085 8.86593e-18)
(-1.15268 -0.185555 1.057e-17)
(0.257453 0.3611 1.70663e-17)
(-0.531718 0.376009 7.41919e-18)
(0.74634 0.493758 1.51355e-17)
(-0.728658 0.64123 5.65401e-18)
(-1.08877 0.165975 1.08087e-17)
(0.415139 0.0844307 2.15367e-17)
(1.80288 -0.488778 -4.85784e-20)
(-0.375331 0.26857 8.42785e-18)
(-0.975182 0.3706 1.18389e-17)
(-0.201392 0.0455992 4.21484e-18)
(-0.950185 0.260837 1.39547e-17)
(-0.718391 0.205729 7.77632e-18)
(3.43545 1.38555 7.00185e-18)
(0.45663 0.445162 1.59309e-17)
(0.142631 -0.201167 1.4311e-17)
(4.06939 2.54076 1.08296e-17)
(0.1559 0.0503073 7.26462e-19)
(0.0542296 -0.0520513 5.69546e-19)
(-0.336772 0.125512 -5.78656e-18)
(-0.511241 0.524287 5.85627e-18)
(-1.0835 -0.152472 5.27872e-18)
(0.504756 -0.263017 5.08926e-19)
(0.217548 0.609576 1.10635e-17)
(1.28486 1.47914 1.49454e-17)
(0.162569 -0.0308312 1.74966e-17)
(3.49076 1.51358 1.17398e-17)
(2.58316 0.767541 9.11699e-18)
(0.351583 3.58813 1.87104e-17)
(-0.987258 0.244834 5.9611e-18)
(2.07988 6.35088 6.25221e-18)
(-0.853783 0.0537903 5.60933e-18)
(2.97432 0.724297 -3.08859e-18)
(0.477778 -0.248474 3.72872e-18)
(3.90751 2.84235 1.16682e-17)
(1.51826 5.71427 1.7364e-17)
(-0.348605 0.856141 6.06172e-18)
(0.349431 0.379902 1.79188e-17)
(-0.607686 0.0259803 1.5503e-18)
(-0.065878 -0.0172363 1.15887e-17)
(1.77062 6.6057 4.49684e-18)
(1.88003 -0.609611 3.64825e-19)
(2.29609 0.459569 3.75946e-18)
(2.06258 -0.442989 2.12319e-18)
(-0.57586 0.0770333 1.49447e-17)
(3.9846 2.80589 9.04359e-18)
(2.61287 -0.130615 2.48359e-18)
(4.31884 3.15275 7.59805e-18)
(-0.779602 0.111667 4.87154e-18)
(4.06861 0.108209 1.72364e-17)
(-0.409688 1.72584 1.66923e-17)
(3.13986 3.5102 -8.18486e-19)
(0.0539355 -0.0275854 7.9073e-18)
(0.210633 0.344736 1.54074e-17)
(-0.301472 0.525439 4.60239e-18)
(2.25985 1.0734 1.01107e-17)
(2.6702 5.57405 1.24628e-17)
(0.0908674 -0.0249166 1.79409e-18)
(0.200459 0.194336 1.0232e-17)
(1.57429 5.2461 2.09407e-17)
(-0.526989 1.48079 2.17324e-17)
(0.211393 0.623154 1.20042e-17)
(0.0276135 1.00383 1.43742e-17)
(-0.00829901 0.326075 1.05756e-17)
(0.445745 -0.264956 5.22316e-18)
(4.10799 3.03849 9.25821e-18)
(4.38666 1.23157 1.93041e-17)
(0.246067 3.37632 1.70304e-17)
(-0.580831 -0.0552152 1.46479e-17)
(0.87098 0.481141 1.77896e-17)
(-0.0705323 0.260632 9.24425e-18)
(0.362188 3.73015 1.499e-17)
(-0.244462 2.18086 1.89176e-17)
(-0.0245589 1.0625 1.5489e-17)
(3.84756 0.0227448 1.62796e-18)
(0.701814 0.589254 1.95824e-17)
(-0.289607 0.707026 1.6612e-17)
(0.100967 2.83 2.26487e-17)
(0.308762 0.952044 1.17668e-17)
(4.49278 3.10239 7.3021e-18)
(0.345717 0.591481 1.64764e-17)
(0.464594 0.0766634 2.05268e-17)
(3.27295 2.34337 2.19676e-18)
(3.93371 2.46418 7.4146e-18)
(0.253195 0.075933 1.09313e-17)
(1.24098 0.820493 1.50661e-17)
(0.946197 5.44443 1.51881e-17)
(0.0430151 0.167766 6.1377e-18)
(3.93769 2.44394 6.43938e-18)
(-0.0338118 0.15936 1.88234e-17)
(0.139475 0.00306184 3.75173e-19)
(0.252788 -0.383117 8.66736e-19)
(0.313492 0.0420379 6.86892e-18)
(1.68214 6.65983 7.96086e-18)
(0.193349 1.20409 1.29605e-17)
(-0.68117 0.144823 1.40056e-17)
(2.89834 -0.621438 6.69935e-18)
(0.331883 0.822124 1.26321e-17)
(0.0799605 -0.0825098 -1.91577e-19)
(4.34537 2.83946 9.04595e-19)
(0.835818 0.538304 1.88174e-17)
(-0.315151 0.316992 1.38812e-17)
(3.63953 2.77934 3.66888e-18)
(-0.282374 0.576283 7.66762e-18)
(0.406456 1.27484 1.46929e-17)
(0.492334 0.261672 2.03137e-17)
(0.356557 0.340593 1.96862e-17)
(4.22332 4.65394 1.77804e-17)
(0.585356 0.241755 1.85181e-17)
(3.16228 2.35303 1.08138e-17)
(1.95316 6.79969 5.77678e-18)
(-0.0612804 -0.363459 1.49028e-17)
(0.148187 -0.28826 9.98999e-18)
(1.38141 0.944529 1.55074e-17)
(0.0713233 -0.105731 -1.16869e-18)
(-0.417564 0.745406 1.77946e-17)
(-0.508772 0.00174547 1.24807e-17)
(0.215337 2.82489 2.35416e-17)
(0.038768 -0.083966 4.68932e-18)
(1.89825 2.56174 -5.32502e-18)
(0.119543 7.57236e-05 6.22848e-19)
(-0.789254 0.0858594 1.14581e-17)
(0.920032 0.701986 1.99026e-17)
(2.2724 2.0024 1.12349e-17)
(0.148862 1.21123 1.07135e-17)
(0.133327 0.0143659 3.28118e-20)
(0.624727 0.298854 1.96676e-17)
(4.50085 3.06747 -1.83185e-18)
(2.33709 2.77362 -1.35199e-17)
(3.07224 1.9635 5.8636e-19)
(-0.415982 0.212972 1.50443e-17)
(1.14196 0.855772 1.87858e-17)
(0.149242 -0.00371295 8.66862e-19)
(1.21391 0.960123 -1.14613e-17)
(0.544463 1.51092 1.36878e-17)
(0.930573 1.45298 1.313e-17)
(0.138156 0.0213234 3.51986e-19)
(3.79967 2.08476 4.31952e-18)
(0.851441 1.19074 1.31663e-17)
(0.606355 0.373503 1.91972e-17)
(2.78246 2.72074 9.59829e-18)
(3.7166 -0.533937 1.06629e-19)
(-0.176123 2.25324 1.98331e-17)
(2.61068 3.09395 9.56706e-18)
(-0.868913 0.270198 1.2066e-17)
(2.94751 1.39414 2.02124e-19)
(0.0264502 -0.67199 8.07335e-18)
(-0.863881 0.563877 5.41156e-18)
(1.28482 1.08048 2.07095e-17)
(0.102186 0.97462 2.00866e-17)
(0.45824 4.67345 2.43189e-17)
(3.05808 1.13139 3.22807e-18)
(1.14503 1.6591 1.3262e-17)
(0.152366 0.0614441 4.06866e-19)
(0.469335 -0.278939 7.49089e-18)
(-0.907238 0.284958 1.03564e-17)
(0.283326 1.70307 1.76229e-17)
(4.20044 2.26055 -9.452e-19)
(3.16084 1.87195 3.26812e-18)
(-0.670313 0.647026 1.49739e-17)
(3.98231 3.74707 7.37048e-18)
(4.81628 2.85569 -3.15356e-18)
(2.23317 2.17813 1.21393e-17)
(1.19659 1.53742 1.94921e-17)
(0.114271 -0.00449437 5.10887e-19)
(0.300866 2.41306 1.50346e-17)
(-0.82215 0.285146 1.23156e-17)
(-0.509823 0.436132 1.72115e-17)
(-0.923936 0.302902 1.16112e-17)
(0.0661517 -0.0992171 1.50214e-17)
(0.613097 -0.603037 6.03623e-18)
(0.786922 1.48056 1.43066e-17)
(4.18426 4.30174 7.22575e-18)
(0.651379 0.174998 2.02003e-17)
(-0.109406 1.01227 1.70627e-17)
(2.27977 2.68386 1.19653e-17)
(-0.82097 0.48397 9.71129e-18)
(-0.624472 0.15368 1.2198e-17)
(-0.155329 -0.347849 1.12402e-17)
(0.149512 -0.00936281 6.05831e-19)
(0.749628 0.82842 1.78372e-17)
(3.60017 4.9038 2.06106e-17)
(1.22992 1.83354 1.59209e-17)
(0.0303415 1.81965 1.56949e-17)
(3.54078 0.0971986 1.80926e-18)
(0.000457195 1.96883 2.31602e-17)
(-0.722181 0.51543 1.39807e-17)
(3.55705 3.99853 9.15605e-18)
(2.66638 -1.42553 9.42911e-18)
(-0.163429 0.949206 1.39122e-17)
(3.98141 2.69691 2.36386e-18)
(1.23577 1.60874 1.73002e-17)
(3.30212 5.11495 2.41797e-17)
(4.51658 4.53672 5.57844e-18)
(0.111983 2.60201 1.4042e-17)
(4.93709 3.19993 -1.68539e-18)
(4.27293 -0.834274 8.86624e-18)
(1.08758 1.59809 1.94673e-17)
(-0.997252 0.296331 1.06485e-17)
(0.332243 0.184001 1.01827e-17)
(0.781946 4.33739 2.04871e-17)
(-0.499849 0.517816 1.9096e-17)
(-0.471116 -0.153422 1.57684e-17)
(0.21312 2.97694 1.38233e-17)
(0.153815 1.05415 -1.6008e-17)
(3.2727 4.45198 2.15219e-17)
(4.02991 4.85004 7.4513e-18)
(1.06109 1.11631 2.26538e-17)
(0.11428 -0.00926754 2.13711e-19)
(-0.220279 4.12381 2.28879e-17)
(-0.501392 0.804794 9.99711e-18)
(3.49328 4.06974 2.13977e-17)
(-0.858686 0.51433 9.76786e-18)
(1.75751 0.748601 -1.28647e-17)
(-0.321581 0.435838 9.3113e-18)
(4.44345 4.85953 3.92596e-18)
(3.42092 3.61392 8.40791e-18)
(3.0108 0.658491 1.19893e-18)
(4.06984 -1.11058 7.20377e-18)
(0.787006 -0.0340793 -2.76787e-18)
(0.144542 -0.00794277 3.26415e-19)
(0.994963 1.9138 2.15812e-17)
(1.00275 0.998963 1.81512e-17)
(4.42854 1.98081 -4.76016e-18)
(2.70197 4.86464 2.50856e-17)
(-0.927173 0.365411 1.60001e-17)
(-0.960636 0.558563 5.96678e-18)
(-0.171427 0.866008 1.73295e-17)
(4.28121 4.94764 4.95472e-18)
(0.638659 1.42955 1.47046e-17)
(1.09687 1.25686 2.29622e-17)
(-0.216631 1.94643 2.36357e-17)
(3.53262 0.703023 1.22616e-19)
(-1.09242 -0.24914 9.7859e-18)
(1.67985 -1.69486 5.39772e-18)
(-0.159366 0.0562846 3.93776e-18)
(3.18613 -1.48055 8.66022e-18)
(-0.121699 0.676428 1.4285e-17)
(-0.098541 -0.222418 2.42563e-17)
(-1.06398 0.175993 1.06943e-17)
(2.63857 1.89857 -2.9531e-18)
(0.711086 0.365959 1.8229e-17)
(-0.952155 0.891434 5.24913e-18)
(0.746248 4.47459 2.09005e-17)
(3.47712 -0.819091 1.72287e-17)
(4.58364 4.90199 -1.92224e-18)
(0.133748 3.07367 1.28541e-17)
(0.95156 0.803094 2.17796e-17)
(-0.834432 0.528556 9.79815e-18)
(-0.123536 -0.171045 1.54407e-17)
(0.104988 -0.00733921 4.12679e-19)
(1.10911 4.36578 2.17982e-17)
(0.787595 1.81746 2.18364e-17)
(-0.0105845 0.089299 1.98777e-17)
(2.79265 1.17321 5.39578e-18)
(5.00377 2.89202 3.92927e-18)
(0.142607 -0.0315095 4.15105e-19)
(4.08293 5.25285 3.99062e-18)
(-0.736157 0.844504 7.38256e-18)
(1.1393 1.08469 2.3552e-17)
(1.27832 -1.65568 7.61436e-19)
(0.308434 3.2402 1.43771e-17)
(2.49702 3.80628 2.39112e-17)
(0.224257 -0.10215 6.0311e-18)
(1.15231 0.543944 -1.1183e-17)
(2.50696 5.03035 2.4673e-17)
(-0.520162 0.582512 7.23881e-18)
(2.98326 -1.88209 1.12821e-17)
(2.26211 4.16777 2.43285e-17)
(0.105 -0.0440238 -2.58561e-19)
(0.956679 0.860515 2.24329e-17)
(2.94108 2.88272 2.24247e-17)
(0.13255 1.74094 2.80751e-17)
(4.37464 5.16101 -1.05987e-18)
(-0.76932 1.0861 1.06229e-17)
(-0.539225 0.745743 4.72139e-18)
(3.15536 2.42251 2.12428e-17)
(-1.08698 0.557461 8.99418e-18)
(4.29308 2.92715 8.72442e-18)
(-0.5009 0.618326 5.42512e-18)
(-0.223379 -0.212708 3.42175e-18)
(0.495531 2.04744 2.05831e-17)
(-1.01755 -0.278235 4.49384e-18)
(4.74127 2.2874 -2.73089e-18)
(-0.631024 0.771045 4.10857e-18)
(0.576569 1.55544 1.52149e-17)
(4.14635 5.40265 6.27003e-19)
(1.09905 1.20289 2.34491e-17)
(0.907377 1.93459 1.56216e-17)
(1.36087 -1.70935 8.13851e-18)
(-1.10966 0.212723 1.22322e-17)
(1.07816 0.956978 2.18251e-17)
(2.54217 1.59029 5.11338e-18)
(-0.535142 1.34663 1.56013e-17)
(3.80079 -1.55636 1.53101e-17)
(-0.47829 1.4641 8.98567e-18)
(-0.993288 0.66927 9.89197e-18)
(3.60766 4.25038 7.92321e-18)
(4.92999 3.25629 9.00756e-18)
(-0.766548 0.441087 9.42911e-18)
(1.31347 5.64002 1.32909e-17)
(-0.849427 -0.201154 3.97155e-18)
(4.30971 5.00854 1.53249e-18)
(2.1631 -2.30746 1.00377e-17)
(0.273623 3.32587 1.29416e-17)
(0.604054 4.15898 1.99068e-17)
(1.09097 1.32615 2.29175e-17)
(1.01928 2.53444 2.41993e-17)
(1.20423 1.0063 2.22739e-17)
(3.828 -1.86873 9.89856e-18)
(3.31222 2.2623 2.41323e-18)
(-1.13341 -0.373623 7.07198e-18)
(-0.474744 0.324648 1.20491e-17)
(1.82201 4.58049 2.6595e-17)
(1.07697 6.3228 8.87764e-18)
(0.4609 0.0962604 1.63726e-17)
(1.46578 6.82926 8.3829e-18)
(-0.309257 -0.34246 3.7521e-18)
(-0.77072 0.841142 1.33379e-17)
(-0.996783 -0.146634 1.30476e-17)
(1.10744 0.0814053 -1.71452e-17)
(0.416682 0.372804 -1.62364e-17)
(1.85409 2.46333 2.60416e-17)
(-0.310514 0.797042 2.63192e-18)
(3.59155 -2.45935 9.33005e-18)
(0.0971123 0.0914836 -5.5012e-19)
(3.83207 5.70572 4.70372e-19)
(-1.14515 0.28274 1.06492e-17)
(0.401151 -0.195675 5.81445e-18)
(0.483992 3.50498 1.57051e-17)
(1.45586 3.50334 2.67289e-17)
(2.14372 2.00188 2.49161e-17)
(0.799737 4.49635 2.21545e-17)
(-1.03826 -0.301582 1.09799e-17)
(1.60958 1.4442 2.01601e-17)
(-1.10372 -0.345417 7.22068e-18)
(-1.03539 0.22618 1.29632e-17)
(0.760022 2.68825 2.9503e-17)
(0.957492 1.40196 2.30605e-17)
(2.45916 0.894247 2.12141e-17)
(0.756344 2.24322 1.67079e-17)
(-1.05977 0.271158 1.04741e-17)
(-0.896766 3.02268 2.49851e-17)
(-0.680291 0.796414 2.10527e-17)
(0.261566 -0.496869 -3.58585e-18)
(1.19213 3.79042 2.68125e-17)
(1.53836 4.8125 2.44598e-17)
(-1.05915 -0.464928 8.04397e-18)
(1.24063 6.68947 8.42382e-18)
(1.01625 6.35348 9.93146e-18)
(3.31976 -2.58601 7.99038e-18)
(-0.699485 1.42223 6.70973e-18)
(0.865028 2.37233 1.61975e-17)
(-0.987437 0.316856 9.7655e-18)
(2.67035 0.47012 1.98058e-17)
(1.86239 -2.44496 1.06084e-17)
(1.02677 4.99617 1.93159e-17)
(-0.845364 0.305801 1.80397e-17)
(1.63657 1.68522 2.0352e-17)
(1.19739 1.21193 -1.96033e-17)
(-0.806888 -0.199724 4.75199e-18)
(-0.390419 2.17189 8.49318e-18)
(1.19776 5.83915 1.75521e-17)
(2.08622 2.80557 1.62661e-17)
(0.0303484 0.487241 8.46929e-18)
(-0.895328 -0.10972 1.5766e-17)
(-1.06388 -0.498778 7.1898e-18)
(4.87017 2.93895 1.63979e-17)
(0.731815 5.67904 1.30015e-17)
(0.0104319 -0.130083 -2.05596e-18)
(2.64755 -3.19702 1.35333e-17)
(-0.252055 0.231196 1.03411e-17)
(-0.252536 0.687681 1.54853e-17)
(0.108773 0.00784552 3.96886e-19)
(0.659696 4.16179 2.00319e-17)
(2.93644 -0.707291 1.75904e-17)
(1.18041 6.27856 1.53515e-17)
(-1.21029 0.183336 8.77431e-18)
(-0.960282 -0.318825 1.36994e-17)
(0.416902 3.58596 1.69762e-17)
(-0.519735 -0.0591802 5.47081e-18)
(3.75322 5.61897 1.62946e-18)
(3.239 3.6611 1.22615e-17)
(1.50543 3.68148 2.32997e-17)
(0.0799081 0.59604 2.83071e-17)
(3.19977 -1.92794 1.68829e-17)
(0.749559 2.05455 2.98093e-17)
(0.211581 0.306772 6.50905e-18)
(4.23136 3.92616 7.88402e-18)
(1.08314 1.66494 2.89099e-17)
(-1.07949 0.167461 9.19152e-18)
(3.12393 -1.14142 1.56715e-17)
(-0.33188 0.796097 3.75277e-18)
(-0.994691 -0.557138 9.7171e-18)
(1.4054 0.413462 2.67153e-17)
(4.836 1.83713 2.22364e-18)
(1.00755 -2.49223 -2.22321e-18)
(-0.988143 -0.440055 7.01539e-18)
(-0.400772 1.00434 2.46666e-17)
(0.752472 4.39851 2.11521e-17)
(3.18596 -2.48001 1.73964e-17)
(-0.173889 2.03276 2.42198e-17)
(0.156197 0.00763743 6.37107e-18)
(1.89576 3.04969 1.72083e-17)
(-0.602244 0.491215 2.24318e-17)
(1.74272 0.0574022 2.49953e-17)
(0.111115 -0.143152 2.75759e-18)
(3.14818 4.16037 1.02844e-17)
(-0.980001 -0.602607 8.56257e-18)
(-1.03959 0.380905 8.21854e-18)
(-0.783991 -0.133773 1.78849e-17)
(0.750958 2.71118 1.1556e-17)
(0.0449224 -0.00120872 -2.15918e-17)
(1.06097 6.65776 9.46063e-18)
(2.02311 1.48323 -1.1762e-17)
(0.708828 3.87933 1.82987e-17)
(2.24993 -3.31944 1.36201e-17)
(-0.496956 1.92178 1.04022e-17)
(0.984945 4.92965 2.0979e-17)
(0.725454 4.35994 2.58458e-17)
(-0.876423 -0.351281 6.29729e-18)
(0.512945 2.76507 1.39447e-17)
(4.74311 3.24383 1.88392e-17)
(-0.841761 -0.276408 1.65403e-17)
(-0.224186 2.61678 9.32369e-18)
(2.00374 -1.16534 2.1461e-17)
(0.388761 3.10691 2.89208e-17)
(0.182426 -0.198501 4.31389e-18)
(0.452112 5.94963 1.15279e-17)
(3.13844 -3.24722 9.92582e-18)
(-0.943058 -0.622363 6.21869e-18)
(-0.767947 0.3321 4.36073e-18)
(0.0676684 -0.154913 4.74807e-18)
(-0.40183 0.220932 9.89874e-18)
(0.957246 5.29272 2.02881e-17)
(0.967486 6.08278 1.65688e-17)
(1.28697 3.73793 2.57771e-17)
(3.60748 5.07646 6.43843e-18)
(4.14804 3.10325 7.66036e-18)
(-0.914652 -0.588747 1.1423e-17)
(-0.518579 -0.231361 6.11618e-18)
(1.23073 -2.93866 1.62166e-17)
(2.25115 -1.55014 1.90071e-17)
(-0.893719 0.102518 5.75238e-18)
(3.11164 -3.39616 1.04465e-17)
(1.21567 -2.06432 -4.17519e-18)
(3.39534 5.8515 2.72089e-18)
(0.801152 6.42507 1.1124e-17)
(0.108544 5.23157 1.46683e-17)
(0.613351 4.03134 1.73779e-17)
(2.6591 4.50959 1.15927e-17)
(0.501742 3.60841 2.24518e-17)
(0.853482 6.34652 1.42582e-17)
(-0.930957 -0.626368 6.29301e-18)
(-0.937772 -0.672806 1.01765e-17)
(-0.603673 -0.164495 1.99819e-17)
(-1.68975 2.38144 2.32351e-17)
(-0.334154 1.2954 2.2485e-17)
(4.95571 2.2341 7.63307e-18)
(-0.643247 0.43932 3.97449e-18)
(-0.424765 0.611409 2.2912e-17)
(-0.272457 -0.182128 6.9271e-18)
(4.57705 4.22581 7.58107e-18)
(0.259742 0.0197431 3.10876e-17)
(2.48651 -2.60947 1.55372e-17)
(0.48678 5.91416 1.38373e-17)
(0.800015 4.33543 2.22712e-17)
(-0.639902 -0.323572 1.76873e-17)
(2.43605 1.13641 4.05586e-18)
(0.720937 -0.202616 2.92398e-17)
(0.112862 3.41767 2.65914e-17)
(-1.10935 0.268564 8.67114e-18)
(-0.903838 -0.74314 8.11031e-18)
(-0.22147 0.845369 6.15432e-18)
(0.259783 0.174079 2.22298e-17)
(0.0241958 1.35227 3.15575e-17)
(-0.728483 -0.552953 1.38314e-17)
(-0.74216 -0.516435 5.63639e-18)
(0.958818 -1.5166 2.6851e-17)
(2.69605 -3.96027 9.09751e-18)
(2.60896 -2.81433 1.43218e-17)
(0.833357 4.54704 2.31109e-17)
(0.348854 2.94975 1.12953e-17)
(0.832518 5.03286 2.11517e-17)
(0.757915 5.38769 1.9846e-17)
(-0.886777 -0.727418 6.85143e-18)
(-0.285118 2.40857 1.09768e-17)
(3.4638 5.56767 6.6472e-18)
(-0.0715292 5.3776 1.37891e-17)
(0.0399506 -0.293123 6.22319e-18)
(-0.378023 1.62966 3.12689e-17)
(2.61854 -3.84928 1.04207e-17)
(1.33677 -1.88055 2.34796e-17)
(0.465253 2.96596 1.77017e-17)
(-0.0231681 2.96564 1.22429e-17)
(1.51912 -3.60676 1.53297e-17)
(-1.10524 0.513892 4.76902e-18)
(-0.857416 -0.620909 1.33381e-17)
(1.81748 4.79256 2.07932e-17)
(0.111115 -0.347908 5.21254e-18)
(3.23664 5.77199 7.68224e-18)
(-0.624136 -0.425778 6.01161e-18)
(-0.463038 0.34603 3.92535e-18)
(-0.108069 0.327729 1.00226e-17)
(0.780895 6.1988 1.58572e-17)
(2.41128 4.59043 1.17721e-17)
(-0.929418 -0.00691623 6.27414e-18)
(-0.702694 0.278073 6.52203e-18)
(-0.897845 -0.806089 1.12083e-17)
(-0.790998 -0.752302 5.24823e-18)
(3.14102 1.32231 6.76152e-18)
(-0.789258 0.267974 4.59834e-18)
(2.52879 -4.0531 1.42187e-17)
(1.54846 -3.09473 1.89687e-17)
(-0.489425 -0.106931 2.17734e-17)
(0.905132 -2.98105 1.79183e-18)
(3.16025 0.631735 7.62055e-19)
(0.578931 6.33565 1.1932e-17)
(4.39011 2.61767 1.97788e-17)
(-0.538471 -0.368556 1.97794e-17)
(0.596385 3.50575 2.45228e-17)
(-0.450257 4.34461 1.98028e-17)
(-0.315466 -0.331025 9.16511e-18)
(-0.522845 -0.539582 1.54379e-17)
(-0.288857 0.273292 4.45933e-18)
(-1.19019 0.689972 4.46862e-18)
(-0.383007 0.281887 2.44335e-18)
(0.594138 0.52446 -2.85952e-18)
(0.946312 -2.6367 -6.27212e-18)
(-0.897967 -0.796232 1.08666e-17)
(0.104742 -0.4463 5.95918e-18)
(-0.509292 0.379113 1.56991e-17)
(0.711237 3.94038 2.38782e-17)
(-1.12267 0.161335 7.33957e-18)
(0.139847 0.572726 6.64151e-18)
(2.65036 -4.05898 9.65643e-18)
(4.60842 3.67417 1.82276e-18)
(1.06932 -2.89798 1.44715e-17)
(-0.713544 -0.696462 5.16856e-18)
(1.72093 -3.42822 1.6776e-17)
(-0.344691 0.921079 2.413e-17)
(-0.596338 -0.568727 1.28469e-17)
(0.823417 4.38942 2.39726e-17)
(1.81138 -4.44853 1.45398e-17)
(0.716875 5.0905 2.0836e-17)
(-0.759889 0.409905 2.90755e-18)
(0.0706803 0.341149 9.11428e-18)
(-0.0784042 -1.7914 2.90233e-17)
(-0.049994 0.149267 6.04039e-18)
(-0.822723 -0.878805 8.99168e-18)
(-0.183737 5.41847 1.72794e-17)
(3.52811 5.82133 2.66156e-18)
(0.74495 4.57017 2.15778e-17)
(0.431945 -0.00390671 4.57922e-18)
(-1.0546 0.458226 3.68772e-18)
(-0.44267 -0.51973 3.18345e-17)
(-0.706922 -0.343677 4.72559e-18)
(1.86903 -4.38264 1.35548e-17)
(3.17167 1.91166 2.89317e-18)
(-0.821253 -0.737745 1.44018e-17)
(-0.204649 -0.387062 8.62507e-18)
(0.0378332 -0.0646078 2.05388e-17)
(0.185508 0.147245 -2.35588e-19)
(-0.519608 0.187449 4.35097e-18)
(0.270659 -2.17767 2.7442e-17)
(0.690534 5.47835 1.91522e-17)
(4.61922 0.979912 3.70637e-18)
(0.534691 6.24444 1.48036e-17)
(0.125118 -0.401366 5.44572e-18)
(0.434569 -0.168711 5.764e-18)
(-0.849964 -0.22116 3.1698e-17)
(1.63919 4.77369 2.00151e-17)
(2.33471 -0.408563 2.09794e-18)
(-0.470211 -0.538803 5.23267e-18)
(2.86081 5.85992 8.64497e-18)
(-0.0657534 2.80433 1.36283e-17)
(2.45879 -4.68013 1.11564e-17)
(0.196526 0.493662 1.05852e-17)
(-0.691236 0.0434973 6.04787e-18)
(-0.879207 -0.829583 1.71692e-17)
(-0.618093 2.77185 3.07947e-17)
(-0.61692 0.286497 3.08008e-18)
(4.97723 1.75439 1.29902e-17)
(-0.778509 -0.924574 6.40897e-18)
(0.132468 5.94003 1.52886e-17)
(0.423883 3.05564 1.52658e-17)
(-0.313709 0.481274 8.92289e-18)
(0.431983 -0.00302438 5.32104e-18)
(3.55324 1.30537 -1.56128e-17)
(0.690749 -3.42965 2.17148e-17)
(1.996 -4.61123 1.25597e-17)
(4.7132 3.87954 1.08097e-18)
(-0.882814 -0.941884 1.74071e-17)
(2.73217 5.57537 5.91745e-18)
(1.18533 -3.60912 1.70617e-17)
(-1.18218 0.620618 2.752e-18)
(-0.222261 5.34731 2.32495e-17)
(0.16246 3.29996 1.45944e-17)
(-0.421269 0.180784 3.67405e-18)
(-0.811587 4.85724 1.44824e-17)
(-0.406165 -0.63571 1.62566e-17)
(4.65879 0.294782 8.65131e-18)
(-0.100648 -0.330455 6.29579e-18)
(-0.388094 -0.478853 9.15044e-18)
(0.445616 -0.0644714 5.76163e-18)
(-0.423373 -0.603469 1.55845e-17)
(0.0960072 0.0083317 -1.39905e-17)
(-0.51042 -0.353354 2.11332e-17)
(0.940387 -3.84261 1.97402e-17)
(0.384172 2.5837 2.95956e-17)
(0.807166 3.71635 2.45327e-17)
(-0.559999 -0.853087 3.69692e-18)
(-0.5631 -0.685009 1.3767e-17)
(0.315753 -0.802695 1.91273e-17)
(-1.08494 0.98639 3.12854e-17)
(-0.839613 -1.05082 1.5174e-17)
(-2.3701 1.18745 2.44446e-17)
(-0.361951 0.0593688 2.58382e-17)
(-1.08133 0.019808 6.1002e-18)
(-0.0149442 -0.571074 8.23338e-18)
(0.808213 4.00313 2.44262e-17)
(0.722315 0.39069 1.87827e-17)
(0.751788 3.37157 1.91772e-17)
(-0.955736 0.335359 9.68604e-19)
(0.738971 4.29181 2.29123e-17)
(0.13873 -0.544574 6.63745e-18)
(2.39415 -4.76946 9.02683e-18)
(-0.663033 -0.797021 1.93553e-17)
(-0.220307 0.0679748 4.49188e-18)
(0.163295 0.427282 7.34068e-18)
(-1.12795 0.604065 3.4086e-18)
(1.46703 -4.28533 1.51158e-17)
(1.14864 -4.82317 1.57467e-17)
(0.650805 4.5194 2.18362e-17)
(1.29216 -1.70804 -6.19386e-18)
(-0.838627 -1.02187 2.7811e-17)
(-0.997614 4.86974 1.61835e-17)
(-0.248935 -0.546039 1.00833e-17)
(-0.419767 -0.715547 4.02297e-18)
(-0.667257 -1.1333 9.62563e-18)
(2.08045 -5.2977 1.00554e-17)
(-0.86937 0.348372 4.27247e-18)
(4.84686 2.11005 1.65962e-17)
(-1.43546 1.30394 3.12084e-17)
(1.27159 -5.09932 1.4188e-17)
(3.23156 6.1796 2.23599e-19)
(-1.24867 3.7324 2.1543e-17)
(-0.427067 0.24762 2.11777e-18)
(-0.681122 0.0957045 2.66886e-18)
(-0.734703 -2.46859 2.80699e-17)
(-1.02259 -1.99059 2.89899e-17)
(-0.13102 5.73486 1.44697e-17)
(0.450816 5.92141 1.57978e-17)
(-0.863234 -1.14631 2.79248e-17)
(2.52235 5.7386 1.26445e-17)
(0.789203 5.15415 1.98221e-17)
(0.103037 -0.0282578 -2.85377e-18)
(-0.261529 -3.64059 2.32569e-17)
(-1.22107 0.440639 4.70711e-18)
(3.4588 1.46461 2.26824e-18)
(1.85567 5.6371 1.67828e-17)
(4.90491 3.64432 -1.40623e-18)
(-0.348588 -0.679905 1.3746e-17)
(0.0880741 -0.592449 7.75022e-18)
(-1.46463 -0.85876 3.04159e-17)
(-0.702469 0.0405535 2.35192e-18)
(2.0418 -5.15391 1.28053e-17)
(-0.5498 -1.05728 5.71408e-18)
(-0.755075 -1.35757 2.28183e-17)
(1.45206 -5.78546 1.15013e-17)
(-0.168905 -0.274067 6.42386e-18)
(-0.354772 -0.737399 1.43553e-17)
(-0.0814286 0.289514 9.20727e-18)
(0.269054 0.120528 3.86113e-18)
(-0.353525 -0.789626 1.77906e-17)
(0.566625 2.20967 2.65295e-17)
(-0.380926 -0.748288 1.74836e-17)
(0.038933 -4.11821 2.14373e-17)
(-0.269814 -0.603886 8.86654e-18)
(-0.208147 -0.617521 1.01713e-17)
(-0.953874 0.43063 2.60762e-18)
(0.751468 2.78825 2.5293e-17)
(0.0250223 -0.066591 -3.66662e-18)
(-0.581937 -1.07561 3.17285e-17)
(0.120604 3.15904 1.47894e-17)
(0.924008 3.68495 2.54113e-17)
(0.233672 -0.463461 6.91257e-18)
(-1.72324 -0.42149 2.96776e-17)
(-0.113647 0.0763275 2.00236e-17)
(1.82488 -5.22204 1.25234e-17)
(-0.955505 4.84545 2.57143e-17)
(2.0704 -5.41987 9.84375e-18)
(-0.984558 0.177999 1.28355e-18)
(-1.54558 3.8966 1.87296e-17)
(0.128209 -0.218105 5.83499e-18)
(0.0343927 -0.482765 -5.71865e-19)
(0.398951 0.0064768 5.26645e-18)
(-0.0838128 0.744384 9.06271e-18)
(0.446468 -5.13767 1.73833e-17)
(0.836927 3.84824 2.47455e-17)
(-0.34906 -0.120002 3.56549e-18)
(2.32481 0.659213 -1.10223e-18)
(-0.644774 -1.34664 1.61155e-17)
(0.0170838 5.70653 1.51255e-17)
(-0.635035 -1.23976 3.55884e-17)
(0.6584 5.28378 1.89385e-17)
(-0.280739 -0.290763 3.18648e-17)
(-0.555289 5.32705 1.54567e-17)
(0.0486843 -0.359651 7.13682e-18)
(0.00685182 0.165386 1.93651e-18)
(0.824107 4.16892 2.2742e-17)
(1.53402 -5.97703 1.08159e-17)
(0.0802884 -0.0420134 7.13928e-18)
(4.91813 3.99361 -2.25146e-18)
(-0.174225 -0.274285 -2.57135e-17)
(-0.232659 -0.838535 5.08939e-18)
(-0.836732 0.0439835 3.14895e-18)
(-0.297948 -0.617567 1.04904e-17)
(0.609622 -5.46915 1.60618e-17)
(-0.703658 -1.5544 3.79567e-17)
(0.762362 -0.875915 2.20576e-17)
(3.14208 6.19576 1.49086e-18)
(2.50122 0.578591 -9.56177e-18)
(2.91468 0.876034 -9.88894e-18)
(0.710728 3.39926 1.85907e-17)
(0.768162 -3.25907 -7.60552e-18)
(0.339753 0.0627937 4.42541e-18)
(-0.0114962 -0.101854 -1.08362e-18)
(-1.08499 4.76828 2.33701e-17)
(0.880134 -3.8831 6.07476e-18)
(0.853909 4.48467 2.15784e-17)
(-2.86386 0.552423 2.26181e-17)
(0.808164 -6.12958 1.252e-17)
(-0.699116 -1.59321 3.2594e-17)
(-0.649432 -0.196194 5.57785e-19)
(-0.385385 -1.0597 3.0736e-17)
(-0.356629 -1.23055 7.98751e-18)
(-1.19584 0.310809 3.00432e-18)
(-0.221437 -0.755905 1.41244e-17)
(-1.68355 4.30203 1.6521e-17)
(-0.241412 -0.746562 1.68069e-17)
(0.881276 -0.0466274 3.8794e-18)
(1.00287 2.34696 2.64544e-17)
(0.0999074 0.366785 1.08316e-17)
(-1.18723 -3.77429 2.26815e-17)
(-0.150357 -0.681579 5.09762e-18)
(-0.426034 -1.24733 3.67999e-17)
(-1.10329 0.210842 1.87711e-18)
(0.601634 1.07719 2.30165e-17)
(-0.501822 -0.0975525 6.72887e-18)
(1.82822 -5.78765 1.02053e-17)
(2.55624 6.37605 5.9513e-18)
(-0.580178 0.418074 1.55587e-17)
(4.04987 4.93139 1.4205e-17)
(1.02374 -4.37364 1.27559e-17)
(-2.04125 2.65843 2.10535e-17)
(-0.207427 -0.92056 1.86228e-17)
(-1.8522 -2.12713 2.63876e-17)
(2.89078 1.19628 3.00167e-18)
(-0.703203 -0.289956 2.48342e-18)
(0.299253 -0.52391 7.24637e-18)
(-1.61408 -2.65572 2.61857e-17)
(1.05836 2.7223 2.68824e-17)
(-0.480717 -1.5882 1.8975e-17)
(0.912818 -6.37839 1.15453e-17)
(-0.918957 -4.25934 2.1384e-17)
(0.517812 -0.412635 -1.34776e-18)
(-0.130467 -0.924417 2.20885e-17)
(0.0555922 -0.61252 8.71046e-18)
(-0.814623 0.109737 5.31936e-18)
(-0.0179078 0.643666 8.92802e-18)
(-0.52705 -1.62105 4.29736e-17)
(0.788014 -2.94409 -9.71649e-18)
(1.51939 -6.40921 6.81569e-18)
(-2.13778 0.678344 2.84167e-17)
(2.84711 0.313148 -3.72702e-18)
(-1.83524 4.27691 1.97565e-17)
(1.01925 3.39738 2.58711e-17)
(-0.196345 -1.01721 5.1504e-18)
(0.709006 -4.62907 1.23919e-17)
(-0.431591 -5.33169 1.76851e-17)
(1.77558 0.596607 1.68625e-17)
(0.331325 -0.142639 5.84252e-18)
(-0.261855 -0.687505 1.00431e-17)
(-0.800942 -0.0496452 3.33347e-18)
(-1.20747 4.93529 1.47573e-17)
(-0.603905 0.29879 3.61654e-18)
(-0.564622 -1.74595 4.16852e-17)
(0.254879 0.223162 6.88421e-18)
(0.0748792 -0.459799 7.37369e-18)
(1.08937 3.93032 2.02744e-17)
(-2.28163 -1.05139 2.72479e-17)
(-1.02685 0.328837 8.99991e-18)
(0.7528 4.85541 2.07606e-17)
(-0.172499 -5.71074 1.6814e-17)
(-0.320434 -1.42255 1.2484e-17)
(-0.0402306 5.20573 1.56711e-17)
(0.972686 3.59558 2.50547e-17)
(-0.651421 -0.17298 3.43443e-18)
(-2.21093 3.26234 1.76726e-17)
(1.02998 -6.87971 7.92378e-18)
(-0.245466 -0.655098 9.3623e-18)
(-0.225931 -0.96481 3.0165e-17)
(-0.529631 -1.90293 3.31179e-17)
(-0.325767 -1.15904 3.56231e-17)
(1.78235 -5.86346 1.15987e-17)
(-1.17639 4.58655 1.43527e-17)
(0.183846 -6.35272 1.43587e-17)
(0.0190728 0.173966 -7.33642e-19)
(4.90094 3.76565 4.43879e-18)
(0.338586 0.0240605 6.21765e-18)
(-0.0408829 -0.809695 1.93534e-17)
(-0.410872 -1.56441 4.36708e-17)
(0.108172 0.0681865 -2.02478e-19)
(0.313556 -0.478503 8.26038e-18)
(-0.0173848 -0.923969 1.68243e-17)
(-0.425039 -1.77324 2.64146e-17)
(-1.7325 4.27617 2.37178e-17)
(0.163381 -0.572982 8.67575e-18)
(2.81805 6.51276 4.38859e-19)
(1.04868 4.10675 2.23938e-17)
(-0.998308 0.166412 3.91163e-18)
(1.45323 -6.44902 1.13214e-17)
(-2.32897 3.41784 1.73658e-17)
(0.977587 0.620472 2.47028e-17)
(0.135168 -0.527908 7.75998e-18)
(0.0375115 -0.613788 5.25403e-18)
(0.181678 0.2511 2.51573e-18)
(1.42537 -6.01388 9.85549e-18)
(-0.513763 4.83562 1.4957e-17)
(-2.49473 -0.467102 2.57322e-17)
(1.18977 1.22815 2.73764e-17)
(0.576249 -3.62507 4.57792e-18)
(-0.389917 -0.0943853 7.04168e-18)
(1.29851 2.23275 2.73374e-17)
(-0.0247863 0.294705 1.92658e-18)
(-0.44816 -1.74711 4.35471e-17)
(-0.893658 0.0403727 2.45483e-18)
(-0.666369 -0.292553 1.63809e-18)
(0.324796 -6.61287 1.16977e-17)
(-0.168144 -0.659612 1.02117e-17)
(-0.565831 -0.0801642 2.28424e-18)
(2.31776 6.46252 7.75869e-18)
(0.0475733 -0.961092 4.4027e-18)
(0.612342 -3.25626 -2.77764e-18)
(1.05169 -6.99557 6.15509e-18)
(-0.673525 -0.0498321 1.75295e-18)
(0.0189082 -0.00305426 2.54593e-18)
(0.125769 -1.03859 1.9411e-17)
(0.528942 -2.3555 -1.05702e-17)
(-0.322965 -0.675864 9.05818e-18)
(-1.85066 4.29965 2.00937e-17)
(0.825756 -4.36007 9.71524e-18)
(0.768796 -1.2551 2.08666e-17)
(-0.504512 -2.03137 3.74574e-17)
(1.2834 2.49429 2.77894e-17)
(4.74223 4.05905 8.12556e-18)
(0.969529 4.22772 2.20554e-17)
(0.456442 4.72828 1.86155e-17)
(-0.122453 -1.40621 1.04188e-17)
(0.512116 -7.10876 9.8889e-18)
(-0.0736452 0.00714914 1.89915e-17)
(-3.0451 -0.413874 2.02575e-17)
(-1.88823 -3.80692 2.00649e-17)
(-1.69878 -4.32716 1.92324e-17)
(-1.21967 -5.36001 1.68108e-17)
(-2.3799 3.6881 1.84719e-17)
(-0.0471846 -0.411545 7.55568e-18)
(-2.66515 2.01719 1.80214e-17)
(-0.587416 -0.214997 3.96354e-18)
(0.889289 -4.5396 1.06861e-17)
(-0.0829138 -0.59797 8.0189e-18)
(0.286817 0.134112 4.49958e-18)
(-0.358632 -1.42597 4.1056e-17)
(-0.464492 -2.02773 3.47438e-17)
(-2.28381 -2.67531 2.22566e-17)
(-0.548355 0.319569 7.26643e-18)
(0.0924957 -0.846063 3.09486e-17)
(-2.45077 -2.11929 2.22243e-17)
(-0.0665983 -0.980654 3.54316e-17)
(0.649002 -3.00311 -8.93781e-18)
(-1.0148 -5.79195 1.62091e-17)
(0.246032 -0.336233 3.65466e-18)
(0.279779 0.234609 3.82975e-18)
(1.24759 3.17401 2.56365e-17)
(-0.824303 0.239594 6.29444e-18)
(-0.404591 -1.64802 4.16115e-17)
(0.190816 -0.703322 4.78773e-18)
(1.18948 -6.60939 1.32906e-17)
(0.654216 -5.29653 9.59992e-18)
(-2.77984 2.30415 2.04154e-17)
(-0.256098 -1.7565 1.86828e-17)
(-0.0314785 -0.0816174 -1.97968e-18)
(-0.484451 -6.52693 1.49278e-17)
(-0.517937 -0.262223 2.77311e-18)
(0.558715 -7.29583 9.96786e-18)
(1.06185 3.96298 2.0253e-17)
(2.664 6.32071 4.42412e-18)
(0.250693 -0.9738 1.90496e-17)
(0.0550707 -1.11238 6.71342e-18)
(-2.3325 3.68594 1.8089e-17)
(-0.512089 -2.03428 3.60261e-17)
(0.376763 -0.367481 9.15087e-18)
(1.43339 0.696557 2.84108e-17)
(-0.162827 0.40797 1.20831e-17)
(-1.77209 4.16502 1.47196e-17)
(0.12165 -0.524599 9.82624e-18)
(0.250843 -1.18244 1.84623e-17)
(1.26679 3.42828 2.45332e-17)
(0.972706 -7.20853 1.51909e-17)
(0.540872 -0.389761 -1.18491e-18)
(-0.33359 -6.79128 1.42578e-17)
(0.539824 -0.375392 -6.99488e-19)
(0.343055 0.0062605 5.99973e-18)
(1.03387 -0.37246 2.38428e-17)
(-0.101311 -1.49155 1.26032e-17)
(1.47215 1.22016 2.91676e-17)
(-0.746089 0.00891709 2.93981e-18)
(-2.80017 2.81027 1.87461e-17)
(0.0470362 -0.530965 8.1003e-18)
(-0.471277 -2.11419 3.34899e-17)
(0.237025 0.172152 -1.5253e-17)
(-0.227624 -0.484008 9.86698e-18)
(-0.634309 4.19779 1.62224e-17)
(-0.0785618 -0.100682 1.50407e-17)
(-0.98056 0.0622266 4.62756e-18)
(0.030961 -0.182726 9.66722e-19)
(-0.613563 -0.126532 2.34939e-18)
(-2.34263 3.86944 2.10999e-17)
(0.261607 -0.196146 -5.07897e-18)
(0.15468 -7.30002 1.33341e-17)
(-0.283708 -0.538055 6.87431e-18)
(3.46661 5.30998 1.32371e-17)
(0.0977235 0.351851 3.1852e-18)
(1.48094 1.9952 2.75686e-17)
(-2.78804 -1.00623 2.10182e-17)
(-0.39144 -2.05743 2.52978e-17)
(-0.105428 -1.23089 4.14806e-17)
(0.0115676 0.351325 3.65457e-18)
(0.738561 -7.64178 1.43492e-17)
(-0.00839525 -0.525512 7.45918e-18)
(1.14579 -6.36254 8.46564e-18)
(-0.310867 -1.5102 3.97616e-17)
(-3.03177 1.00834 1.98589e-17)
(0.367026 -2.69023 -8.84046e-18)
(1.14588 -1.28107 1.97845e-17)
(0.332577 -0.866074 3.43622e-17)
(0.390519 4.12347 2.05432e-17)
(-0.803675 0.290337 1.28321e-17)
(-2.86394 2.92986 1.89106e-17)
(0.480546 -0.865202 2.76845e-17)
(-0.00156334 -0.498183 7.81086e-18)
(0.376345 -0.455275 5.82553e-18)
(-0.54101 -1.95936 3.22662e-17)
(1.02472 3.79523 2.27424e-17)
(-0.252957 -1.80682 1.87336e-17)
(1.414 0.580867 -1.16642e-17)
(1.78686 -0.375485 -7.12575e-18)
(0.293657 -0.376899 9.69671e-18)
(-1.06013 -0.257213 4.53028e-18)
(1.47868 2.32716 2.79481e-17)
(0.146479 -7.49194 1.06962e-17)
(0.28992 -0.71317 4.85857e-18)
(-0.196191 -0.408427 9.90267e-18)
(0.818433 -7.05454 1.20038e-17)
(0.276257 -0.35601 8.68347e-18)
(-1.06403 3.9154 1.60039e-17)
(-1.66308 3.82495 1.52759e-17)
(-0.496545 -0.174199 1.97142e-18)
(-0.5468 -2.11223 2.92474e-17)
(-0.54311 0.227722 3.34122e-18)
(0.0109606 -0.39043 7.82849e-18)
(-2.36919 3.78548 1.84402e-17)
(-0.253411 -0.273696 7.76798e-18)
(-0.131649 0.762337 9.51002e-18)
(-3.12055 1.71073 1.94665e-17)
(4.72783 3.87046 1.64809e-17)
(-1.80661 -5.25616 1.43239e-17)
(0.456891 0.0307452 -9.13228e-18)
(0.0796319 -1.08905 5.56056e-18)
(-0.656481 0.130703 3.30777e-18)
(-2.70657 3.195 1.60778e-17)
(1.23166 -0.751005 2.40501e-17)
(-1.63434 -5.73791 1.4133e-17)
(-1.13642 -6.49128 1.39994e-17)
(1.37057 -0.203258 2.57826e-17)
(0.631777 -1.19019 1.99341e-17)
(-0.136819 -0.409674 7.47152e-18)
(-0.480792 -2.20639 2.54335e-17)
(-2.3829 -3.69348 1.61617e-17)
(-3.25129 -0.758587 1.93094e-17)
(-2.22158 -4.25709 1.54939e-17)
(0.178383 0.22274 8.20197e-20)
(0.658298 -7.65246 1.35303e-17)
(0.419289 -7.8541 1.50711e-17)
(1.58804 0.681968 2.65814e-17)
(0.270804 -0.420697 6.6286e-18)
(1.40879 2.96588 2.45224e-17)
(3.94984 2.82552 6.02308e-18)
(3.31692 1.24991 4.29903e-18)
(0.131027 -0.136573 -1.80703e-17)
(0.0707719 -0.432095 8.13274e-18)
(-0.957031 -6.81126 1.60308e-17)
(-0.200131 3.73861 1.93589e-17)
(0.0958418 0.345511 3.29734e-18)
(0.199428 0.369947 2.9388e-18)
(0.405209 -0.463023 6.60897e-18)
(4.55258 4.17525 1.87012e-17)
(1.68521 0.251527 1.03351e-17)
(-0.383418 -2.04901 2.145e-17)
(-0.671022 -0.172315 3.42883e-18)
(-3.22743 2.00238 1.702e-17)
(2.84191 5.32438 1.6558e-17)
(0.745788 3.70685 2.27898e-17)
(-2.77566 3.30555 1.94588e-17)
(-0.329389 -1.77998 3.21142e-17)
(-0.54411 -7.29025 1.23897e-17)
(0.407909 -1.01817 4.12329e-17)
(0.140088 -1.23733 4.1501e-17)
(1.56486 1.12165 2.55698e-17)
(0.263046 -0.737235 3.80218e-18)
(-2.65125 -2.59421 1.71054e-17)
(-0.513551 -0.0720489 1.20521e-18)
(-0.11455 -1.39632 7.41993e-18)
(4.33204 -0.174349 1.48655e-17)
(4.06059 5.09845 5.92834e-18)
(-0.498896 -1.99939 2.69766e-17)
(-2.90914 -2.01098 1.72758e-17)
(1.28104 3.10793 2.39495e-17)
(0.206713 -0.13809 8.90012e-18)
(0.844889 -0.849277 2.92947e-17)
(-0.376579 -0.375063 4.69081e-18)
(-0.364602 0.28582 7.43299e-18)
(0.827329 -1.55649 -5.92699e-18)
(-0.455287 -0.140546 2.27208e-18)
(0.41625 -7.94754 1.1844e-17)
(-3.23021 0.541241 1.78661e-17)
(-0.577228 -2.25678 2.12329e-17)
(-0.29743 -7.50424 1.47946e-17)
(0.0393465 0.192665 1.95197e-18)
(-3.07603 2.43997 1.976e-17)
(-0.10025 0.185053 1.74064e-18)
(0.0237936 -1.03595 4.62643e-18)
(-0.26781 0.26696 3.07167e-18)
(0.958092 -0.991822 2.34655e-17)
(1.5936 1.85684 2.71092e-17)
(0.203908 0.15302 5.4894e-18)
(-2.78382 3.44741 1.84235e-17)
(0.113821 0.0144552 9.62684e-18)
(-0.507138 -2.18316 1.92967e-17)
(0.370126 -3.46441 1.46503e-18)
(1.44782 -0.474322 2.12254e-17)
(0.312928 -0.318085 6.96197e-18)
(-0.0699129 0.0379551 1.99473e-17)
(-0.401614 -0.135795 1.65246e-18)
(0.314267 -0.00411519 8.20578e-18)
(0.356324 -8.10142 1.33241e-17)
(1.19562 -1.23071 1.88109e-17)
(-3.04288 2.56099 1.78436e-17)
(1.30123 -1.34309 1.15659e-17)
(0.453194 -0.235412 6.25719e-18)
(-2.14139 3.43763 1.55847e-17)
(0.403006 -4.26586 9.26321e-18)
(0.383972 -2.84942 -5.86642e-18)
(-0.279429 -1.66682 9.96246e-18)
(1.48904 -0.0192456 2.07499e-17)
(-3.38625 0.852 1.88583e-17)
(4.74895 0.697299 1.1618e-17)
(1.56723 2.21787 2.47932e-17)
(-0.423878 0.0883373 1.4724e-18)
(-0.541937 0.137013 6.64253e-18)
(0.33609 -0.336018 4.25294e-18)
(0.0871193 0.0752547 6.12896e-18)
(0.218057 -4.27816 9.90741e-18)
(0.182192 -1.50258 3.73772e-17)
(0.265031 -0.124221 7.8739e-18)
(-0.0340038 0.164281 5.59604e-18)
(0.804054 -0.996368 4.12076e-17)
(-1.18473 3.32718 1.76255e-17)
(-0.113892 -1.75694 3.06626e-17)
(-0.480618 0.00821206 8.03704e-20)
(-0.405529 3.1105 2.0382e-17)
(-0.0230297 -0.0225859 8.24902e-19)
(0.1153 -0.137219 2.9356e-18)
(3.84657 5.33084 4.26646e-18)
(-0.431761 -0.137533 2.25687e-18)
(-0.146409 -1.24414 6.22749e-18)
(-2.21884 -5.06292 1.10745e-17)
(-0.228138 0.473333 3.61372e-18)
(-0.531543 -2.21791 1.99121e-17)
(1.04842 -0.861032 3.70116e-17)
(-0.468407 -0.0984961 1.14439e-18)
(-3.20176 2.90921 1.90589e-17)
(-2.05659 -5.55027 1.06225e-17)
(-1.5946 -6.31076 1.18145e-17)
(-0.958124 0.455499 1.34524e-17)
(1.47418 0.741529 2.10091e-17)
(0.254854 0.389655 -1.68113e-18)
(0.291615 -4.67943 8.70826e-18)
(0.251836 -8.27957 1.20811e-17)
(-2.82845 3.20647 1.67282e-17)
(0.548659 3.19787 2.42296e-17)
(-3.31353 1.52238 1.8524e-17)
(0.381577 -0.0799967 7.11692e-18)
(0.36068 0.100738 8.50959e-18)
(-0.597482 -2.23312 1.55569e-17)
(-1.44937 -6.64625 1.27102e-17)
(-0.982253 -7.12636 1.46562e-17)
(0.147392 0.0824323 1.95209e-18)
(0.382211 -0.131981 6.61919e-18)
(-3.3361 2.9786 1.88117e-17)
(0.186357 -0.062035 4.45184e-18)
(0.103797 0.144507 1.94775e-18)
(-0.601218 0.0740812 1.3236e-19)
(0.0741417 -0.40188 4.48671e-18)
(0.586459 -6.22636 -2.54091e-18)
(-0.508721 -1.99916 1.07372e-17)
(0.408281 -0.0480956 4.92871e-18)
(0.391951 -2.23081 -8.88729e-18)
(-0.0145381 -0.0424041 1.9111e-17)
(1.53543 1.2571 2.22712e-17)
(-0.846704 -7.40792 1.23922e-17)
(-3.3794 1.71299 2.03977e-17)
(-2.05059 3.10589 1.64866e-17)
(-3.4798 -0.325937 1.81937e-17)
(-2.57334 -4.13388 1.13295e-17)
(-0.412338 -0.114758 2.04206e-18)
(1.14613 2.63528 2.23902e-17)
(0.297273 -0.0654652 -4.25676e-19)
(1.37993 -1.34972 1.01176e-17)
(1.31762 -1.15648 2.16448e-17)
(0.225236 -0.00457001 4.5587e-18)
(0.441405 -7.07663 1.53329e-18)
(-0.297343 -1.54199 7.85467e-18)
(0.032642 -0.0578402 1.9566e-17)
(-0.0489848 0.0685346 1.90356e-18)
(1.37973 -1.14726 8.00703e-18)
(-0.72241 -7.45587 1.81992e-17)
(0.0958779 -0.0186333 4.61809e-18)
(-2.78348 -3.59059 1.23365e-17)
(0.207147 0.0469666 7.27958e-18)
(0.423331 0.280398 4.95781e-18)
(-0.175685 0.0877133 3.019e-18)
(3.27135 5.46233 1.27427e-17)
(-1.53781 3.17463 1.78278e-17)
(1.36354 -0.325349 1.45858e-17)
(0.749825 0.083088 -3.64025e-18)
(3.57384 2.31243 5.19658e-18)
(-0.91478 2.84102 1.99459e-17)
(-0.0128546 2.88338 2.26993e-17)
(-0.910843 0.529104 1.05836e-18)
(-3.48918 2.14056 1.92739e-17)
(0.0708505 0.106616 6.16242e-18)
(1.41535 -1.3963 -3.31015e-18)
(-0.73509 -0.0341124 2.80874e-18)
(-0.170965 0.280509 2.58362e-18)
(0.0118067 -0.371262 4.54548e-18)
(0.911373 -1.15868 4.1284e-17)
(-0.136296 -1.93209 2.34876e-17)
(0.358755 -7.74474 1.48859e-18)
(-0.213433 -0.168007 1.48665e-18)
(0.533348 -1.42702 3.72968e-17)
(1.3965 -0.0825925 -9.58308e-18)
(-0.0332559 -1.59223 1.87638e-18)
(-3.32021 2.79288 1.63298e-17)
(-0.0328384 -0.0752527 -1.89583e-19)
(-0.396675 -2.08252 1.77136e-17)
(0.386456 0.0862382 -2.50558e-20)
(-0.434548 -0.0312394 -1.54417e-19)
(0.757783 2.59092 2.21971e-17)
(-3.50096 0.438687 1.8183e-17)
(1.34239 0.130416 1.22996e-17)
(0.266761 0.616213 5.7131e-18)
(1.39497 1.80779 2.0779e-17)
(0.574436 0.63278 4.14166e-18)
(-0.600057 -2.07224 9.54835e-18)
(-0.0598762 -0.0665848 -7.14966e-19)
(0.0705081 -7.84918 1.81283e-17)
(-2.53559 2.73525 1.61509e-17)
(0.301278 0.753133 4.78127e-18)
(-3.51469 -1.8189 1.38796e-17)
(-0.339571 -0.0295916 5.47285e-19)
(-3.7259 2.279 1.91151e-17)
(-0.97359 0.348319 1.24955e-17)
(0.138485 -0.205298 -1.34828e-17)
(-3.9209 2.5005 1.75902e-17)
(0.0230542 0.0871125 3.78445e-18)
(-1.93695 -6.01278 7.24324e-18)
(0.0137291 0.0127398 2.76984e-18)
(0.095685 -0.026087 5.09257e-18)
(1.5044 -0.967935 3.52222e-17)
(-0.53151 -1.7793 6.50942e-18)
(0.399141 1.28704 3.94586e-18)
(0.137327 -0.150493 -3.90269e-18)
(-3.68868 0.675382 1.79216e-17)
(-0.358095 -0.0912214 1.10846e-18)
(-0.506886 -0.0451728 -1.10417e-18)
(0.260798 -0.107286 7.17594e-18)
(0.194571 -8.18007 1.05857e-18)
(-1.75008 -6.36932 1.04723e-17)
(-0.186415 -0.711145 3.46332e-18)
(1.62483 -0.974748 2.61285e-17)
(-2.40537 -5.30066 7.63138e-18)
(-3.2797 2.50722 1.57816e-17)
(-2.53958 2.40432 2.03883e-17)
(-4.04806 2.36152 1.57414e-17)
(0.486738 0.27928 5.89458e-18)
(1.12111 2.01613 1.88829e-17)
(0.0495646 -0.0294976 3.11417e-18)
(-3.24224 -2.37777 1.36052e-17)
(-1.65107 2.63996 1.78815e-17)
(1.33076 0.904702 1.7284e-17)
(0.0748058 -0.00177627 1.25236e-18)
(0.0672452 0.0125016 1.51733e-18)
(-3.85669 1.27113 1.99574e-17)
(-0.0211187 1.34151 2.1233e-18)
(1.35995 -1.43991 -7.09934e-18)
(-0.440929 -0.843847 1.5143e-18)
(-0.0136085 0.124951 -1.91689e-17)
(1.42419 -1.43229 -1.06463e-17)
(0.0349499 -0.340405 8.23999e-19)
(-1.97758 2.50764 1.80421e-17)
(0.131694 -0.30254 4.97551e-19)
(-0.287906 2.34947 2.05573e-17)
(0.0900062 -1.23295 2.66199e-18)
(-1.31773 -6.83668 1.28702e-17)
(0.113487 0.0805284 -1.97511e-18)
(-0.00242952 -0.0559902 -2.12666e-19)
(1.19977 -1.24562 -8.31734e-18)
(-1.02093 2.36906 1.91087e-17)
(0.13453 0.052098 6.2504e-19)
(0.227077 -0.00886731 5.01166e-18)
(0.0243337 0.0286191 -2.06748e-18)
(0.00964467 -0.0991301 3.63956e-18)
(-0.280035 -0.0798046 1.76044e-18)
(0.0690094 0.0778447 1.91195e-18)
(0.160832 0.339894 1.56414e-18)
(0.0111075 -0.372314 1.0706e-18)
(-2.62865 -4.84999 7.82218e-18)
(0.491002 -1.48917 3.01619e-17)
(-1.19775 -7.09384 1.52264e-17)
(-0.110655 0.00762639 1.45651e-18)
(-0.695988 0.175803 1.03999e-18)
(-0.571483 -7.76679 1.8212e-17)
(-0.461623 -1.95803 1.08946e-17)
(-4.08118 1.41907 1.87887e-17)
(0.124725 -1.72915 2.3211e-17)
(0.156605 0.0246982 2.96794e-18)
(-0.193657 -0.0175601 4.22644e-19)
(0.346571 -0.251522 6.93667e-18)
(0.392094 2.12722 1.76346e-17)
(-2.91203 2.04099 1.69188e-17)
(-0.237819 0.0253271 1.77374e-19)
(-1.42045 2.1572 1.79557e-17)
(0.124668 -8.5248 1.28955e-18)
(1.34528 -1.06522 3.77943e-17)
(-4.46175 1.78663 1.74879e-17)
(1.18735 -0.278303 7.60939e-18)
(-0.577537 -1.81825 5.3015e-18)
(-2.00166 1.94619 1.50099e-17)
(0.100901 0.342875 -1.96993e-19)
(-0.739308 2.13446 1.86379e-17)
(-0.0686104 -0.0502542 9.11048e-20)
(1.20214 1.36026 1.65144e-17)
(-0.368884 -0.0519653 1.14919e-18)
(-3.66313 2.04894 1.48173e-17)
(-4.65376 1.88026 1.61336e-17)
(1.5932 -1.30384 -1.10047e-17)
(-0.150413 1.086 2.89388e-20)
(0.192889 -2.18053 -1.50372e-18)
(1.67478 -0.923253 3.19251e-17)
(-0.483828 -1.05043 -1.04709e-18)
(-0.0619373 -0.0471635 1.16142e-19)
(-3.77749 -0.829587 1.75487e-17)
(-1.37731 1.74962 1.47945e-17)
(-0.902571 -7.63573 1.66613e-17)
(-0.114033 1.98659 1.51126e-17)
(0.2272 -2.34031 5.64454e-18)
(0.0649148 -0.176908 3.5233e-18)
(-4.399 1.83131 1.37627e-17)
(4.29372 0.824976 -9.99802e-19)
(0.0302601 -2.70175 7.13358e-18)
(0.467685 -0.499038 -1.48017e-18)
(-0.313985 -0.310481 1.11283e-18)
(-2.04019 -5.96762 4.05302e-18)
(3.58448 2.10807 6.39496e-18)
(-0.45856 -0.128929 -9.36872e-19)
(-2.28001 1.7782 1.41888e-17)
(1.14646 0.277924 1.2717e-17)
(0.101425 -0.0620719 9.36197e-18)
(-3.49194 1.79944 1.47234e-17)
(-0.755753 1.71805 1.46255e-17)
(-1.66308 1.5032 1.30945e-17)
(-0.0885375 0.324631 -1.62677e-18)
(1.4366 -1.45505 -2.12128e-17)
(0.234698 -1.75119 -4.72356e-18)
(-2.75667 1.74374 1.33152e-17)
(-2.29145 -5.61537 6.26675e-18)
(-0.599164 -0.861128 1.64319e-18)
(0.695057 1.67958 1.49771e-17)
(-3.96211 -0.497943 1.64416e-17)
(0.0532304 -0.513028 6.50295e-19)
(1.43719 -1.43039 -1.87082e-17)
(1.73414 -1.06843 8.53911e-18)
(-0.327423 -0.116138 1.74915e-18)
(-1.56344 -6.47593 1.25151e-17)
(-0.282226 -0.120941 9.25618e-19)
(-4.25912 0.168572 1.84427e-17)
(0.406781 -4.15289 6.11336e-18)
(0.739645 -4.62198 5.86102e-18)
(-0.0373388 -0.106818 -2.27948e-18)
(0.206341 -0.580662 -4.20972e-18)
(-1.97331 1.2942 1.13649e-17)
(0.0435506 0.116222 3.13073e-18)
(1.08553 -1.56567 -1.74986e-17)
(-1.01547 1.53007 1.28037e-17)
(0.0666686 -0.074561 -2.13872e-17)
(0.392675 1.74699 1.36308e-17)
(0.2027 1.24006 1.15949e-18)
(-4.21001 1.6653 1.29e-17)
(-3.14145 -3.99044 9.1471e-18)
(0.0924092 -0.17111 1.28851e-17)
(0.282533 -4.79117 -9.86161e-20)
(-1.30173 1.15863 1.14776e-17)
(-5.03483 1.25332 1.29886e-17)
(-0.271707 -7.79248 3.18691e-18)
(-0.0371702 -0.0216494 1.57105e-17)
(0.00296835 0.0174654 1.57347e-17)
(0.00556788 -0.0613573 1.61947e-18)
(-0.0736007 -0.0615417 -7.29046e-19)
(-1.4327 0.929197 1.18804e-17)
(0.0392926 -0.0437249 1.53962e-18)
(-0.0212771 -1.67957 1.58456e-17)
(-4.93442 0.85587 1.53092e-17)
(0.882972 -1.21593 2.92957e-17)
(-0.178319 1.5944 1.27473e-17)
(-5.07777 1.07677 1.54176e-17)
(1.002 -1.29822 -1.11469e-17)
(-0.0194118 -0.0224831 1.50269e-17)
(1.5336 -1.4532 -2.96919e-17)
(0.109979 -1.21075 1.86149e-18)
(0.329843 -1.49703 -1.43405e-18)
(-4.4473 0.421575 1.86932e-17)
(-4.91123 1.30182 1.16573e-17)
(-0.0921402 -0.0457002 -2.52039e-19)
(0.18231 -5.11452 -5.09864e-19)
(1.33833 -0.963096 3.33144e-17)
(-0.586917 -0.245741 2.13344e-19)
(-0.286191 -1.61652 8.08677e-18)
(0.0657156 -1.23437 4.07496e-19)
(-0.310719 -0.0908212 2.36602e-18)
(-0.0628097 -1.18129 1.50221e-18)
(0.8248 0.996872 1.41437e-17)
(-0.238599 -0.0440149 2.6717e-18)
(-0.0615689 -0.0622393 -1.71843e-18)
(0.0207061 0.178258 1.48746e-18)
(-0.0794876 -1.48396 4.90205e-19)
(-3.98385 -2.39234 1.15582e-17)
(-0.0609649 -0.0228975 1.28957e-19)
(-0.466697 1.43231 1.21283e-17)
(-0.616887 -1.21137 -4.89229e-18)
(0.606052 -0.897662 -5.62723e-18)
(0.114354 -1.39918 -7.10872e-19)
(-0.758735 1.13171 1.20351e-17)
(0.0620639 -1.32364 -1.49387e-18)
(-1.37969 -6.70259 1.27904e-17)
(-0.0191537 0.103903 1.76403e-17)
(0.0619484 -1.2038 -1.94712e-18)
(0.133263 0.694541 -2.45838e-18)
(-0.0536902 0.0155274 2.00527e-17)
(-0.823066 0.987667 1.14746e-17)
(-2.18397 1.08952 9.76168e-18)
(0.0297082 -0.0215383 -1.94047e-19)
(0.108785 -5.42256 -1.06149e-18)
(0.0678888 -1.06143 -2.35528e-18)
(1.94293 -0.916254 3.25748e-18)
(-0.113282 -0.0839412 8.03892e-19)
(0.59196 1.16019 1.42836e-17)
(1.95891 -0.840428 1.52449e-17)
(-3.0086 1.33138 1.07867e-17)
(-0.575508 -0.684844 -4.64827e-18)
(-4.55729 1.12321 9.62917e-18)
(1.00155 -0.200458 1.18255e-17)
(-0.515207 0.0753168 5.52409e-18)
(1.34283 -1.51171 -2.5469e-17)
(0.0375671 -1.29406 -9.89907e-19)
(-3.80329 1.28492 1.03624e-17)
(0.0766614 0.163464 2.32178e-18)
(0.288039 1.40783 1.33224e-17)
(-1.78614 -5.9967 1.09048e-17)
(1.35326 -1.51514 -3.15147e-17)
(-0.164366 -0.0906463 1.55452e-18)
(-0.90347 0.272574 1.24271e-17)
(-0.228613 0.0367683 4.91979e-19)
(-0.0859447 -0.0382427 4.89577e-20)
(0.0431953 -0.975166 -2.98582e-18)
(-3.41816 -3.41345 1.03125e-17)
(-2.90414 -4.99781 5.96695e-18)
(1.11241 -1.61649 -2.26144e-17)
(-0.188938 1.01255 1.02262e-18)
(0.0109251 1.3055 1.36881e-17)
(-0.36822 -0.111948 1.17344e-18)
(-0.19765 1.06939 1.29284e-17)
(0.870443 0.227115 1.5951e-17)
(0.0299437 -5.74382 -1.04085e-18)
(-1.57343 -6.23618 1.40486e-17)
(-5.49052 0.418246 1.13471e-17)
(-0.0540078 -0.088803 4.82468e-18)
(-1.05792 0.320732 1.57233e-17)
(-0.841878 -7.26703 1.84283e-17)
(-0.260311 0.826087 1.25587e-17)
(-5.17105 0.686572 7.99951e-18)
(-5.44084 0.63868 1.03369e-17)
(0.987425 -1.49235 -1.47228e-17)
(0.0761062 -1.35247 -2.17007e-18)
(1.52331 -1.32027 -3.63843e-17)
(0.738124 -1.06486 1.99228e-17)
(0.0249195 -1.5053 -1.61915e-18)
(0.561588 0.787478 1.62049e-17)
(-4.18005 -1.84145 1.34688e-17)
(-0.421422 -7.21622 1.85287e-18)
(-2.79076 0.987263 9.02957e-18)
(-2.41252 -5.44715 7.24792e-18)
(-5.40852 0.106591 1.32245e-17)
(0.00468744 -0.965262 -4.0424e-18)
(-4.38211 0.941101 9.62155e-18)
(1.99891 -0.56827 1.12318e-17)
(0.284926 -1.22473 1.43925e-17)
(-0.189452 -1.47438 4.67632e-19)
(1.22808 -1.47965 -3.37784e-17)
(0.0403791 0.35535 -4.02414e-18)
(-3.58522 1.01471 1.04332e-17)
(0.94633 -1.08878 -3.48178e-18)
(0.287422 -0.741682 -3.67631e-20)
(1.83023 -1.11179 -2.65699e-17)
(-0.691723 -7.46297 1.5993e-17)
(1.73386 -0.636129 2.31349e-17)
(-4.6208 -1.15473 1.56824e-17)
(1.20407 -1.37988 -2.70347e-17)
(-5.0377 0.688962 8.07002e-18)
(-0.081978 0.00349123 -7.31278e-19)
(-5.29697 -0.259095 1.65149e-17)
(-0.0916047 0.0256755 -2.55667e-19)
(-4.751 -0.734319 1.61666e-17)
(-0.124309 -0.0715165 4.41654e-18)
(0.537771 0.839579 1.52147e-17)
(-0.028622 -0.0124836 -4.02943e-20)
(-1.86796 0.575078 1.55323e-17)
(-0.43587 0.60159 7.94477e-18)
(-0.18375 -5.26649 -4.68713e-19)
(-0.287974 -1.00788 -1.56586e-18)
(-0.0925546 -0.0230188 6.93593e-20)
(1.17063 -1.30908 -3.97822e-17)
(0.299029 0.962381 1.51029e-17)
(-0.107803 -0.00351579 -1.69129e-19)
(-0.171782 -0.0993175 1.98078e-18)
(-0.287233 0.00908143 2.56233e-19)
(0.421896 -0.404722 -3.58636e-19)
(0.746989 -1.64037 -2.33538e-17)
(-2.72523 -5.10227 6.02907e-18)
(-3.18418 -4.57739 6.57868e-18)
(-0.0506139 0.0458897 -7.16922e-19)
(-1.79176 -5.62952 1.48812e-17)
(-2.06176 -5.36748 1.00048e-17)
(-0.438397 -0.857059 2.51562e-18)
(0.869379 -0.33146 2.1195e-17)
(-0.000544385 -0.0868646 1.73676e-18)
(0.783007 -1.2383 -2.49058e-17)
(1.85745 -0.751903 -2.66079e-17)
(0.41471 0.769835 1.51993e-17)
(0.937675 -1.47296 -3.28403e-17)
(-0.489159 -0.776552 -6.09809e-18)
(-0.0323688 -0.0838419 9.62904e-19)
(-1.12718 -6.595 1.83253e-17)
(0.0358839 -0.908783 -5.60362e-18)
(0.599295 -1.58859 -2.13437e-17)
(2.00442 -0.48897 -1.64028e-17)
(-1.174 -6.09003 1.72149e-17)
(1.56063 -0.359499 1.90404e-17)
(-0.0452613 0.115361 -4.06106e-19)
(0.0205518 -0.9784 -8.60154e-19)
(-5.58732 0.0806759 6.40939e-18)
(-0.102282 0.239051 -2.45853e-18)
(0.0265325 -0.995363 1.61999e-18)
(0.783895 -1.35898 -9.97602e-18)
(-0.122834 -1.01874 2.71679e-19)
(0.589658 -1.3087 -2.2332e-17)
(-5.76781 -0.466721 9.01801e-18)
(0.140529 -1.16638 -6.56497e-19)
(0.79822 0.0863048 1.77773e-17)
(0.386934 0.498547 9.35976e-18)
(0.0908787 -1.10852 -1.0985e-18)
(0.319162 -1.18589 -2.4336e-17)
(-1.286 -5.3794 1.60005e-17)
(-0.212726 -0.283606 2.41997e-18)
(0.0234242 -1.06181 -1.60179e-18)
(0.0371036 -0.974334 -2.02193e-18)
(1.1036 -0.621417 1.6813e-17)
(-0.46305 0.0369209 5.32622e-18)
(0.27571 -1.12995 -1.79593e-17)
(-5.7406 -0.144665 8.6368e-18)
(-0.352305 0.306098 -4.87019e-18)
(0.97932 -0.80687 -4.12776e-17)
(-5.50373 0.229898 6.57811e-18)
(0.189359 -0.0344079 -4.958e-18)
(-0.00291204 0.0465785 1.43272e-17)
(0.0196028 0.0640269 1.37866e-17)
(0.0251494 -0.916266 -2.58465e-18)
(0.209322 -0.857155 9.11532e-18)
(0.800057 0.449365 1.01777e-17)
(0.251667 -1.46169 -2.08897e-17)
(-4.59405 0.422161 1.21799e-17)
(1.10073 -0.405368 -3.49078e-17)
(-0.134287 0.0120619 -1.78548e-19)
(-2.89305 0.515499 1.40656e-17)
(1.7824 0.098379 -1.11283e-17)
(0.0372209 -0.974308 -1.76081e-17)
(-3.74653 0.505509 1.32562e-17)
(-0.0419766 -0.0115979 5.77652e-18)
(-0.0795064 -0.0534638 2.48624e-18)
(-0.00366012 0.149896 -5.30112e-19)
(0.00622601 -0.867057 -2.81391e-18)
(-5.36227 0.221867 1.04488e-17)
(0.679505 -0.976215 2.54861e-18)
(-0.249258 -0.0162397 2.14406e-18)
(-0.996438 -5.55696 1.47533e-17)
(0.161028 -0.211187 -3.85108e-17)
(-0.46815 -0.643805 -9.01662e-18)
(-2.02195 -4.86429 1.10015e-17)
(1.59472 0.117072 4.69024e-18)
(0.00539767 -0.952509 -8.61984e-19)
(0.0692503 -1.1355 -1.81395e-18)
(0.878243 0.477816 8.03816e-18)
(0.268254 -1.37127 -1.58764e-17)
(0.0781667 -1.16874 -2.31437e-18)
(-5.55683 -0.916712 1.2488e-17)
(0.0286067 -0.887536 -7.47814e-18)
(-0.0457804 -0.553668 -2.61647e-17)
(0.0992833 0.226421 -4.72407e-18)
(-0.0669342 -0.00924485 9.59455e-20)
(-0.841408 0.0740054 1.54181e-17)
(-0.463583 0.150864 1.59238e-17)
(1.29431 0.436449 1.13759e-17)
(-0.12415 -0.0778481 3.40092e-18)
(-1.0077 -6.21588 1.70114e-17)
(-5.44308 -1.37612 1.28133e-17)
(-0.203057 -0.647254 -6.50417e-18)
(0.239326 -1.10826 -2.03245e-17)
(-4.13766 -3.24868 9.21704e-18)
(-1.05855 -4.69448 1.246e-17)
(0.797338 -0.536817 9.80158e-18)
(-4.73691 -2.4851 1.15976e-17)
(0.815365 0.3548 -2.80364e-17)
(-0.172825 -0.934787 7.10684e-18)
(-4.48171 -3.44755 7.46232e-18)
(-1.42061 -4.48911 1.34964e-17)
(-0.0308551 -0.569904 -1.00366e-18)
(0.0573777 -0.0221302 4.0016e-18)
(-2.82883 -4.76054 7.04312e-18)
(0.0238458 -0.97545 -4.08665e-18)
(-4.87691 -1.96996 1.21433e-17)
(0.0724286 -0.170546 -6.26427e-18)
(0.490673 -0.0124057 -6.99072e-19)
(0.0261245 0.093938 -1.3631e-18)
(-2.34862 -4.56471 1.02173e-17)
(1.08223 0.646099 -1.57612e-17)
(-0.68481 -0.234356 -1.51282e-17)
(-0.0975847 -0.672811 -1.4489e-17)
(0.614159 0.324835 -4.30905e-19)
(0.0615347 -1.01782 -1.34343e-17)
(-0.0884679 -0.0175497 -1.34785e-19)
(-0.0266581 -0.111107 1.07401e-18)
(-0.282626 -6.96479 2.49487e-18)
(-0.63982 -0.248028 -1.21207e-17)
(-5.25098 -2.29253 8.7343e-18)
(-5.70066 -1.21007 6.88603e-18)
(1.20885 0.236984 3.33369e-18)
(-3.16512 -4.4337 6.56365e-18)
(-0.41139 -0.294222 -8.64083e-18)
(-5.80762 -0.136027 8.25785e-18)
(0.624006 -0.488952 8.19945e-18)
(-0.0776512 -5.97289 -6.73346e-19)
(0.156521 -5.93184 5.99484e-19)
(-0.751894 -6.88309 1.66407e-17)
(-0.237253 -0.473911 -1.03955e-18)
(0.912007 -0.340239 6.77649e-18)
(-0.566707 -4.65956 6.4607e-19)
(-0.11456 0.346203 -2.67252e-17)
(-3.49103 -4.56518 5.66869e-18)
(-0.481204 -0.217286 -8.91498e-18)
(-5.77418 -0.820364 6.82322e-18)
(0.512177 -0.916664 -7.59785e-18)
(-5.77369 -0.552159 5.30838e-18)
(-0.0846513 0.0620476 -2.49313e-19)
(-4.68878 -2.95628 8.39586e-18)
(0.00713455 -0.84142 -5.15362e-18)
(-0.0652084 -0.0946773 1.69167e-18)
(0.346855 0.650948 -2.53267e-17)
(-3.34607 0.249241 9.19853e-18)
(-0.155331 -0.0702361 1.05028e-18)
(-4.69478 -2.86876 5.99249e-18)
(-0.512125 -0.34147 -1.22402e-17)
(-0.192967 -0.672322 -1.50958e-17)
(-1.41655 0.29777 1.15751e-17)
(0.655565 0.709268 -1.15969e-17)
(0.930349 0.339588 5.89714e-18)
(1.7484 0.132731 7.18653e-18)
(-5.40055 -1.80729 9.2264e-18)
(-3.76879 -4.15557 6.34125e-18)
(-2.13293 0.267257 1.04496e-17)
(-0.558686 -3.75135 -8.79348e-19)
(0.864238 0.00909644 4.45791e-18)
(-2.73014 0.276232 9.5269e-18)
(-3.8847 -3.80519 7.68903e-18)
(-0.786871 -0.172137 -7.01853e-18)
(-0.0559529 0.0485958 -4.55302e-18)
(-0.432812 0.345287 -1.49164e-17)
(-5.69624 -0.310819 5.38384e-18)
(-0.727075 0.136934 -1.10437e-17)
(-0.572987 -5.5099 6.45795e-19)
(0.115541 -0.135608 -7.21224e-18)
(-4.11301 -3.55353 6.66025e-18)
(0.0372807 -0.0140987 2.76675e-18)
(0.0435751 0.0629336 3.05679e-18)
(-4.91274 -2.42087 6.60826e-18)
(-0.0510884 0.101704 -4.27467e-19)
(1.14336 -0.00362471 6.97839e-18)
(-3.89419 -3.15278 6.7431e-18)
(-2.21554 -3.93722 1.11696e-17)
(-3.08921 -3.94412 8.19239e-18)
(-0.596198 -0.0184425 -8.45803e-18)
(0.242741 -0.940793 -8.8433e-18)
(-3.76509 0.111121 7.10395e-18)
(-2.5491 -3.64298 1.23685e-17)
(-5.25455 -1.78327 5.17039e-18)
(0.669771 0.674506 -3.47623e-18)
(-3.36793 -3.68607 7.31961e-18)
(0.0460392 0.780931 -1.35806e-17)
(-1.11351 -3.69488 1.09202e-17)
(-0.112367 0.0479383 -1.91581e-19)
(-0.0989423 0.00664341 -5.42568e-20)
(-0.833664 -0.0222236 -4.01604e-18)
(-3.84595 -3.95478 6.4683e-18)
(-1.54435 -3.45508 1.17378e-17)
(-0.00262818 -0.00422039 1.55594e-18)
(-0.775777 0.269857 1.16864e-17)
(-0.274879 -0.369675 -1.34345e-17)
(1.31672 0.271431 7.97537e-18)
(-4.54714 -2.10775 5.0973e-18)
(-5.60377 -0.87511 5.04911e-18)
(-0.535232 -0.0960232 -1.22712e-17)
(-4.15753 -2.77332 6.36682e-18)
(0.0507946 -0.799964 -8.59148e-18)
(0.03661 -0.79445 -6.37854e-18)
(-0.751055 0.00696463 -5.49589e-18)
(-0.399653 0.556027 -7.05807e-18)
(0.31938 0.979983 -8.73988e-18)
(0.612433 0.353126 3.74224e-18)
(-0.333509 -3.16296 -2.58358e-18)
(-0.308533 -2.51226 -3.20428e-18)
(-0.226054 -0.207303 -8.07484e-18)
(-0.559075 -2.80862 -2.51556e-18)
(0.386163 -0.498116 -3.4295e-18)
(-0.569406 0.0409045 -1.1082e-17)
(-0.484585 0.435508 -1.43822e-19)
(0.00797793 -0.0280373 2.41499e-18)
(-0.075375 0.920007 -8.70231e-18)
(-3.71399 -2.28585 7.9246e-18)
(0.512724 0.930491 1.71652e-18)
(-0.0269406 0.0998768 -1.18314e-18)
(-0.00468651 0.070334 -5.72863e-19)
(-5.41493 -1.36779 5.59505e-18)
(-0.656867 0.0490872 -1.91065e-18)
(-2.25335 -3.01075 1.43459e-17)
(-5.74741 -0.432606 6.05873e-18)
(-3.94218 -0.117226 5.13352e-18)
(-4.75798 -1.73601 5.44117e-18)
(-3.06696 -3.1304 8.33426e-18)
(0.990807 -0.549635 1.72991e-18)
(-2.53007 -2.77701 1.22739e-17)
(0.179824 -0.219559 -5.58314e-18)
(-1.6575 -2.34299 1.053e-17)
(-3.3035 -2.89263 9.15741e-18)
(-0.539027 0.0611642 -9.62594e-18)
(-0.294751 -1.86235 -4.49029e-18)
(0.240729 1.28269 -2.09243e-18)
(-0.488286 -6.4771 5.75606e-19)
(-0.103243 -0.28586 -9.01569e-18)
(-0.250466 -0.0263503 -9.21123e-18)
(-1.16823 -2.55504 8.0224e-18)
(0.165696 -0.291539 -1.02882e-17)
(1.68902 -0.20107 4.00212e-18)
(1.39517 0.0508521 3.65646e-18)
(-2.86181 -2.34447 1.03261e-17)
(-0.386554 -3.92468 -3.36514e-18)
(-3.92976 -1.95023 7.27255e-18)
(-0.574352 -1.78396 -1.06699e-18)
(0.0777112 1.47002 -3.74101e-18)
(-5.62218 -0.597105 5.15646e-18)
(-0.384871 0.0572948 -8.24345e-18)
(-0.517609 0.0200531 -5.81504e-18)
(-0.096708 1.42592 -4.62581e-18)
(0.0376039 -1.01592 -7.30865e-18)
(0.0395775 -0.893536 -4.65439e-18)
(0.0707012 -0.878762 -3.86519e-18)
(-5.07555 -1.13597 5.73072e-18)
(-0.118402 0.025255 -1.6508e-19)
(-4.32495 -1.26156 7.24893e-18)
(-0.33604 0.051404 -7.50149e-18)
(-0.0892178 0.8349 5.24918e-18)
(-3.05455 -2.07897 1.02449e-17)
(-1.17764 -1.55169 2.8297e-18)
(-0.294667 -1.1869 -3.16298e-18)
(-3.24397 -0.24946 4.17078e-18)
(-5.14314 -0.493584 5.60571e-18)
(-4.38295 -0.480399 7.15213e-18)
(1.32856 -0.305667 1.92332e-18)
(-0.625045 -0.884374 1.06919e-18)
(0.815626 -0.305369 7.43092e-18)
(-0.325961 0.034879 -6.2765e-18)
(-1.31794 -1.39805 1.31859e-18)
(-3.42971 -1.37397 1.08734e-17)
(-2.09714 -2.16012 1.3876e-17)
(0.122544 0.176839 -1.06531e-18)
(-0.299962 -0.495726 -3.88259e-18)
(-0.207775 0.0754737 3.25871e-18)
(0.188761 0.642629 2.05527e-17)
(0.259236 1.01468 -8.85357e-19)
(-2.49536 -1.45875 1.2715e-17)
(-1.72733 -1.27613 9.95043e-18)
(0.205816 0.701229 -1.15891e-18)
(-5.14427 -0.805577 5.94325e-18)
(-2.26453 -1.96959 1.24874e-17)
(0.160287 1.07554 -3.23498e-18)
(-0.183276 0.3123 -9.52966e-18)
(-0.292171 -0.301019 -1.33772e-17)
(0.00786959 1.03667 -5.0212e-18)
(-0.170814 -4.41994 -1.47145e-18)
(-0.829649 -0.575939 -1.66905e-19)
(-0.63321 -0.77008 -2.66385e-17)
(0.530108 0.143323 -4.10512e-17)
(-0.641951 -0.751695 -1.0992e-17)
(-1.68419 -1.09204 8.61392e-18)
(-0.0217824 0.0542404 -6.081e-19)
(-0.0485462 0.0429261 -2.57837e-19)
(0.384272 -0.071732 -5.47209e-17)
(-0.0186188 0.0243347 -2.16367e-19)
(0.0293218 0.514229 -4.52038e-17)
(-0.0533453 0.0158671 -2.80449e-19)
(0.0362817 -0.686026 -2.62259e-18)
(0.0843879 -0.646909 -3.90375e-18)
(1.19204 -0.123742 2.65076e-18)
(0.0479765 -0.816802 -3.31291e-18)
(0.0114278 -0.747216 -2.34101e-18)
(-0.0525603 -0.893481 -7.97805e-18)
(0.0750154 -0.438297 -6.73012e-18)
(0.061832 -0.605174 -4.0936e-18)
(-0.017322 -0.700755 -6.97539e-18)
(-0.136429 -0.92604 -1.14011e-17)
(-2.71021 -0.51753 1.32126e-17)
(-1.63763 -0.395526 9.50519e-18)
(-3.56208 -0.255226 3.41157e-18)
(-0.884552 -0.38371 8.01414e-18)
(-1.75364 -0.573881 9.80448e-18)
(-2.15276 -0.277348 7.83577e-18)
(-3.57488 -0.498019 8.52396e-18)
(0.352103 0.498907 -3.26686e-17)
(0.291454 0.26462 7.98028e-18)
(0.196754 -0.210864 -1.70168e-18)
(0.166649 -0.278983 -5.93618e-18)
(0.0594646 -0.491664 -5.65744e-18)
(-0.0257155 -0.599194 -6.23589e-18)
(0.0140007 -0.508897 -8.88057e-18)
(-2.70484 -0.264334 5.09626e-18)
(-0.748839 -0.621015 -1.34662e-17)
(3.37203 1.58292 5.04311e-18)
(-2.6639 -1.11642 1.11299e-17)
(-4.45337 -0.946437 7.28141e-18)
(-3.61528 -1.01478 1.02966e-17)
(-0.0709166 0.0168158 1.83047e-18)
(-0.0873701 -0.0137824 2.40924e-18)
(0.029583 -0.0646385 -3.19796e-18)
(0.0570186 0.073812 1.96231e-17)
(0.0962939 -0.201422 -1.14515e-17)
(-0.0465259 0.0080693 1.98219e-18)
(0.0452649 -0.0616313 3.93436e-18)
(-0.0113814 0.257689 6.0839e-18)
(0.37071 -0.239836 6.58991e-18)
(0.0320767 -0.0727228 4.86246e-18)
(0.0037379 -0.0580801 3.37515e-18)
(0.100561 0.125077 -1.08226e-18)
(3.63358 1.62895 3.42807e-18)
(0.0643015 -0.191563 -8.21755e-18)
(0.00558216 0.00212073 -1.86695e-17)
(0.0230424 -0.023297 2.50565e-18)
(0.0185 -0.117373 -7.48958e-18)
(-0.100483 0.111414 6.29572e-18)
(0.0843242 0.11219 -7.95606e-19)
(0.04902 -0.0643086 -3.97827e-18)
(-0.819402 -0.0910987 5.67998e-18)
(-0.00664921 -0.174112 -2.13705e-18)
(0.174898 -0.344045 1.40238e-18)
(-0.824552 0.210733 1.02621e-17)
(0.0240837 -0.13074 -5.23281e-18)
(-0.0407942 -0.00800375 -3.30965e-18)
(-0.0306419 0.0852084 -1.62032e-18)
(0.106948 -0.0104098 1.56761e-19)
(0.0841049 -0.002407 8.19707e-19)
(0.124725 -0.0556586 -1.77201e-19)
(0.0861935 -0.00152745 6.31489e-19)
(0.103925 0.00202598 3.04865e-19)
(0.0838849 -0.00163059 7.55711e-19)
(0.504239 0.12744 -1.2128e-17)
(0.0817526 -0.120361 -1.58162e-17)
(0.0335126 -0.187083 -5.85016e-18)
(0.0802736 -0.0161685 1.40542e-17)
(0.0136277 -0.0113688 1.22853e-17)
(0.03384 -0.00188616 1.35754e-17)
(0.0286534 -0.195718 -5.47e-18)
(-0.766256 0.156697 9.05501e-18)
(0.214606 0.14694 6.53576e-18)
(0.0880437 -0.0211175 1.40732e-17)
(0.29304 -0.00678152 -1.03266e-19)
(0.306347 0.0014189 -1.1095e-19)
(0.000655932 -0.159165 -4.03139e-18)
(-0.0129836 -0.13854 -3.98191e-18)
(0.104021 -0.207647 -8.8511e-19)
(0.126761 0.0108415 1.92821e-17)
(3.8135 1.29086 -6.69828e-19)
(-0.017082 -0.0320641 2.00233e-17)
(0.0864417 0.0677744 -4.07244e-19)
(0.0514323 0.0911862 -6.34318e-19)
(0.0665643 0.00710108 1.44911e-17)
(0.119589 0.0017079 3.20463e-19)
(0.118344 0.000713117 8.92308e-19)
(0.107206 0.0148885 5.40239e-19)
(0.123456 0.00151483 7.92409e-19)
(0.11992 0.00746263 5.4736e-19)
(0.118563 -0.00339628 1.09531e-18)
(-0.00113619 0.0383367 -4.50595e-19)
(0.000255927 0.0559544 -5.41804e-19)
(0.427335 -0.080022 -1.29561e-18)
(-0.876179 0.212759 8.66405e-18)
(-0.0131185 -0.0734491 1.98365e-17)
(4.16851 1.33087 -3.37514e-18)
(0.113631 0.0925831 -1.95975e-19)
(0.0452894 -0.0312256 1.91167e-17)
(0.385484 -0.130487 -1.25417e-19)
(0.0124564 -0.0537588 1.96612e-17)
(0.444831 -0.271272 3.04143e-19)
(0.0793686 -0.0129381 1.94582e-17)
(-0.707748 0.335367 8.31591e-18)
(0.031154 -0.0274368 1.96255e-17)
(0.12163 -0.21221 2.73365e-18)
(0.163972 -0.323586 5.1307e-19)
(0.0108973 -0.00359767 1.38073e-17)
(0.249485 -0.150371 -2.71549e-19)
(0.0111672 -0.0187997 1.96574e-17)
(0.308903 -0.209452 -4.94831e-19)
(0.0926722 0.00524607 1.93211e-17)
(3.34143 0.602856 1.66878e-17)
(0.353673 -0.243563 -5.019e-20)
(-0.736945 0.399015 8.67167e-18)
(-0.111306 -0.053365 -3.41155e-19)
(-0.0241007 0.0413554 1.93745e-17)
(3.84627 3.13666 2.0513e-17)
(0.0224303 0.00146336 1.94501e-17)
(0.301301 0.0490525 -2.5632e-19)
(0.0369743 0.0576422 1.20159e-17)
(-0.549784 0.0490589 2.85726e-18)
(-0.39072 0.498663 7.72481e-18)
(4.05917 4.47696 1.92186e-17)
(0.0869458 0.082872 -6.20211e-20)
(0.252034 -0.0921868 -9.69713e-19)
(0.0229657 0.0349149 -3.74653e-19)
(-0.463572 0.276653 7.26263e-18)
(4.04487 1.49983 1.92547e-17)
(0.223888 -0.0322712 -1.49041e-19)
(3.19603 1.2281 1.69109e-17)
(-0.0197495 0.302121 8.41976e-18)
(0.0401206 0.0526357 7.58564e-19)
(-0.119207 0.207054 4.42845e-18)
(3.86213 2.39948 1.91276e-17)
(0.0474327 -0.0183788 1.96368e-17)
(0.284394 0.424972 5.57389e-18)
(0.00190127 0.0380901 1.9992e-17)
(0.0269182 -0.0592963 2.00155e-17)
(-0.0093351 -0.0742888 2.00832e-17)
(0.0065624 0.0918218 -8.95607e-20)
(0.299043 0.418714 5.68381e-18)
(0.0824199 0.0322935 -1.809e-19)
(0.096451 -0.00346894 2.68996e-19)
(4.16476 3.92952 1.97297e-17)
)
;

boundaryField
{
    patch0
    {
        type            noSlip;
    }
}


// ************************************************************************* //
