/*--------------------------------*- C++ -*----------------------------------*\
  =========                 |
  \\      /  F ield         | OpenFOAM: The Open Source CFD Toolbox
   \\    /   O peration     | Website:  https://openfoam.org
    \\  /    A nd           | Version:  8
     \\/     M anipulation  |
\*---------------------------------------------------------------------------*/
FoamFile
{
    version     2.0;
    format      ascii;
    class       volScalarField;
    location    "0.1";
    object      nut;
}
// * * * * * * * * * * * * * * * * * * * * * * * * * * * * * * * * * * * * * //

dimensions      [0 2 -1 0 0 0 0];

internalField   nonuniform List<scalar> 
1924
(
0.00303562
0.00306039
0.00314932
0.00315873
0.00306639
0.00316096
0.00316598
0.00316825
0.00316919
0.00314747
0.00317175
0.00317268
0.00306456
0.00317522
0.00316365
0.00316163
0.00310714
0.00317761
0.00297203
0.00317868
0.00277825
0.00315108
0.00314924
0.00318084
0.0031505
0.00315095
0.00315195
0.0031217
0.00303203
0.00316018
0.00314994
0.00315059
0.00297739
0.003131
0.00313776
0.00315099
0.00315156
0.00306741
0.00314859
0.00314328
0.00315161
0.00289468
0.00315094
0.00314123
0.00310595
0.00286874
0.00289304
0.00316312
0.00234726
0.00251561
0.00310271
0.00301072
0.0031511
0.00305376
0.00258949
0.00315876
0.0029008
0.00313881
0.0031041
0.00315097
0.00314087
0.00316119
0.00312126
0.00314675
0.00306021
0.00316967
0.00315504
0.0031518
0.0029474
0.00308863
0.00273903
0.00315903
0.00314112
0.00316363
0.0031634
0.00270711
0.00317466
0.00316754
0.00316787
0.00312712
0.0031962
0.00315205
0.00310946
0.00283563
0.00299994
0.003151
0.00313641
0.00316525
0.00240908
0.00278629
0.00315588
0.00315122
0.00277939
0.00287123
0.00292829
0.00299137
0.00317571
0.00319295
0.00315152
0.00269383
0.00311933
0.00293898
0.00315261
0.0031514
0.00295247
0.00317636
0.00306953
0.00299264
0.00314995
0.00286883
0.00317708
0.00298021
0.00309432
0.00314925
0.00317197
0.00269147
0.0031373
0.00316003
0.00314762
0.00317541
0.00294101
0.000883665
0.00262545
0.00269787
0.00315585
0.00308502
0.00282134
0.00316866
0.00295796
0.000966446
0.00317856
0.00310283
0.000253102
0.00314244
0.00302965
0.00302028
0.0030772
0.00303441
0.00318028
0.00311882
0.00316079
0.00315821
0.000230289
0.000230523
0.00314762
0.00300268
0.0030503
0.00281037
0.00314934
0.00314675
0.00304129
0.000453104
0.00294011
0.00312578
0.00315673
0.00311519
0.000884221
0.00310542
0.00317909
0.000340892
0.00315841
0.00249743
0.00314232
0.00092243
0.00302201
0.0030692
0.00313322
0.000672554
0.00317666
0.00301851
0.00298127
0.0031627
0.00317822
0.00315095
0.00316662
0.00313435
0.00315877
0.000528589
0.00315
0.00315344
0.00315578
0.00316023
0.00316925
0.00314599
0.00232795
0.00298267
0.00300595
0.00315778
0.00317895
0.00316373
0.00308742
0.00316717
0.00318111
0.00316046
0.00315352
0.000464727
0.00315798
0.00314522
0.00314927
0.00315138
0.000574705
0.00306611
0.0031017
0.00316957
0.00303672
0.00315689
0.00316439
0.00306533
0.00292786
0.000185654
0.000943879
0.00306724
0.00317646
0.00315758
0.00315753
0.00317344
0.00314857
0.00311604
0.00316724
0.00316792
0.00312913
0.00309926
0.00312734
0.00317301
0.00317182
0.00315723
0.00318168
0.00318708
0.00316022
0.00315415
0.000399485
0.00315361
0.0031537
0.000478433
0.00315756
0.000195483
0.00317872
0.00316776
0.00314319
0.000474888
0.00315823
0.00315634
0.00318229
0.00309972
0.000468089
0.00298913
0.00317214
0.00317175
0.00317011
0.0031827
0.00299371
0.000826604
0.00316088
0.00309969
0.0031802
0.00317161
0.0031504
0.00315488
0.0031428
0.0031691
0.00314965
0.00315314
0.0031502
0.00317273
0.00315019
0.00315513
0.00288877
0.00317557
0.00263413
0.000543348
0.00315494
0.00308483
0.00285844
0.00315433
0.00315258
0.00319867
0.00317363
0.00315659
0.00312518
0.00315519
0.000651594
0.000348697
0.00315518
0.00316191
0.00295884
0.00316613
0.00318339
0.000842244
0.00316819
0.00315599
0.00315866
0.00314011
0.00315687
0.00317613
0.00257705
0.00306192
0.00316864
0.00312617
0.00317107
0.00317278
0.000488091
0.00314246
0.00318399
0.00314792
0.00317248
0.00315372
0.00296334
0.0031869
0.00315419
0.00313783
0.00305253
0.00314612
0.00316143
0.00314965
0.00318261
0.00303198
0.00315466
0.00316908
0.0031613
0.00315744
0.0031457
0.00315495
0.00315317
0.00312685
0.00315294
0.00319835
0.00315627
0.0031536
0.00316919
0.00318325
0.0031558
0.00315315
0.00314918
0.00317462
0.00315928
0.00315576
0.0031513
0.0031631
0.003162
0.00315935
0.00319297
0.00313475
0.00314966
0.00314013
0.00316665
0.00315786
0.000382255
0.00315424
0.00314532
0.00315283
0.00315013
0.000430211
0.00062238
0.00317666
0.00307843
0.00318402
0.00239455
0.0031676
0.00315309
0.00291911
0.00315593
0.00316962
0.00317967
0.00315185
0.00314999
0.00316312
0.00314935
0.00315412
0.00316107
0.00316328
0.0031873
0.00315859
0.00315235
0.00315807
0.00315021
0.000523565
0.00316708
0.00316425
0.00314953
0.00315445
0.00315587
0.00317873
0.00315559
0.00315966
0.00315522
0.0031897
0.00315197
0.00315198
0.00315009
0.00316443
0.000549109
0.00314846
0.00315579
0.00315219
0.00316413
0.000152278
0.00314978
0.0031493
0.00318583
0.0031583
0.00306773
0.00316592
0.00314799
0.00275543
0.00022803
0.00315047
0.00319488
0.00315242
0.00315226
0.00314968
0.00315475
0.00314803
0.00316817
0.00316584
0.00316144
0.00314718
0.00320176
0.00316961
0.00314959
0.00317242
0.00317213
0.00315349
0.00319734
0.00311653
0.00314931
0.00317932
0.00318458
0.00310175
0.00314856
0.00314965
0.00315061
0.00320269
0.00314979
0.00314715
0.00316344
0.00314963
0.0031822
0.00282804
0.00316554
0.00314914
0.0031547
0.00314941
0.00315937
0.00298552
0.00315265
0.000204967
0.00315481
0.00315684
0.00315497
0.00315079
0.00316221
0.00314819
0.00315992
0.00318519
0.00314933
0.00315515
0.00318947
0.00316424
0.00314668
0.00315506
0.00319502
0.00314853
0.00308562
0.00314654
0.00315232
0.00315088
0.00315105
0.00316017
0.00316615
0.00315762
0.00314899
0.00314736
0.00311588
0.00319213
0.00315235
0.00318956
0.00309993
0.00316617
0.00315264
0.00315678
0.00315351
0.00316389
0.00314944
0.00315112
0.00314824
0.00314886
0.00314893
0.00315578
0.00314912
0.00318712
0.00293038
0.00314908
0.00314696
0.00317143
0.00317169
0.00319837
0.00315361
0.00314965
0.00314888
0.00313625
0.00317432
0.00316229
0.00315364
0.00314838
0.0031308
0.00314655
0.00316595
0.00314862
0.00314747
0.00318158
0.00317677
0.00320075
0.0031497
0.00315911
0.00314982
0.00314987
0.00314815
0.00315425
0.00316526
0.00315537
0.00314616
0.00316399
0.00320335
0.00318458
0.0031595
0.00315439
0.00312177
0.00314564
0.00314851
0.00316029
0.00314589
0.00316647
0.00314712
0.00314953
0.00315377
0.00314985
0.00316285
0.00315176
0.00312397
0.00314811
0.00314748
0.00315025
0.00313721
0.00316732
0.0031919
0.0031484
0.00307911
0.00313689
0.003151
0.00318884
0.00314836
0.0031487
0.0031567
0.00314635
0.00314815
0.00314894
0.00314808
0.00312047
0.00311694
0.0030767
0.00314794
0.00314576
0.00285337
0.00314874
0.00315297
0.00315076
0.00320094
0.00317319
0.00309209
0.00314718
0.00319474
0.00314852
0.00314807
0.00314882
0.00313186
0.00314891
0.00314903
0.0031447
0.00317388
0.00314799
0.00314737
0.00315268
0.00316563
0.00314886
0.00306864
0.00314341
0.00316773
0.00314462
0.00319908
0.00314385
0.00314774
0.00314599
0.000638892
0.00310344
0.00313362
0.00317676
0.00314891
0.00318341
0.00314982
0.00314539
0.00288115
0.00316554
0.0031587
0.00309814
0.00314646
0.00316466
0.0031534
0.00318975
0.00315148
0.00314384
0.00314761
0.00315973
0.00314869
0.00318997
0.00314713
0.00315087
0.00315841
0.00315419
0.00299052
0.00314305
0.00318401
0.00320099
0.00316995
0.00314716
0.00316301
0.00309886
0.00314753
0.00315153
0.00315352
0.00314778
0.00315401
0.00314762
0.00318642
0.00314516
0.00314614
0.00288861
0.00314756
0.00303956
0.00314778
0.00318695
0.00314794
0.003148
0.00314648
0.00314731
0.00314586
0.00316098
0.00314696
0.00315535
0.0031478
0.00315198
0.00314521
0.00314802
0.00312361
0.00315866
0.00314775
0.00314807
0.0031449
0.00318158
0.00314721
0.00314738
0.00314909
0.00314352
0.00310843
0.00319157
0.0031481
0.00307401
0.00314684
0.00315286
0.00314541
0.0031462
0.00314641
0.00319795
0.00301695
0.00319176
0.00315938
0.00319341
0.00316431
0.00315493
0.00313112
0.00314736
0.0031699
0.00316741
0.00314953
0.00314875
0.0031467
0.00316153
0.00314807
0.00312135
0.00317624
0.00314535
0.00315525
0.00315813
0.00317274
0.00314681
0.00314475
0.00316235
0.003147
0.00314878
0.00314617
0.00314624
0.00319178
0.00314438
0.00314701
0.00314902
0.00308529
0.00314704
0.00314726
0.00314674
0.00317899
0.00314553
0.00314501
0.00313775
0.00314728
0.00312971
0.00314646
0.00315263
0.00314733
0.00314439
0.00316052
0.0028915
0.00312375
0.00315073
0.00319507
0.00314642
0.00315386
0.00052472
0.000250076
0.00291475
0.00315341
0.00318316
0.00314736
0.00314636
0.00314207
0.00314605
0.00314865
0.00314635
0.00314803
0.00314715
0.00314939
0.00314417
0.00310875
0.00314739
0.00319321
0.000541993
0.00317011
0.000587925
0.00314556
0.00314632
0.00314516
0.00318438
0.00314599
0.00314528
0.00316444
0.00309938
0.00313563
0.00315734
0.00296154
0.00300029
0.00308539
0.00314986
0.00298871
0.0031474
0.00315321
0.00317978
0.00314583
0.0031459
0.00314602
0.00314551
0.00314345
0.00314628
0.00315176
0.00314623
0.0031309
0.00314663
0.00315269
0.0031694
0.00314522
0.00314594
0.00314446
0.00314657
0.0031437
0.00317197
0.00316133
0.00294505
0.00317687
0.00299416
0.00315454
0.00314642
0.00316199
0.00314979
0.00314566
0.00314357
0.0031641
0.00314666
0.00314537
0.00318059
0.00317177
0.00288331
0.00314645
0.00314387
0.00308607
0.00315277
0.00314566
0.0029578
0.00318597
0.0031567
0.00307331
0.00315087
0.00314672
0.00314521
0.00300812
0.00317506
0.00314747
0.000558711
0.00314407
0.00314506
0.00314854
0.00313196
0.00314554
0.00314802
0.00314308
0.00315742
0.00315776
0.00313745
0.00314728
0.00317541
0.00314511
0.00314777
0.00314675
0.00314501
0.00315246
0.00317439
0.00314418
0.00314554
0.00314515
0.00314548
0.00315016
0.00314794
0.003166
0.000213832
0.00317392
0.000610014
0.0031457
0.00314527
0.00235947
0.00314246
0.00314573
0.00314492
0.00314925
0.00314284
0.00316272
0.00314673
0.00314235
0.00317835
0.00315167
0.00314595
0.00314232
0.00314421
0.00308578
0.00303567
0.00314765
0.00315623
0.00314598
0.00292407
0.00314256
0.00314605
0.00310813
0.00314518
0.00314332
0.00314474
0.00316422
0.00314307
0.0031418
0.00315924
0.00314415
0.00289604
0.00317575
0.003143
0.000632295
0.00314583
0.00295331
0.00314321
0.00314862
0.00292918
0.00314466
0.00314487
0.00314609
0.00317692
0.00314671
0.00314721
0.00314402
0.00314738
0.000594555
0.00315276
0.00316353
0.00316553
0.00316817
0.00315007
0.00314185
0.00315282
0.00314392
0.00294094
0.00314326
0.00291295
0.00314484
0.00314466
0.00315908
0.00313105
0.00314504
0.00315732
0.003145
0.00289011
0.00316775
0.000189004
0.00299692
0.00314614
0.00313655
0.00314478
0.00314323
0.00309963
0.00295978
0.00315209
0.00314381
0.00313229
0.00315381
0.00314394
0.00315139
0.00315597
0.00316292
0.00314516
0.00314311
0.00314938
0.00314452
0.00313881
0.0031454
0.00315286
0.00314751
0.00313908
0.00314518
0.00314615
0.00314699
0.000322726
0.00314711
0.00295317
0.00062647
0.00314532
0.00314291
0.00314544
0.00314135
0.00315065
0.00313854
0.00314434
0.000280689
0.00313917
0.00314695
0.000286748
0.00314125
0.000251945
0.00314235
0.00314811
0.00311373
0.00311085
0.00313919
0.00317083
0.00308438
0.00314551
0.00315392
0.00314354
0.00314439
0.00310717
0.00313917
0.00313914
0.00301304
0.00314434
0.00315232
0.00288131
0.00314413
0.00314451
0.00314654
0.00302156
0.00315004
0.00314454
0.00313803
0.003139
0.00314414
0.00314608
0.00314265
0.00307099
0.00295828
0.00313445
0.0031504
0.00314555
0.00311345
0.00313879
0.00313455
0.00311545
0.00313398
0.0031468
0.00314702
0.00314297
0.00314397
0.00313016
0.00313431
0.00314756
0.00313457
0.00315313
0.00315086
0.00318121
0.00316253
0.00309284
0.00313852
0.00313576
0.00314877
0.00314476
0.00316196
0.00314663
0.0031448
0.00314463
0.00313453
0.00314322
0.00315847
0.00315109
0.00316015
0.000326417
0.00311723
0.00310483
0.00314489
0.00313441
0.00314555
0.00315755
0.0031529
0.00297079
0.00313385
0.0031345
0.00314642
0.00290984
0.00299491
0.00313415
0.00318306
0.00314801
0.00314233
0.00313735
0.00315038
0.00316746
0.00314599
0.00314817
0.00314372
0.00306768
0.00314392
0.00314389
0.00314493
0.00313383
0.00315488
0.00314047
0.00313821
0.00319497
0.00317459
0.00314357
0.0031535
0.0031455
0.003115
0.00314402
0.00313328
0.00311464
0.00288592
0.00314147
0.00308984
0.00315091
0.00314285
0.00306409
0.00308332
0.00314926
0.00310654
0.00313347
0.00311431
0.00314404
0.00314498
0.000623448
0.00314677
0.00311396
0.00314197
0.000621703
0.00314427
0.00311352
0.00290889
0.00313511
0.00311511
0.0030424
0.00314417
0.0031487
0.00314357
0.00311303
0.00314628
0.000626215
0.000616763
0.00313787
0.00314431
0.00315041
0.00319084
0.00314495
0.00312943
0.00309408
0.00311255
0.00311591
0.000634166
0.00314328
0.00272258
0.00311515
0.00314342
0.00314583
0.00314314
0.00313502
0.00314545
0.000207418
0.000200817
0.00317068
0.00313979
0.00313308
0.00315777
0.00309372
0.00314246
0.00314345
0.00313202
0.00314725
0.00315752
0.00314541
0.00307064
0.00314438
0.00309337
0.000614036
0.00303116
0.0031457
0.00314503
0.00314942
0.00309295
0.00309449
0.00314158
0.00313046
0.00304094
0.00299419
0.00309232
0.00314615
0.000245275
0.00290794
0.00311464
0.0031121
0.000667427
0.00313749
0.00309166
0.000614646
0.000532235
0.00314436
0.0030118
0.00314897
0.00314521
0.00315039
0.00315565
0.00313934
0.00314456
0.00314611
0.00314366
0.00314354
0.000267777
0.000754998
0.00313267
0.000565268
0.00308269
0.0031437
0.00294728
0.00309102
0.0031543
0.00309406
0.0030953
0.00310608
0.00316829
0.00314514
0.00314378
0.00295165
0.00316459
0.00314478
0.00314438
0.00309467
0.0031476
0.00309636
0.00314308
0.00300965
0.000622723
0.00311166
0.00314283
0.00314204
0.000736728
0.00300841
0.0031427
0.00288154
0.000601084
0.00314171
0.00299932
0.00314116
0.00300733
0.0031127
0.00314393
0.00314931
0.00314377
0.00301137
0.00314403
0.00300621
0.0031371
0.00310495
0.00293987
0.00314131
0.00300516
0.00315061
0.00312838
0.00314652
0.0031081
0.00303508
0.003142
0.00309042
0.00314582
0.000241154
0.000230856
0.00314296
0.00313224
0.0030043
0.00313049
0.00314892
0.00313341
0.00309358
0.00276798
0.000739087
0.00313448
0.00311126
0.00314299
0.00315372
0.00313707
0.0031365
0.00313736
0.00301445
0.00314343
0.00292721
0.00315159
0.00314129
0.00314347
0.00299417
0.00290705
0.00314768
0.00300359
0.00314318
0.00292606
0.000271335
0.00314311
0.00292514
0.00313718
0.00292425
0.00314055
0.000629684
0.00305617
0.00305583
0.00080348
0.00314317
0.00314093
0.002923
0.000267871
0.00308038
0.00308985
0.00310229
0.00301508
0.00292177
0.0029292
0.00315378
0.00314161
0.00299019
0.00308182
0.00301514
0.0028353
0.00313671
0.00314669
0.00314073
0.00301895
0.00310473
0.00283297
0.00314016
0.00311608
0.000622946
0.00313686
0.000720636
0.00314225
0.00314218
0.00314289
0.00313181
0.00311779
0.00292065
0.00313646
0.00304361
0.00314289
0.00308807
0.00311615
0.00313757
0.00314255
0.00300305
0.000293375
0.00314238
0.00311087
0.00299978
0.00314912
0.00311703
0.00283115
0.00313608
0.000295872
0.00293262
0.0031161
0.00317975
0.000299671
0.00274746
0.00308932
0.00313749
0.00316962
0.00301414
0.00309925
0.00314232
0.000500091
0.00309607
0.00311674
0.00309777
0.00291968
0.00314261
0.000290954
0.00309555
0.00314508
0.00293221
0.00313972
0.00314866
0.00293327
0.00314259
0.00314251
0.00312572
0.00308335
0.00312403
0.00314746
0.000287502
0.000306793
0.00312473
0.0029419
0.00301827
0.000267326
0.00314231
0.00309715
0.000578517
0.00313567
0.00300265
0.00309594
0.00315202
0.00048896
0.000338249
0.00301203
0.00311606
0.000695977
0.000225793
0.000242408
0.00299355
0.00309824
0.00293313
0.00290647
0.0031363
0.00314211
0.0031403
0.00311662
0.00313761
0.00314175
0.000289913
0.00314204
0.000275375
0.00028888
0.00314652
0.00309595
0.00301966
0.000319281
0.00314117
0.00293212
0.00313139
0.000636285
0.00300561
0.00063502
0.00313924
0.000623666
0.00310391
0.00293508
0.00063401
0.00314906
0.000662137
0.00309701
0.00311053
0.000621888
0.000633171
0.00301205
0.00063254
0.00302525
0.000549184
0.000632301
0.00291883
0.0029331
0.00293185
0.0029497
0.000438669
0.000323746
0.000632257
0.00314194
0.00307766
0.00313522
0.00314181
0.00301156
0.00308884
0.00300649
0.00313874
0.00315023
0.00314174
0.000638834
0.0030077
0.00286063
0.00311647
0.00309996
0.00314202
0.00309705
0.00312906
0.000266545
0.00297327
0.000632349
0.00315099
0.00315041
0.00314118
0.0030024
0.00309686
0.0029282
0.00301294
0.00313474
0.000341164
0.0030614
0.00311571
0.00296513
0.000628968
0.00281239
0.00293256
0.00300608
0.00309579
0.00313822
0.000640261
0.00314142
0.00313589
0.000640529
0.00311628
0.00314838
0.000689248
0.00293489
0.00313756
0.00313716
0.000632571
0.00292754
0.00314073
0.00313095
0.000642035
0.00314118
0.00291812
0.00292945
0.00313422
0.000293093
0.00314134
0.00268383
0.00313986
0.003147
0.00314062
0.00292719
0.00305118
0.00314165
0.00295531
0.00314601
0.00290656
0.00309665
0.000310981
0.000658811
0.000633269
0.000339938
0.00311021
0.000660163
0.00314048
0.00301368
0.00292672
0.000624659
0.000265556
0.00268611
0.0031377
0.00314344
0.00315044
0.00303396
0.00307789
0.00310671
0.000643876
0.00311604
0.00290338
0.00313717
0.00314021
0.00293292
0.00314001
0.00308841
0.00298715
0.0028806
0.000632919
0.0031337
0.00313938
0.00294434
0.00313548
0.00290295
0.000275269
0.00300524
0.000616266
0.000275434
0.00311577
0.000275654
0.00313318
0.00311473
0.000275754
0.0030964
0.000634879
0.000275738
0.0031365
0.00297397
0.000645532
0.000275635
0.000275454
0.00313052
0.00314943
0.0031326
0.00309482
0.0030023
0.00313882
0.00292676
0.003147
0.000236194
0.000221537
0.000275172
0.00310991
0.00301436
0.00311547
0.000628352
0.00313854
0.00065458
0.000634843
0.00313498
0.00311514
0.000629299
0.000643401
0.00305602
0.0028332
0.000274793
0.000628117
0.00309609
0.000264402
0.00287112
0.00313458
0.00311462
0.00308459
0.00313006
0.000274881
0.000273909
0.00293317
0.00309575
0.00027288
0.00313614
0.000633385
0.00313141
0.00291754
0.000303095
0.000263119
0.000276967
0.000636031
0.00305996
0.00280903
0.00314076
0.00309492
0.00309538
0.00314821
0.00289602
0.00310962
0.00314645
0.0031336
0.000271782
0.00314583
0.00298673
0.003088
0.000624336
0.00313632
0.000274323
0.00314529
0.00311701
0.000286827
0.000613747
0.0031093
0.00312919
0.00311278
0.00301641
0.000278672
0.00301599
0.000295779
0.000625575
0.000622194
0.00309381
0.00313955
0.00311291
0.00310924
0.00314132
0.00301662
0.000627697
0.00308761
0.00032582
0.000308816
0.00269745
0.000270453
0.00301497
0.000630931
0.0031262
0.00314746
0.00300233
0.00309265
0.00301551
0.00300326
0.00279668
0.00314444
0.000273767
0.000268421
0.00312523
0.000281006
0.000263066
0.00313808
0.00293357
0.00293359
0.000288115
0.00310792
0.000277972
0.000637196
0.0031346
0.00314742
0.000281772
0.000631837
0.0030872
0.000280899
0.00314904
0.00301555
0.000281772
0.00310353
0.00292509
0.00308865
0.000619512
0.00300246
0.00314312
0.000259664
0.000257698
0.00313265
0.00276599
0.00293338
0.00313561
0.00308675
0.00313391
0.00293303
0.00293355
0.000281194
0.00310863
0.00311038
0.00308636
0.00313742
0.00310058
0.00290835
0.000645538
0.000286076
0.00300762
0.00314402
0.00299394
0.00288604
0.00314318
0.000642107
0.000277099
0.0031073
0.00299973
0.000643408
0.00313015
0.000633973
0.000273126
0.00292929
0.00306369
0.00308236
0.00300264
0.000266973
0.000269405
0.00291712
0.000632377
0.000640844
0.000644719
0.00296943
0.00295424
0.00306125
0.00310332
0.00300278
0.000610174
0.000275863
0.0030894
0.00290962
0.00308242
0.000627
0.000281221
0.00308523
0.00312605
0.00293349
0.00309775
0.00291656
0.00299115
0.00312414
0.000645728
0.000270537
0.00300205
0.000602875
0.00291681
0.000271454
0.0029124
0.000272711
0.000638397
0.000276127
0.00309349
0.000271642
0.00308037
0.000634871
0.00299576
0.00292117
0.00027015
0.000644496
0.00296263
0.00063549
0.000636407
0.000270733
0.0029949
0.000261341
0.00298922
0.000268762
0.00282525
0.00307271
0.00289555
0.000270775
0.000280546
0.000626585
0.000626237
0.000639613
0.000637816
0.000273919
0.000267038
0.00295162
0.00298301
0.00305322
0.00291637
0.000270364
0.000263267
0.000629125
0.00282069
0.00297285
0.00293867
0.00291588
0.0029153
0.00304808
0.00291292
0.000269315
0.000638652
0.00289642
0.000286856
0.000627487
0.000268914
0.000623132
0.00280865
0.00286902
0.000264378
0.000554733
0.000247615
0.000244518
0.000575703
0.000263556
0.000268716
0.00063855
0.000275063
0.000637437
0.00026977
0.000271609
0.000639478
0.000267539
0.000272405
0.000634676
0.000626138
0.000276049
0.000280991
0.000273094
0.000626857
0.000278195
0.000625997
0.000261143
0.000241042
0.000242409
0.000624723
0.000262806
0.000266043
0.000638548
0.000279667
0.00279593
0.00317137
0.00288965
0.0029078
0.00289943
0.000624625
0.000257748
0.00314103
0.00297128
0.00297923
0.000240057
0.00281108
0.00314886
0.00287797
0.00281898
0.000613844
0.000560244
0.00317455
0.00304847
0.000271422
0.000236441
0.000278606
0.00314822
0.00238076
0.00314533
0.00315077
0.000291747
0.00282667
0.00314996
0.00313245
0.000170737
0.000191567
0.000277358
0.000244364
0.000317342
0.000254472
0.000265921
0.000254353
0.00314199
0.000585474
0.00300316
0.000213979
0.000181613
0.000193405
0.000604959
0.00315339
0.00314777
0.000231702
0.000165292
0.000179499
0.00307008
0.00312063
0.000463797
0.00285258
0.00317566
0.00287158
0.00237986
0.000576423
0.000224457
0.000716938
0.000491344
0.000747753
0.000527466
0.000532854
0.000503595
0.000223856
0.000222431
0.00312757
0.00315458
0.00263464
0.00317814
0.000319655
0.000494359
0.000413566
0.00266375
0.00260568
0.000512687
0.00315443
0.00273335
0.00273205
0.00292004
0.000226061
0.00248714
0.00283644
0.00239513
0.000532146
0.00319313
0.0025515
0.00315396
0.000201938
0.00278066
0.00318772
0.00274126
0.000372425
0.000203782
0.0030243
0.00315298
0.00318259
0.00239164
0.00225129
0.000244946
0.00315219
0.00319198
0.0023577
0.00319114
0.0031512
0.00055798
0.00315044
0.00318933
0.0028567
0.00314886
0.00293324
0.00268735
0.00276661
0.000187686
0.00314938
0.000476234
0.000227263
0.00318502
)
;

boundaryField
{
    patch0
    {
        type            nutkWallFunction;
        Cmu             0.09;
        kappa           0.41;
        E               9.8;
        value           nonuniform List<scalar> 
4010
(
0.000334284
0.000334284
0.00030662
0.00030662
0.000355713
0.000355713
0.000349686
0.000349686
0.000338844
0.000338844
0.000356882
0.000356882
0.000356975
0.000356975
0.000357302
0.000357302
0.000357582
0.000357582
0.000355346
0.000355346
0.000357906
0.000357906
0.000357998
0.000357998
0.000348416
0.000348416
0.000358231
0.000358231
0.000357087
0.000357087
0.000356889
0.000356889
0.000352213
0.000352213
0.00035846
0.00035846
0.000330762
0.000330762
0.000358562
0.000358562
0.0003216
0.0003216
0.000355846
0.000355846
0.000355746
0.000355746
0.000358779
0.000358779
0.000355792
0.000355792
0.000355832
0.000355832
0.000355927
0.000355927
0.000350179
0.000350179
0.000343759
0.000343759
0.000281457
0.000281457
0.000355835
0.000355835
0.0003558
0.0003558
0.000338148
0.000338148
0.000354273
0.000354273
0.00035387
0.00035387
0.000355867
0.000355867
0.00035589
0.00035589
0.000346085
0.000346085
0.000280621
0.000280621
0.000355305
0.000355305
0.000355894
0.000355894
0.000332816
0.000332816
0.000355832
0.000355832
0.00035507
0.00035507
0.000276748
0.000276748
0.000327678
0.000327678
0.000259308
0.000259308
0.000281559
0.000281559
0.000264421
0.000264421
0.000294756
0.000294756
0.000351276
0.000351276
0.000343545
0.000343545
0.000355849
0.000355849
0.000346068
0.000346068
0.000299315
0.000299315
0.000355453
0.000355453
0.000262782
0.000262782
0.000279475
0.000279475
0.000276898
0.000276898
0.000355836
0.000355836
0.00035498
0.00035498
0.000356843
0.000356843
0.000353225
0.000353225
0.000280485
0.000280485
0.000346962
0.000346962
0.000282161
0.000282161
0.000356235
0.000356235
0.000355927
0.000355927
0.000336064
0.000336064
0.00035002
0.00035002
0.000314504
0.000314504
0.000356633
0.000356633
0.000280063
0.000280063
0.00028171
0.00028171
0.000281696
0.000281696
0.000311788
0.000311788
0.000282743
0.000282743
0.000281994
0.000281994
0.00028195
0.00028195
0.000353656
0.000353656
0.000360356
0.000360356
0.000355937
0.000355937
0.000277175
0.000277175
0.000326412
0.000326412
0.000340566
0.000340566
0.000355844
0.000355844
0.000283545
0.000283545
0.00035724
0.00035724
0.000280287
0.000280287
0.000320162
0.000320162
0.000356318
0.000356318
0.000355857
0.000355857
0.000319503
0.000319503
0.000329607
0.000329607
0.000334852
0.000334852
0.000339837
0.000339837
0.000283318
0.000283318
0.00035925
0.00035925
0.000355889
0.000355889
0.000310226
0.000310226
0.000353098
0.000353098
0.000336359
0.000336359
0.000355994
0.000355994
0.000355876
0.000355876
0.000337681
0.000337681
0.000282633
0.000282633
0.000348637
0.000348637
0.000341421
0.000341421
0.000355738
0.000355738
0.000329197
0.000329197
0.000282992
0.000282992
0.00033977
0.00033977
0.000349588
0.000349588
0.000280517
0.000280517
0.000282296
0.000282296
0.000311824
0.000311824
0.000354768
0.000354768
0.000356734
0.000356734
0.000355518
0.000355518
0.000282568
0.000282568
0.000334693
0.000334693
8.847e-05
8.847e-05
0.000306362
0.000306362
0.000310586
0.000310586
0.000356317
0.000356317
0.000350127
0.000350127
0.000323875
0.000323875
0.000282073
0.000282073
0.000338013
0.000338013
9.56891e-05
9.56891e-05
0.000283078
0.000283078
0.000351758
0.000351758
2.7701e-05
2.7701e-05
0.000279912
0.000279912
0.000345071
0.000345071
0.000344167
0.000344167
0.000347812
0.000347812
0.000345122
0.000345122
0.00035873
0.00035873
0.000352241
0.000352241
0.000282227
0.000282227
0.000356551
0.000356551
2.56533e-05
2.56533e-05
2.56533e-05
2.40622e-05
2.40622e-05
2.40622e-05
0.000355752
0.000355752
0.000268715
0.000268715
0.000346894
0.000346894
0.000322468
0.000322468
0.00035568
0.00035568
0.000355435
0.000355435
0.000271654
0.000271654
4.80289e-05
4.80289e-05
4.80289e-05
0.000335845
0.000335845
0.000353851
0.000353851
0.000356571
0.000356571
0.000352853
0.000352853
8.89709e-05
8.89709e-05
0.000351511
0.000351511
0.000287751
0.000287751
3.693e-05
3.693e-05
0.00028127
0.00028127
0.000289819
0.000289819
0.000355319
0.000355319
9.14279e-05
9.14279e-05
0.00027025
0.00027025
0.00034873
0.00034873
0.000354456
0.000354456
6.97206e-05
6.97206e-05
0.000282665
0.000282665
0.000343967
0.000343967
0.000338618
0.000338618
0.000357099
0.000357099
0.000282773
0.000282773
0.000355832
0.000355832
0.000296801
0.000296801
0.000354508
0.000354508
0.000281334
0.000281334
6.43569e-05
6.43569e-05
0.00035576
0.00035576
0.000356273
0.000356273
0.000356348
0.000356348
0.000356754
0.000356754
0.000282113
0.000282113
0.000355557
0.000355557
0.000254162
0.000254162
0.00026656
0.00026656
0.0003424
0.0003424
0.000356504
0.000356504
0.000282838
0.000282838
0.000281683
0.000281683
0.00035028
0.00035028
0.000357495
0.000357495
0.000283377
0.000283377
0.000356882
0.000356882
0.000356203
0.000356203
4.91391e-05
4.91391e-05
4.91391e-05
0.000356513
0.000356513
0.000355454
0.000355454
0.000355805
0.000355805
0.000355971
0.000355971
6.97938e-05
6.97938e-05
0.000274416
0.000274416
0.00035169
0.00035169
0.000357687
0.000357687
0.000344097
0.000344097
0.000356427
0.000356427
0.000357194
0.000357194
0.000348134
0.000348134
0.000334634
0.000334634
1.80096e-05
1.80096e-05
1.80096e-05
9.36108e-05
9.36108e-05
0.000348528
0.000348528
0.000358361
0.000358361
0.000356534
0.000356534
0.000356471
0.000356471
0.000282418
0.000282418
0.000355605
0.000355605
0.000352888
0.000352888
0.000357443
0.000357443
0.000282018
0.000282018
0.000354068
0.000354068
0.000276271
0.000276271
0.000353965
0.000353965
0.000358017
0.000358017
0.00035789
0.00035789
0.000356438
0.000356438
0.000355283
0.000355283
0.000283475
0.000283475
0.00035676
0.00035676
0.000356193
0.000356193
4.6978e-05
4.6978e-05
0.000356094
0.000356094
0.000356171
0.000356171
5.79795e-05
5.79795e-05
0.000356472
0.000356472
2.2216e-05
2.2216e-05
2.2216e-05
0.000358596
0.000358596
0.000357468
0.000357468
0.000355347
0.000355347
5.00929e-05
5.00929e-05
5.00929e-05
0.000356557
0.000356557
0.000356362
0.000356362
0.000358955
0.000358955
0.000351359
0.000351359
4.92538e-05
4.92538e-05
0.000340811
0.000340811
0.0003579
0.0003579
0.000305823
0.000305823
0.000282178
0.000282178
0.000283114
0.000283114
0.000267254
0.000267254
8.29308e-05
8.29308e-05
0.000356805
0.000356805
0.000351513
0.000351513
0.000282929
0.000282929
0.000357884
0.000357884
0.000355781
0.000355781
0.00035621
0.00035621
0.000355261
0.000355261
0.000357591
0.000357591
0.000355854
0.000355854
0.000356187
0.000356187
0.000355761
0.000355761
0.000282368
0.000282368
0.000355763
0.000355763
0.000281093
0.000281093
0.000331733
0.000331733
0.000282579
0.000282579
0.000304827
0.000304827
5.64501e-05
5.64501e-05
0.000356241
0.000356241
0.000275304
0.000275304
0.000326122
0.000326122
0.000356155
0.000356155
0.000355994
0.000355994
0.000360653
0.000360653
0.000358044
0.000358044
0.000356377
0.000356377
0.000353794
0.000353794
0.000356279
0.000356279
7.92852e-05
7.92852e-05
3.77959e-05
3.77959e-05
3.77959e-05
0.000356248
0.000356248
0.000356898
0.000356898
0.000336961
0.000336961
0.00028188
0.00028188
0.000284312
0.000284312
8.44094e-05
8.44094e-05
0.000357499
0.000357499
0.00035632
0.00035632
0.000356655
0.000356655
0.00027998
0.00027998
0.000356406
0.000356406
0.000358346
0.000358346
0.000300398
0.000300398
0.000273582
0.000273582
0.000357585
0.000357585
0.000353794
0.000353794
0.000282246
0.000282246
0.000358006
0.000358006
5.13765e-05
5.13765e-05
5.13765e-05
0.000355298
0.000355298
0.000359136
0.000359136
0.000355542
0.000355542
0.000357926
0.000357926
0.000356097
0.000356097
0.000338876
0.000338876
0.000359431
0.000359431
0.000356142
0.000356142
0.000279429
0.000279429
0.000346975
0.000346975
0.000355374
0.000355374
0.00035685
0.00035685
0.000355712
0.000355712
0.000283114
0.000283114
0.00034529
0.00034529
0.00035627
0.00035627
0.000357587
0.000357587
0.000356866
0.000356866
0.000356505
0.000356505
0.00028039
0.00028039
0.000356227
0.000356227
0.000356223
0.000356223
0.000278802
0.000278802
0.000356022
0.000356022
0.00036044
0.00036044
0.000356346
0.000356346
0.000356085
0.000356085
0.000311607
0.000311607
0.000358585
0.000358585
0.000356316
0.000356316
0.00035605
0.00035605
0.000355667
0.000355667
0.000358144
0.000358144
0.000281384
0.000281384
0.000356298
0.000356298
0.000355869
0.000355869
0.000357021
0.000357021
0.000356907
0.000356907
0.000356732
0.000356732
0.000285406
0.000285406
0.000279367
0.000279367
0.000355714
0.000355714
0.000355019
0.000355019
0.000357392
0.000357392
0.000356521
0.000356521
4.46155e-05
4.46155e-05
0.000356161
0.000356161
0.000355297
0.000355297
0.000356011
0.000356011
0.000355757
0.000355757
4.55858e-05
4.55858e-05
6.40344e-05
6.40344e-05
0.000358404
0.000358404
0.000349516
0.000349516
0.00028324
0.00028324
0.000247785
0.000247785
0.000357447
0.000357447
0.000356036
0.000356036
0.000332639
0.000332639
0.000356316
0.000356316
0.000357695
0.000357695
0.000358709
0.000358709
0.000355923
0.000355923
0.000355744
0.000355744
0.000357053
0.000357053
0.000355684
0.000355684
0.00035614
0.00035614
0.000356818
0.000356818
0.00035703
0.00035703
0.000359481
0.000359481
0.000356591
0.000356591
0.000355965
0.000355965
0.000356542
0.000356542
0.000355763
0.000355763
6.354e-05
6.354e-05
0.000357438
0.000357438
0.00035715
0.00035715
0.000355701
0.000355701
0.000356183
0.000356183
0.000356326
0.000356326
0.000282822
0.000282822
0.000356277
0.000356277
0.000356684
0.000356684
0.00035625
0.00035625
0.000359728
0.000359728
0.000280843
0.000280843
0.000355936
0.000355936
0.000355752
0.000355752
0.000357151
0.000357151
5.7079e-05
5.7079e-05
0.000355599
0.000355599
0.000356298
0.000356298
0.000355956
0.000355956
0.000357109
0.000357109
1.31334e-05
1.31334e-05
1.31334e-05
0.000355724
0.000355724
0.00035568
0.00035568
0.000290698
0.000290698
0.000356565
0.000356565
0.000274098
0.000274098
0.000281864
0.000281864
0.000355695
0.000355695
0.000317879
0.000317879
2.65849e-05
2.65849e-05
2.65849e-05
0.000355788
0.000355788
0.000360281
0.000360281
0.00035598
0.00035598
0.000355957
0.000355957
0.000355714
0.000355714
0.000356202
0.000356202
0.000355558
0.000355558
0.000357508
0.000357508
0.000357277
0.000357277
0.000356857
0.000356857
0.000355471
0.000355471
0.000360959
0.000360959
0.000357697
0.000357697
0.000355706
0.000355706
0.000287071
0.000287071
0.000357953
0.000357953
0.000356077
0.000356077
0.000360541
0.000360541
0.000352973
0.000352973
0.00035568
0.00035568
0.00035868
0.00035868
0.000283265
0.000283265
0.000277079
0.000277079
0.000355609
0.000355609
0.00035571
0.00035571
0.000355802
0.000355802
0.000360966
0.000360966
0.000355723
0.000355723
0.000355472
0.000355472
0.000357046
0.000357046
0.000355708
0.000355708
0.000358975
0.000358975
0.000325743
0.000325743
0.000357243
0.000357243
0.000355664
0.000355664
0.000356194
0.000356194
0.000355688
0.000355688
0.00035665
0.00035665
0.000267391
0.000267391
0.000356005
0.000356005
2.31138e-05
2.31138e-05
2.31138e-05
0.000356209
0.000356209
0.000281186
0.000281186
0.000356218
0.000356218
0.000355819
0.000355819
0.000356951
0.000356951
0.000355574
0.000355574
0.000356702
0.000356702
0.00035285
0.00035285
0.000355681
0.000355681
0.000356236
0.000356236
0.00035972
0.00035972
0.000357158
0.000357158
0.000355428
0.000355428
0.000356247
0.000356247
0.000288745
0.000288745
0.000355606
0.000355606
0.000350175
0.000350175
0.000355414
0.000355414
0.000356044
0.000356044
0.000355829
0.000355829
0.000355846
0.000355846
0.000356734
0.000356734
0.000357301
0.000357301
0.000281106
0.000281106
0.000355649
0.000355649
0.000355492
0.000355492
0.000278126
0.000278126
0.000360003
0.000360003
0.000355968
0.000355968
0.000284373
0.000284373
0.000276951
0.000276951
0.000357317
0.000357317
0.000356004
0.000356004
0.000356415
0.000356415
0.000356083
0.000356083
0.000357091
0.000357091
0.000355689
0.000355689
0.000355853
0.000355853
0.000355578
0.000355578
0.000355637
0.000355637
0.000355642
0.000355642
0.000356314
0.000356314
0.000355659
0.000355659
0.000283625
0.000283625
0.00033552
0.00033552
0.000355655
0.000355655
0.000355454
0.000355454
0.000357336
0.000357336
0.000357915
0.000357915
0.000360651
0.000360651
0.000356103
0.000356103
0.000355708
0.000355708
0.000355637
0.000355637
0.000279584
0.000279584
0.000358183
0.000358183
0.000356962
0.000356962
0.00035609
0.00035609
0.000355591
0.000355591
0.000354243
0.000354243
0.00035541
0.00035541
0.000357335
0.000357335
0.000355613
0.000355613
0.000355503
0.000355503
0.000358923
0.000358923
0.000282692
0.000282692
0.000360886
0.000360886
0.000355713
0.000355713
0.000356623
0.000356623
0.000355725
0.000355725
0.000355731
0.000355731
0.000355569
0.000355569
0.000356148
0.000356148
0.000357219
0.000357219
0.000356277
0.000356277
0.000355377
0.000355377
0.000357137
0.000357137
0.000356959
0.000356959
0.000359234
0.000359234
0.000356663
0.000356663
0.000356163
0.000356163
0.00027854
0.00027854
0.000355387
0.000355387
0.000355602
0.000355602
0.000356749
0.000356749
0.000355352
0.000355352
0.000357351
0.000357351
0.000355469
0.000355469
0.000355702
0.000355702
0.000356148
0.000356148
0.00035573
0.00035573
0.000356994
0.000356994
0.000355911
0.000355911
0.000353572
0.000353572
0.000355564
0.000355564
0.000355504
0.000355504
0.000280704
0.000280704
0.000354594
0.000354594
0.000281963
0.000281963
0.000359987
0.000359987
0.00035559
0.00035559
0.000275298
0.000275298
0.000279748
0.000279748
0.000355842
0.000355842
0.000348552
0.000348552
0.000355586
0.000355586
0.000355618
0.000355618
0.000356405
0.000356405
0.000355395
0.000355395
0.000355567
0.000355567
0.000355644
0.000355644
0.000355592
0.000355592
0.00035297
0.00035297
0.000278056
0.000278056
0.000275131
0.000275131
0.000355548
0.000355548
0.000355339
0.000355339
0.000327566
0.000327566
0.000355621
0.000355621
0.000356025
0.000356025
0.000355818
0.000355818
0.000356404
0.000356404
0.0003577
0.0003577
0.000276283
0.000276283
0.000355475
0.000355475
0.000360279
0.000360279
0.000355601
0.000355601
0.00035556
0.00035556
0.000355628
0.000355628
0.000279265
0.000279265
0.000355637
0.000355637
0.000355659
0.000355659
0.000355428
0.000355428
0.000358146
0.000358146
0.000355553
0.000355553
0.000355493
0.000355493
0.000356011
0.000356011
0.000357257
0.000357257
0.000355632
0.000355632
0.000347833
0.000347833
0.000355161
0.000355161
0.000357521
0.000357521
0.00035523
0.00035523
0.000360728
0.000360728
0.000280142
0.000280142
0.000355528
0.000355528
0.000355361
0.000355361
6.67553e-05
6.67553e-05
0.000351253
0.000351253
0.000354222
0.000354222
0.000358442
0.000358442
0.000355638
0.000355638
0.000283168
0.000283168
0.000355726
0.000355726
0.000355304
0.000355304
0.000328786
0.000328786
0.000357299
0.000357299
0.000356594
0.000356594
0.00027682
0.00027682
0.000355405
0.000355405
0.000357177
0.000357177
0.000356068
0.000356068
0.000287067
0.000287067
0.000355887
0.000355887
0.000355155
0.000355155
0.000355516
0.000355516
0.000356709
0.000356709
0.000355624
0.000355624
0.000291243
0.000291243
0.00035547
0.00035547
0.000355829
0.000355829
0.000356558
0.000356558
0.000356164
0.000356164
0.000339849
0.000339849
0.000280211
0.000280211
0.000359184
0.000359184
0.000360924
0.000360924
0.000357595
0.000357595
0.000355472
0.000355472
0.000357012
0.000357012
0.000276774
0.000276774
0.000355526
0.000355526
0.000355896
0.000355896
0.000356081
0.000356081
0.000355533
0.000355533
0.000356141
0.000356141
0.000355515
0.000355515
0.000283436
0.000283436
0.000355281
0.000355281
0.000355374
0.000355374
0.000329456
0.000329456
0.00035551
0.00035551
0.000271857
0.000271857
0.00035553
0.00035553
0.000359485
0.000359485
0.000355545
0.000355545
0.000355549
0.000355549
0.000355407
0.000355407
0.000355485
0.000355485
0.000355343
0.000355343
0.000356839
0.000356839
0.000355453
0.000355453
0.000356274
0.000356274
0.000355532
0.000355532
0.000355932
0.000355932
0.000355286
0.000355286
0.000355551
0.000355551
0.000353034
0.000353034
0.000356585
0.000356585
0.00035554
0.00035554
0.000355556
0.000355556
0.000355256
0.000355256
0.000283592
0.000283592
0.000355476
0.000355476
0.000355495
0.000355495
0.000355658
0.000355658
0.000355156
0.000355156
0.000277455
0.000277455
0.000359956
0.000359956
0.000355559
0.000355559
0.000274929
0.000274929
0.000355441
0.000355441
0.000356027
0.000356027
0.000355305
0.000355305
0.00035538
0.00035538
0.0003554
0.0003554
0.000351121
0.000351121
0.000343608
0.000343608
0.000358852
0.000358852
0.000356676
0.000356676
0.000360147
0.000360147
0.000357134
0.000357134
0.00035623
0.00035623
0.000353976
0.000353976
0.000355495
0.000355495
0.000357748
0.000357748
0.000357495
0.000357495
0.000355698
0.000355698
0.000355622
0.000355622
0.000355426
0.000355426
0.000356872
0.000356872
0.000355556
0.000355556
0.000278605
0.000278605
0.000358395
0.000358395
0.00035532
0.00035532
0.000281065
0.000281065
0.00035654
0.00035654
0.000357926
0.000357926
0.000355437
0.000355437
0.000355243
0.000355243
0.000356982
0.000356982
0.00035546
0.00035546
0.000280509
0.000280509
0.000355377
0.000355377
0.000355383
0.000355383
0.000360061
0.000360061
0.000355207
0.000355207
0.000355455
0.000355455
0.000355781
0.000355781
0.000349472
0.000349472
0.000355459
0.000355459
0.000355479
0.000355479
0.00035543
0.00035543
0.000358677
0.000358677
0.000355315
0.000355315
0.000355266
0.000355266
0.000354603
0.000354603
0.00035548
0.00035548
0.000279229
0.000279229
0.000355403
0.000355403
0.000355995
0.000355995
0.000355485
0.000355485
0.000355208
0.000355208
0.000356796
0.000356796
0.000329925
0.000329925
0.000278578
0.000278578
0.000355818
0.000355818
0.000350214
0.000350214
0.00035541
0.00035541
0.000356125
0.000356125
6.30236e-05
6.30236e-05
2.72447e-05
2.72447e-05
2.72447e-05
0.000332167
0.000332167
0.000356079
0.000356079
0.000359103
0.000359103
0.000355488
0.000355488
0.000355397
0.000355397
0.000280144
0.000280144
0.000355364
0.000355364
0.000355612
0.000355612
0.000355392
0.000355392
0.000355552
0.000355552
0.000355469
0.000355469
0.000355684
0.000355684
0.000355187
0.000355187
0.000351776
0.000351776
0.000355491
0.000355491
0.00036021
0.00036021
6.59299e-05
6.59299e-05
0.000357716
0.000357716
6.0859e-05
6.0859e-05
0.000355318
0.000355318
0.000355398
0.000355398
0.00035528
0.00035528
0.000359228
0.000359228
0.000355357
0.000355357
0.000355287
0.000355287
0.000357149
0.000357149
0.00027694
0.00027694
0.000279664
0.000279664
0.000356456
0.000356456
0.000266068
0.000266068
0.000340859
0.000340859
0.000275551
0.000275551
0.000355731
0.000355731
0.000268161
0.000268161
0.000355491
0.000355491
0.000356062
0.000356062
0.000358798
0.000358798
0.000355343
0.000355343
0.000355354
0.000355354
0.000355359
0.000355359
0.000355312
0.000355312
0.000355136
0.000355136
0.000355385
0.000355385
0.00035592
0.00035592
0.00035538
0.00035538
0.000279191
0.000279191
0.000355417
0.000355417
0.000356067
0.000356067
0.000357702
0.000357702
0.000355286
0.000355286
0.000355352
0.000355352
0.000355227
0.000355227
0.000355412
0.000355412
0.000355141
0.000355141
0.000285264
0.000285264
0.000356855
0.000356855
0.000336724
0.000336724
0.000358386
0.000358386
0.000268532
0.000268532
0.000356191
0.000356191
0.000355398
0.000355398
0.00035695
0.00035695
0.00028069
0.00028069
0.00035533
0.00035533
0.000355131
0.000355131
0.000357165
0.000357165
0.00035542
0.00035542
0.000355299
0.000355299
0.000358903
0.000358903
0.000357944
0.000357944
0.000328231
0.000328231
0.0003554
0.0003554
0.00035516
0.00035516
0.00034999
0.00034999
0.000356012
0.000356012
0.000355325
0.000355325
0.000265788
0.000265788
0.000347398
0.000347398
0.00035641
0.00035641
0.000274917
0.000274917
0.000355832
0.000355832
0.000355425
0.000355425
0.000355284
0.000355284
0.000269514
0.000269514
0.000358286
0.000358286
0.000280502
0.000280502
6.78219e-05
6.78219e-05
0.000355179
0.000355179
0.000355276
0.000355276
0.0003556
0.0003556
0.000354042
0.000354042
0.000355314
0.000355314
0.000355557
0.000355557
0.000355084
0.000355084
0.000356465
0.000356465
0.000356522
0.000356522
0.000354569
0.000354569
0.000355479
0.000355479
0.000358324
0.000358324
0.000355274
0.000355274
0.000355526
0.000355526
0.000355428
0.000355428
0.00035527
0.00035527
0.000355986
0.000355986
0.000358428
0.000358428
0.000355189
0.000355189
0.000355313
0.000355313
0.000355277
0.000355277
0.000355307
0.000355307
0.000280964
0.000280964
0.000355541
0.000355541
0.000357393
0.000357393
2.4296e-05
2.4296e-05
2.4296e-05
0.000357886
0.000357886
7.43044e-05
7.43044e-05
0.000355328
0.000355328
0.000355287
0.000355287
0.000223746
0.000223746
0.000355028
0.000355028
0.000355331
0.000355331
0.000355256
0.000355256
0.000355672
0.000355672
0.000355064
0.000355064
0.000356988
0.000356988
0.000355427
0.000355427
0.000355027
0.000355027
0.000345813
0.000345813
0.000355909
0.000355909
0.000355352
0.000355352
0.000355014
0.000355014
0.000355192
0.000355192
0.000349511
0.000349511
0.00027148
0.00027148
0.000355514
0.000355514
0.000356366
0.000356366
0.000355354
0.000355354
0.000262933
0.000262933
0.000355034
0.000355034
0.000355361
0.000355361
0.000351725
0.000351725
0.000355279
0.000355279
0.000355115
0.000355115
0.000355242
0.000355242
0.000357223
0.000357223
0.000355086
0.000355086
0.000354963
0.000354963
0.000356651
0.000356651
0.000355186
0.000355186
0.00026072
0.00026072
0.000358565
0.000358565
0.000355076
0.000355076
7.73576e-05
7.73576e-05
0.000355341
0.000355341
0.000265454
0.000265454
0.000355099
0.000355099
0.000355609
0.000355609
0.000263302
0.000263302
0.000355227
0.000355227
0.000355249
0.000355249
0.000355365
0.000355365
0.00035837
0.00035837
0.000355425
0.000355425
0.000355472
0.000355472
0.000355173
0.000355173
0.000355636
0.000355636
7.24045e-05
7.24045e-05
0.000356019
0.000356019
0.00035711
0.00035711
0.000357314
0.000357314
0.000357591
0.000357591
0.000355753
0.000355753
0.000354968
0.000354968
0.00035602
0.00035602
0.000355166
0.000355166
0.000264145
0.000264145
0.000355104
0.000355104
0.00033198
0.00033198
0.000355245
0.000355245
0.00035523
0.00035523
0.000356661
0.000356661
0.000353955
0.000353955
0.000355264
0.000355264
0.000356482
0.000356482
0.000355261
0.000355261
0.000260274
0.000260274
0.000357555
0.000357555
1.80599e-05
1.80599e-05
1.80599e-05
0.000340562
0.000340562
0.000355369
0.000355369
0.000354481
0.000354481
0.000355239
0.000355239
0.000355101
0.000355101
0.000278649
0.000278649
0.000265444
0.000265444
0.000355949
0.000355949
0.000355153
0.000355153
0.000279362
0.000279362
0.00035617
0.00035617
0.000355166
0.000355166
0.000356096
0.000356096
0.000356323
0.000356323
0.000357009
0.000357009
0.000355275
0.000355275
0.000355089
0.000355089
0.000355685
0.000355685
0.000355216
0.000355216
0.000354688
0.000354688
0.000355298
0.000355298
0.000356063
0.000356063
0.000355501
0.000355501
0.000354712
0.000354712
0.000355278
0.000355278
0.000355371
0.000355371
0.000335835
0.000335835
3.70699e-05
3.70699e-05
0.000355484
0.000355484
0.00033608
0.00033608
7.64174e-05
7.64174e-05
0.00035529
0.00035529
0.00035507
0.00035507
0.000355302
0.000355302
0.000354929
0.000354929
0.000355808
0.000355808
0.00035466
0.00035466
0.000355199
0.000355199
3.0968e-05
3.0968e-05
3.0968e-05
0.000354722
0.000354722
0.000355447
0.000355447
3.18588e-05
3.18588e-05
3.18588e-05
0.000354911
0.000354911
2.74002e-05
2.74002e-05
2.74002e-05
0.00035502
0.00035502
0.000355561
0.000355561
0.000277831
0.000277831
0.000351861
0.000351861
0.000354724
0.000354724
0.000357792
0.000357792
0.00034938
0.00034938
0.000355309
0.000355309
0.000356137
0.000356137
0.000355126
0.000355126
0.000355201
0.000355201
0.00035164
0.00035164
0.000355079
0.000355079
0.000354719
0.000354719
0.000269563
0.000269563
0.000355197
0.000355197
0.000355972
0.000355972
0.000259572
0.000259572
0.000355176
0.000355176
0.000355213
0.000355213
0.000355407
0.000355407
0.000344018
0.000344018
0.00035575
0.00035575
0.000355215
0.000355215
0.00035461
0.00035461
0.000354706
0.000354706
0.000355178
0.000355178
0.000355364
0.000355364
0.000355045
0.000355045
0.000274741
0.000274741
0.00026594
0.00026594
0.000354273
0.000354273
0.000355783
0.000355783
0.000355313
0.000355313
0.00035216
0.00035216
0.000354686
0.000354686
0.000354283
0.000354283
0.000351402
0.000351402
0.000354229
0.000354229
0.000355433
0.000355433
0.000355454
0.000355454
0.000355074
0.000355074
0.000355163
0.000355163
0.000353871
0.000353871
0.000354258
0.000354258
0.000355507
0.000355507
0.000354285
0.000354285
0.00035606
0.00035606
0.000355828
0.000355828
0.000358803
0.000358803
0.000357022
0.000357022
0.00027644
0.00027644
0.000354661
0.000354661
0.000354405
0.000354405
0.000355626
0.000355626
0.000355236
0.000355236
0.000356976
0.000356976
0.000355477
0.000355477
0.00035524
0.00035524
0.000355224
0.000355224
0.000354281
0.000354281
0.000355095
0.000355095
0.000356603
0.000356603
0.000355854
0.000355854
0.000356774
0.000356774
3.77995e-05
3.77995e-05
0.00035293
0.00035293
0.000351566
0.000351566
0.000355249
0.000355249
0.000354269
0.000354269
0.000355313
0.000355313
0.000281137
0.000281137
0.000280917
0.000280917
0.000266274
0.000266274
0.000354212
0.000354212
0.000354245
0.000354245
0.000355396
0.000355396
0.000331673
0.000331673
0.000340396
0.000340396
0.000354245
0.000354245
0.000359004
0.000359004
0.000280563
0.000280563
0.000355014
0.000355014
0.000354547
0.000354547
0.000355781
0.000355781
0.000357462
0.000357462
0.000355355
0.000355355
0.000355568
0.000355568
0.000355137
0.000355137
0.000347418
0.000347418
0.000355156
0.000355156
0.000355152
0.000355152
0.000355253
0.000355253
0.000354215
0.000354215
0.000356239
0.000356239
0.000354844
0.000354844
0.000354631
0.000354631
0.000360108
0.000360108
0.000358151
0.000358151
0.000355124
0.000355124
0.000356099
0.000356099
0.000355308
0.000355308
0.000352395
0.000352395
0.000355165
0.000355165
0.000354158
0.000354158
0.000352361
0.000352361
0.000260089
0.000260089
0.000354935
0.000354935
0.000350192
0.000350192
0.000355833
0.000355833
0.000355059
0.000355059
0.000347062
0.000347062
0.000349287
0.000349287
0.000355673
0.000355673
0.000351584
0.000351584
0.000354181
0.000354181
0.00035233
0.00035233
0.000355167
0.000355167
0.000355258
0.000355258
7.61142e-05
7.61142e-05
0.000355435
0.000355435
0.000352297
0.000352297
0.000354979
0.000354979
6.43155e-05
6.43155e-05
0.000355189
0.000355189
0.000352256
0.000352256
0.000332212
0.000332212
0.00035434
0.00035434
0.000352407
0.000352407
0.000345057
0.000345057
0.00035518
0.00035518
0.00035562
0.00035562
0.000355121
0.000355121
0.000352211
0.000352211
0.000355388
0.000355388
6.47423e-05
6.47423e-05
6.38765e-05
6.38765e-05
0.000354598
0.000354598
0.000355193
0.000355193
0.000355783
0.000355783
0.000285616
0.000285616
0.000355255
0.000355255
0.000353802
0.000353802
0.000350333
0.000350333
0.000352167
0.000352167
0.00035248
0.00035248
6.54746e-05
6.54746e-05
0.000355094
0.000355094
0.000312302
0.000312302
0.000352404
0.000352404
0.000355107
0.000355107
0.000355342
0.000355342
0.000355082
0.000355082
0.000354335
0.000354335
0.000355305
0.000355305
2.14121e-05
2.14121e-05
2.14121e-05
2.03774e-05
2.03774e-05
2.03774e-05
0.000357766
0.000357766
0.000354778
0.000354778
0.000354144
0.000354144
0.000356543
0.000356543
0.000350299
0.000350299
0.000355021
0.000355021
0.00035511
0.00035511
0.000354042
0.000354042
0.000355482
0.000355482
0.000356529
0.000356529
0.000355373
0.000355373
0.000348685
0.000348685
0.0003552
0.0003552
0.000350266
0.000350266
6.34947e-05
6.34947e-05
0.000343974
0.000343974
0.000355336
0.000355336
0.000355266
0.000355266
0.000355687
0.000355687
0.000350227
0.000350227
0.000350374
0.000350374
0.000354941
0.000354941
0.000353883
0.000353883
0.00034487
0.00034487
0.000340347
0.000340347
0.000350166
0.000350166
0.000355379
0.000355379
2.67022e-05
2.67022e-05
2.67022e-05
0.000331507
0.000331507
0.000352356
0.000352356
0.000352124
0.000352124
6.86567e-05
6.86567e-05
0.000354563
0.000354563
0.000350105
0.000350105
6.36998e-05
6.36998e-05
6.54134e-05
6.54134e-05
0.000355199
0.000355199
0.000341713
0.000341713
0.000355645
0.000355645
0.000355288
0.000355288
0.000355783
0.000355783
0.000356324
0.000356324
0.000354737
0.000354737
0.00035522
0.00035522
0.000280408
0.000280408
0.00035513
0.00035513
0.000355118
0.000355118
2.98186e-05
2.98186e-05
2.98186e-05
9.10665e-05
9.10665e-05
0.000354105
0.000354105
6.88774e-05
6.88774e-05
0.000349233
0.000349233
0.000355134
0.000355134
0.00033512
0.00033512
0.000350045
0.000350045
0.000356186
0.000356186
0.000350335
0.000350335
0.000350446
0.000350446
0.000351545
0.000351545
0.000357539
0.000357539
0.000355279
0.000355279
0.000355142
0.000355142
0.000265396
0.000265396
0.000281728
0.000281728
0.000355244
0.000355244
0.000355206
0.000355206
0.000350385
0.000350385
0.000355516
0.000355516
0.000350555
0.000350555
0.000355074
0.000355074
0.00034189
0.00034189
7.60621e-05
7.60621e-05
0.000352084
0.000352084
0.000355051
0.000355051
0.00035498
0.00035498
9.04166e-05
9.04166e-05
0.000341772
0.000341772
0.000355039
0.000355039
0.000259727
0.000259727
6.24913e-05
6.24913e-05
0.000354964
0.000354964
0.000268659
0.000268659
0.000354901
0.000354901
0.000341669
0.000341669
0.000352178
0.000352178
0.000355163
0.000355163
0.000355676
0.000355676
0.000355141
0.000355141
0.000342059
0.000342059
0.00035517
0.00035517
0.000341562
0.000341562
0.000354525
0.000354525
0.000277257
0.000277257
0.000334401
0.000334401
0.000354925
0.000354925
0.000341464
0.000341464
0.00035581
0.00035581
0.000353704
0.000353704
0.000355415
0.000355415
0.000352137
0.000352137
0.000271543
0.000271543
0.000354992
0.000354992
0.000349989
0.000349989
0.000355406
0.000355406
2.62846e-05
2.62846e-05
2.62846e-05
2.47689e-05
2.47689e-05
2.47689e-05
0.000355063
0.000355063
0.000354064
0.000354064
0.000341383
0.000341383
0.000279176
0.000279176
0.000355639
0.000355639
0.000354184
0.000354184
0.000350285
0.000350285
0.000316988
0.000316988
9.0578e-05
9.0578e-05
0.000354313
0.000354313
0.000352046
0.000352046
0.000355066
0.000355066
0.000356147
0.000356147
0.000354522
0.000354522
0.000354467
0.000354467
0.00035455
0.00035455
0.000342371
0.000342371
0.000355115
0.000355115
0.000333451
0.000333451
0.00035591
0.00035591
0.00035492
0.00035492
0.000355115
0.000355115
0.00034036
0.00034036
0.000331434
0.000331434
0.000355523
0.000355523
0.000341318
0.000341318
0.000355084
0.000355084
0.00033334
0.00033334
3.00565e-05
3.00565e-05
3.00565e-05
0.000355077
0.000355077
0.000333252
0.000333252
0.000354529
0.000354529
0.000333165
0.000333165
0.000354849
0.000354849
6.51933e-05
6.51933e-05
0.000346625
0.000346625
0.000273581
0.000273581
8.09025e-05
8.09025e-05
0.000355084
0.000355084
0.000354885
0.000354885
0.000333041
0.000333041
2.9817e-05
2.9817e-05
2.9817e-05
0.0002755
0.0002755
0.000349936
0.000349936
0.000351193
0.000351193
0.000342413
0.000342413
0.000332924
0.000332924
0.000333651
0.000333651
0.000356144
0.000356144
0.000354939
0.000354939
0.000339755
0.000339755
0.000349156
0.000349156
0.000342422
0.000342422
0.000323765
0.000323765
0.000354487
0.000354487
0.000355431
0.000355431
0.000354859
0.000354859
0.000342805
0.000342805
0.000351422
0.000351422
0.000323138
0.000323138
0.000354811
0.000354811
0.000352499
0.000352499
7.61051e-05
7.61051e-05
0.000354498
0.000354498
8.81374e-05
8.81374e-05
0.000354996
0.000354996
0.00035501
0.00035501
0.00035506
0.00035506
0.000354023
0.000354023
0.000352659
0.000352659
0.000332818
0.000332818
0.000354459
0.000354459
0.000272379
0.000272379
0.000355063
0.000355063
0.000349769
0.000349769
0.000352507
0.000352507
0.000354571
0.000354571
0.000355023
0.000355023
0.000341268
0.000341268
3.24149e-05
3.24149e-05
3.24149e-05
0.000355008
0.000355008
0.00035201
0.00035201
0.00026876
0.00026876
0.000355659
0.000355659
0.000352587
0.000352587
0.000323112
0.000323112
0.000354423
0.000354423
3.26611e-05
3.26611e-05
3.26611e-05
0.000334005
0.000334005
0.000352503
0.000352503
0.000282887
0.000282887
3.30503e-05
3.30503e-05
3.30503e-05
0.000314968
0.000314968
0.000349886
0.000349886
0.000354592
0.000354592
0.000282125
0.000282125
0.000342334
0.000342334
0.000350824
0.000350824
0.000355008
0.000355008
6.05554e-05
6.05554e-05
0.000350521
0.000350521
0.000352558
0.000352558
0.000350685
0.000350685
0.000332725
0.000332725
0.000355029
0.000355029
3.21835e-05
3.21835e-05
3.21835e-05
0.000350469
0.000350469
0.000355319
0.000355319
0.000333938
0.000333938
0.000354769
0.000354769
0.000355614
0.000355614
0.000334042
0.000334042
0.000355027
0.000355027
0.000355019
0.000355019
0.000353455
0.000353455
0.000349377
0.000349377
0.000353296
0.000353296
0.000355501
0.000355501
3.17036e-05
3.17036e-05
3.17036e-05
3.35942e-05
3.35942e-05
3.35942e-05
0.00027873
0.00027873
0.00033493
0.00033493
0.000342733
0.000342733
2.97343e-05
2.97343e-05
2.97343e-05
0.000355004
0.000355004
0.000350622
0.000350622
6.00149e-05
6.00149e-05
0.000354383
0.000354383
0.000341233
0.000341233
0.000350511
0.000350511
0.000355962
0.000355962
5.84577e-05
5.84577e-05
3.8653e-05
3.8653e-05
3.8653e-05
0.000342126
0.000342126
0.000352503
0.000352503
8.50831e-05
8.50831e-05
2.37517e-05
2.37517e-05
2.37517e-05
2.59117e-05
2.59117e-05
2.59117e-05
0.000340316
0.000340316
0.000276786
0.000276786
0.000334044
0.000334044
0.00033139
0.00033139
0.000354448
0.000354448
0.000355004
0.000355004
0.000354817
0.000354817
0.000352546
0.000352546
0.000354575
0.000354575
0.000354952
0.000354952
3.39314e-05
3.39314e-05
3.39314e-05
0.000354974
0.000354974
3.06109e-05
3.06109e-05
3.06109e-05
3.19759e-05
3.19759e-05
3.19759e-05
0.000355414
0.000355414
0.000350515
0.000350515
0.00027061
0.00027061
3.71697e-05
3.71697e-05
3.71697e-05
0.000354897
0.000354897
0.000333935
0.000333935
0.000353982
0.000353982
7.77774e-05
7.77774e-05
0.000341525
0.000341525
7.7629e-05
7.7629e-05
0.000354722
0.000354722
7.62036e-05
7.62036e-05
0.000277272
0.000277272
0.000264115
0.000264115
7.75115e-05
7.75115e-05
0.000355658
0.000355658
6.7904e-05
6.7904e-05
0.000350608
0.000350608
0.000351977
0.000351977
6.43925e-05
6.43925e-05
7.7415e-05
7.7415e-05
0.000342121
0.000342121
7.73448e-05
7.73448e-05
0.000343579
0.000343579
6.68481e-05
6.68481e-05
7.73215e-05
7.73215e-05
0.000332645
0.000332645
0.000335075
0.000335075
0.000333893
0.000333893
0.000335672
0.000335672
4.6616e-05
4.6616e-05
4.6616e-05
3.75481e-05
3.75481e-05
3.75481e-05
7.73191e-05
7.73191e-05
0.000354965
0.000354965
0.000348766
0.000348766
0.00035434
0.00035434
0.000354953
0.000354953
0.000342075
0.000342075
0.00034984
0.00034984
0.000341587
0.000341587
0.000354673
0.000354673
0.000355767
0.000355767
0.000354949
0.000354949
7.80813e-05
7.80813e-05
0.000341696
0.000341696
0.000258062
0.000258062
0.000352531
0.000352531
0.00035097
0.00035097
0.000354973
0.000354973
0.000350693
0.000350693
0.000354033
0.000354033
2.96216e-05
2.96216e-05
2.96216e-05
0.000266759
0.000266759
7.73329e-05
7.73329e-05
0.000355855
0.000355855
0.000355817
0.000355817
0.000354897
0.000354897
0.000341211
0.000341211
0.000350593
0.000350593
0.000333569
0.000333569
0.000342209
0.000342209
0.000354292
0.000354292
3.98853e-05
3.98853e-05
3.98853e-05
0.000347172
0.000347172
0.000352471
0.000352471
0.000337533
0.000337533
7.69546e-05
7.69546e-05
0.00032184
0.00032184
0.000333965
0.000333965
0.000341553
0.000341553
0.000350503
0.000350503
0.000354623
0.000354623
7.82447e-05
7.82447e-05
0.000354915
0.000354915
0.000354408
0.000354408
7.82772e-05
7.82772e-05
0.000352512
0.000352512
0.00035559
0.00035559
8.42361e-05
8.42361e-05
0.000334195
0.000334195
0.000354586
0.000354586
0.000354533
0.000354533
7.73622e-05
7.73622e-05
0.000333475
0.000333475
0.000354854
0.000354854
0.000353941
0.000353941
7.8459e-05
7.8459e-05
0.000354894
0.000354894
0.000332578
0.000332578
0.000333653
0.000333653
0.000354243
0.000354243
3.24161e-05
3.24161e-05
3.24161e-05
0.000354908
0.000354908
0.000307686
0.000307686
0.000354774
0.000354774
0.000355458
0.000355458
0.000354843
0.000354843
0.000333448
0.000333448
0.000273242
0.000273242
0.00035496
0.00035496
0.000265681
0.000265681
0.000355366
0.000355366
0.000331462
0.000331462
0.000350573
0.000350573
3.40784e-05
3.40784e-05
3.40784e-05
8.05385e-05
8.05385e-05
7.74185e-05
7.74185e-05
3.96332e-05
3.96332e-05
3.96332e-05
0.000351947
0.000351947
6.77828e-05
6.77828e-05
0.000354829
0.000354829
0.000342281
0.000342281
0.000263242
0.000263242
7.63324e-05
7.63324e-05
2.94831e-05
2.94831e-05
2.94831e-05
0.000309667
0.000309667
0.000354572
0.000354572
0.00035515
0.00035515
0.000355813
0.000355813
0.000271915
0.000271915
0.000348726
0.000348726
0.000351578
0.000351578
7.86816e-05
7.86816e-05
0.000352488
0.000352488
0.000331102
0.000331102
0.000354521
0.000354521
0.000354805
0.000354805
0.000334001
0.000334001
0.000354785
0.000354785
0.000349799
0.000349799
0.000339709
0.000339709
0.000329096
0.000329096
7.74063e-05
7.74063e-05
0.000354192
0.000354192
0.000354729
0.000354729
0.000335485
0.000335485
0.000354368
0.000354368
0.000261621
0.000261621
3.07789e-05
3.07789e-05
3.07789e-05
0.000341476
0.000341476
6.3883e-05
6.3883e-05
3.0801e-05
3.0801e-05
3.0801e-05
0.000352461
0.000352461
3.08296e-05
3.08296e-05
3.08296e-05
0.000354142
0.000354142
0.000352379
0.000352379
3.08423e-05
3.08423e-05
3.08423e-05
0.000350548
0.000350548
7.76146e-05
7.76146e-05
3.08398e-05
3.08398e-05
3.08398e-05
0.000354457
0.000354457
0.000338312
0.000338312
7.88866e-05
7.88866e-05
3.08256e-05
3.08256e-05
3.08256e-05
3.08008e-05
3.08008e-05
3.08008e-05
0.000353899
0.000353899
0.000355691
0.000355691
0.000354086
0.000354086
0.000350412
0.000350412
0.000341203
0.000341203
0.000354676
0.000354676
0.000333411
0.000333411
0.000280495
0.000280495
2.50098e-05
2.50098e-05
2.50098e-05
2.31171e-05
2.31171e-05
2.31171e-05
3.07627e-05
3.07627e-05
3.07627e-05
0.000351918
0.000351918
0.000342348
0.000342348
0.000352432
0.000352432
7.68348e-05
7.68348e-05
0.00035465
0.00035465
6.73201e-05
6.73201e-05
7.75727e-05
7.75727e-05
0.00035432
0.00035432
0.0003524
0.0003524
7.69355e-05
7.69355e-05
7.8653e-05
7.8653e-05
0.000346663
0.000346663
0.000255947
0.000255947
3.07117e-05
3.07117e-05
3.07117e-05
7.68092e-05
7.68092e-05
0.000350518
0.000350518
2.93243e-05
2.93243e-05
2.93243e-05
0.000327741
0.000327741
0.000354281
0.000354281
0.000352352
0.000352352
0.00034934
0.00034934
0.000353855
0.000353855
3.07273e-05
3.07273e-05
3.07273e-05
3.06003e-05
3.06003e-05
3.06003e-05
0.000334027
0.000334027
0.000350485
0.000350485
3.0466e-05
3.0466e-05
3.0466e-05
0.000354437
0.000354437
7.74643e-05
7.74643e-05
0.000353976
0.000353976
0.000332523
0.000332523
3.33135e-05
3.33135e-05
3.33135e-05
2.91388e-05
2.91388e-05
2.91388e-05
3.09765e-05
3.09765e-05
3.09765e-05
7.77536e-05
7.77536e-05
0.000347048
0.000347048
0.000321559
0.000321559
0.000354877
0.000354877
0.000350406
0.000350406
0.000350449
0.000350449
0.00035558
0.00035558
0.000330159
0.000330159
0.00035189
0.00035189
0.000355408
0.000355408
0.000354193
0.000354193
3.03216e-05
3.03216e-05
3.03216e-05
0.000355355
0.000355355
0.000339503
0.000339503
0.000349761
0.000349761
7.63868e-05
7.63868e-05
0.000354458
0.000354458
3.06488e-05
3.06488e-05
3.06488e-05
0.000355299
0.000355299
0.000278102
0.000278102
3.17705e-05
3.17705e-05
3.17705e-05
6.36855e-05
6.36855e-05
0.000351812
0.000351812
0.000353774
0.000353774
0.000352182
0.000352182
0.000342552
0.000342552
3.12155e-05
3.12155e-05
3.12155e-05
0.00034251
0.00034251
3.26082e-05
3.26082e-05
3.26082e-05
7.64528e-05
7.64528e-05
7.59308e-05
7.59308e-05
0.000350303
0.000350303
0.000354765
0.000354765
0.000352209
0.000352209
0.000351854
0.000351854
0.000354941
0.000354941
0.000342574
0.000342574
7.67589e-05
7.67589e-05
0.000349723
0.000349723
3.76524e-05
3.76524e-05
3.76524e-05
3.53536e-05
3.53536e-05
3.53536e-05
0.00031007
0.00031007
3.01464e-05
3.01464e-05
3.01464e-05
0.000342409
0.000342409
7.71804e-05
7.71804e-05
0.000353494
0.000353494
0.000355524
0.000355524
0.000341209
0.000341209
0.000350207
0.000350207
0.000342462
0.000342462
0.000341288
0.000341288
0.000253036
0.000253036
0.000355223
0.000355223
3.05748e-05
3.05748e-05
3.05748e-05
2.98802e-05
2.98802e-05
2.98802e-05
0.000353404
0.000353404
3.15322e-05
3.15322e-05
3.15322e-05
2.9143e-05
2.9143e-05
2.9143e-05
0.000354631
0.000354631
0.000334069
0.000334069
0.000334071
0.000334071
3.24537e-05
3.24537e-05
3.24537e-05
0.000351732
0.000351732
3.11222e-05
3.11222e-05
3.11222e-05
7.78944e-05
7.78944e-05
0.000354293
0.000354293
0.000355514
0.000355514
3.16185e-05
3.16185e-05
3.16185e-05
7.73134e-05
7.73134e-05
0.000349684
0.000349684
3.15139e-05
3.15139e-05
3.15139e-05
0.000355665
0.000355665
0.000342479
0.000342479
3.12801e-05
3.12801e-05
3.12801e-05
0.000351311
0.000351311
0.000333255
0.000333255
0.000349821
0.000349821
7.57833e-05
7.57833e-05
0.000341223
0.000341223
0.000355106
0.000355106
2.8723e-05
2.8723e-05
2.8723e-05
2.84509e-05
2.84509e-05
2.84509e-05
0.000354114
0.000354114
0.000250603
0.000250603
0.000334048
0.000334048
0.000354406
0.000354406
0.000349562
0.000349562
0.000354228
0.000354228
0.00033402
0.00033402
0.000334067
0.000334067
3.15596e-05
3.15596e-05
3.15596e-05
0.000351761
0.000351761
0.000351971
0.000351971
0.000349606
0.000349606
0.000354573
0.000354573
0.000351035
0.000351035
0.00033136
0.00033136
6.65691e-05
6.65691e-05
3.16762e-05
3.16762e-05
3.16762e-05
0.000341724
0.000341724
0.000355193
0.000355193
0.000340202
0.000340202
0.000329405
0.000329405
0.000355278
0.000355278
7.84866e-05
7.84866e-05
3.10062e-05
3.10062e-05
3.10062e-05
0.000351684
0.000351684
0.000340948
0.000340948
7.86422e-05
7.86422e-05
0.000353885
0.000353885
7.75366e-05
7.75366e-05
3.04895e-05
3.04895e-05
3.04895e-05
0.000333669
0.000333669
0.000347411
0.000347411
0.00034923
0.00034923
0.000341241
0.000341241
2.97661e-05
2.97661e-05
2.97661e-05
2.9983e-05
2.9983e-05
2.9983e-05
0.000332484
0.000332484
7.73671e-05
7.73671e-05
7.83349e-05
7.83349e-05
7.87989e-05
7.87989e-05
0.000337963
0.000337963
0.000336455
0.000336455
0.000347179
0.000347179
0.000351314
0.000351314
0.000341257
0.000341257
6.33933e-05
6.33933e-05
3.07073e-05
3.07073e-05
3.07073e-05
0.000349898
0.000349898
0.000331755
0.000331755
0.000349184
0.000349184
7.66738e-05
7.66738e-05
3.15654e-05
3.15654e-05
3.15654e-05
0.000349503
0.000349503
0.000353497
0.000353497
0.00033406
0.00033406
0.00035075
0.00035075
0.000332431
0.000332431
0.000340004
0.000340004
0.000353323
0.000353323
7.89225e-05
7.89225e-05
3.01026e-05
3.01026e-05
3.01026e-05
0.000341191
0.000341191
7.36947e-05
7.36947e-05
0.000332455
0.000332455
3.02598e-05
3.02598e-05
3.02598e-05
0.00033186
0.00033186
3.04255e-05
3.04255e-05
3.04255e-05
7.80397e-05
7.80397e-05
3.08772e-05
3.08772e-05
3.08772e-05
0.000350378
0.000350378
3.04288e-05
3.04288e-05
3.04288e-05
0.000349044
0.000349044
7.76308e-05
7.76308e-05
0.000340588
0.000340588
0.000332872
0.000332872
3.00885e-05
3.00885e-05
3.00885e-05
7.87911e-05
7.87911e-05
0.000337305
0.000337305
7.7721e-05
7.7721e-05
7.78314e-05
7.78314e-05
3.0173e-05
3.0173e-05
3.0173e-05
0.000340483
0.000340483
2.89129e-05
2.89129e-05
2.89129e-05
0.000339937
0.000339937
2.9907e-05
2.9907e-05
2.9907e-05
0.000323271
0.000323271
0.00034832
0.00034832
0.000330286
0.000330286
3.01182e-05
3.01182e-05
3.01182e-05
3.1479e-05
3.1479e-05
3.1479e-05
7.66269e-05
7.66269e-05
7.65903e-05
7.65903e-05
7.81867e-05
7.81867e-05
7.79729e-05
7.79729e-05
3.05849e-05
3.05849e-05
3.05849e-05
2.96843e-05
2.96843e-05
2.96843e-05
0.000336157
0.000336157
0.000339346
0.000339346
0.000346392
0.000346392
0.000332413
0.000332413
3.00622e-05
3.00622e-05
3.00622e-05
2.91993e-05
2.91993e-05
2.91993e-05
7.69859e-05
7.69859e-05
0.000322822
0.000322822
0.00033837
0.00033837
0.000334965
0.000334965
0.000332368
0.000332368
0.000332297
0.000332297
0.000345913
0.000345913
0.000332087
0.000332087
2.99528e-05
2.99528e-05
2.99528e-05
7.81355e-05
7.81355e-05
0.00033047
0.00033047
3.23561e-05
3.23561e-05
3.23561e-05
7.67999e-05
7.67999e-05
2.9936e-05
2.9936e-05
2.9936e-05
7.63037e-05
7.63037e-05
0.00032158
0.00032158
0.000327778
0.000327778
2.9598e-05
2.9598e-05
2.9598e-05
5.83289e-05
5.83289e-05
2.71359e-05
2.71359e-05
2.71359e-05
2.71359e-05
2.76505e-05
2.76505e-05
2.76505e-05
2.76505e-05
7.05652e-05
7.05652e-05
2.9519e-05
2.9519e-05
2.9519e-05
2.99077e-05
2.99077e-05
2.99077e-05
7.80884e-05
7.80884e-05
3.07362e-05
3.07362e-05
3.07362e-05
7.7955e-05
7.7955e-05
3.00461e-05
3.00461e-05
3.00461e-05
3.02886e-05
3.02886e-05
3.02886e-05
7.82019e-05
7.82019e-05
2.97536e-05
2.97536e-05
2.97536e-05
3.03939e-05
3.03939e-05
3.03939e-05
7.76224e-05
7.76224e-05
7.65992e-05
7.65992e-05
3.088e-05
3.088e-05
3.088e-05
3.15368e-05
3.15368e-05
3.15368e-05
3.04869e-05
3.04869e-05
3.04869e-05
7.67019e-05
7.67019e-05
3.11662e-05
3.11662e-05
3.11662e-05
7.65698e-05
7.65698e-05
2.89226e-05
2.89226e-05
2.89226e-05
2.62251e-05
2.62251e-05
2.62251e-05
2.64058e-05
2.64058e-05
2.64058e-05
7.64717e-05
7.64717e-05
2.91411e-05
2.91411e-05
2.91411e-05
2.95596e-05
2.95596e-05
2.95596e-05
7.8103e-05
7.8103e-05
3.13626e-05
3.13626e-05
3.13626e-05
0.000320343
0.000320343
0.000282267
0.000282267
0.000329805
0.000329805
0.000331562
0.000331562
0.000330748
0.000330748
7.63584e-05
7.63584e-05
2.84414e-05
2.84414e-05
2.84414e-05
0.000280054
0.000280054
0.000337615
0.000337615
0.00026698
0.00026698
2.60781e-05
2.60781e-05
2.60781e-05
0.000321834
0.000321834
0.000355636
0.000355636
0.000328042
0.000328042
0.000322634
0.000322634
7.51096e-05
7.51096e-05
6.64302e-05
6.64302e-05
0.000282505
0.000282505
0.000272612
0.000272612
3.00851e-05
3.00851e-05
3.00851e-05
2.55749e-05
2.55749e-05
2.55749e-05
3.08052e-05
3.08052e-05
3.08052e-05
0.000355576
0.000355576
0.00023651
0.00023651
0.00028036
0.00028036
0.000355818
0.000355818
3.21007e-05
3.21007e-05
3.21007e-05
0.000323959
0.000323959
0.000355853
0.000355853
0.000279335
0.000279335
1.60972e-05
1.60972e-05
1.60972e-05
1.91043e-05
1.91043e-05
1.91043e-05
3.06077e-05
3.06077e-05
3.06077e-05
2.97026e-05
2.97026e-05
2.97026e-05
3.46136e-05
3.46136e-05
3.46136e-05
3.1597e-05
3.1597e-05
3.1597e-05
2.94621e-05
2.94621e-05
2.94621e-05
2.82942e-05
2.82942e-05
2.82942e-05
0.000280135
0.000280135
6.06715e-05
6.06715e-05
0.000268868
0.000268868
2.20107e-05
2.20107e-05
2.20107e-05
1.75983e-05
1.75983e-05
1.75983e-05
1.93777e-05
1.93777e-05
1.93777e-05
6.24559e-05
6.24559e-05
0.000356129
0.000356129
0.000355532
0.000355532
2.45495e-05
2.45495e-05
2.45495e-05
1.43201e-05
1.43201e-05
1.43201e-05
1.62743e-05
1.62743e-05
1.62743e-05
0.000274298
0.000274298
0.00027838
0.00027838
4.89719e-05
4.89719e-05
0.000287394
0.000287394
0.000282585
0.000282585
0.000329266
0.000329266
0.000228757
0.000228757
6.52838e-05
6.52838e-05
2.36477e-05
2.36477e-05
2.36477e-05
7.27744e-05
7.27744e-05
6.02447e-05
6.02447e-05
7.55985e-05
7.55985e-05
5.50464e-05
5.50464e-05
6.52601e-05
6.52601e-05
5.53715e-05
5.53715e-05
2.66447e-05
2.66447e-05
2.66447e-05
2.62479e-05
2.62479e-05
2.62479e-05
0.000279065
0.000279065
0.000356212
0.000356212
0.000305469
0.000305469
0.000282769
0.000282769
3.78732e-05
3.78732e-05
6.01593e-05
6.01593e-05
4.89581e-05
4.89581e-05
0.000307702
0.000307702
0.000304022
0.000304022
6.25227e-05
6.25227e-05
0.000356181
0.000356181
0.000314593
0.000314593
0.000316671
0.000316671
0.000333224
0.000333224
2.39206e-05
2.39206e-05
2.39206e-05
0.000292083
0.000292083
0.000325219
0.000325219
0.000279652
0.000279652
6.50474e-05
6.50474e-05
0.000360069
0.000360069
0.00029609
0.00029609
0.000356127
0.000356127
2.05083e-05
2.05083e-05
2.05083e-05
0.000318941
0.000318941
0.000359489
0.000359489
0.000315057
0.000315057
4.41645e-05
4.41645e-05
2.08277e-05
2.08277e-05
2.08277e-05
0.000343689
0.000343689
0.00035603
0.00035603
0.000358967
0.000358967
0.000250243
0.000250243
0.000265545
0.000265545
2.96751e-05
2.96751e-05
2.96751e-05
0.000355953
0.000355953
0.000352667
0.000352667
0.000275899
0.000275899
0.000359859
0.000359859
0.000355858
0.000355858
6.85221e-05
6.85221e-05
0.000355786
0.000355786
0.000359647
0.000359647
0.000325772
0.000325772
0.000355636
0.000355636
0.000334572
0.000334572
0.000308755
0.000308755
0.000318563
0.000318563
2.00707e-05
2.00707e-05
2.00707e-05
0.000355685
0.000355685
5.73437e-05
5.73437e-05
2.76219e-05
2.76219e-05
2.76219e-05
0.000359209
0.000359209
)
;
    }
}


// ************************************************************************* //
