/*--------------------------------*- C++ -*----------------------------------*\
  =========                 |
  \\      /  F ield         | OpenFOAM: The Open Source CFD Toolbox
   \\    /   O peration     | Website:  https://openfoam.org
    \\  /    A nd           | Version:  8
     \\/     M anipulation  |
\*---------------------------------------------------------------------------*/
FoamFile
{
    version     2.0;
    format      ascii;
    class       volScalarField;
    location    "0.35";
    object      nut;
}
// * * * * * * * * * * * * * * * * * * * * * * * * * * * * * * * * * * * * * //

dimensions      [0 2 -1 0 0 0 0];

internalField   nonuniform List<scalar> 
1924
(
0.00242191
0.0025153
0.00259899
0.00258531
0.00251979
0.00255626
0.00254197
0.00251661
0.00251671
0.00261104
0.00251563
0.00253029
0.00198178
0.00254834
0.00255325
0.00253126
0.0020058
0.00255923
0.00237065
0.00257162
0.00174763
0.00228204
0.00227145
0.00257653
0.00230271
0.00227218
0.002293
0.00258797
0.00247604
0.00251172
0.00220257
0.00228119
0.00229261
0.00210235
0.00259836
0.00232963
0.00223233
0.00254428
0.00244004
0.00212395
0.00223989
0.00183356
0.00225033
0.00224871
0.00252754
0.00230146
0.00244744
0.00258776
0.00166182
0.00164483
0.00245711
0.00186542
0.00229344
0.00243081
0.00204832
0.00260978
0.002375
0.00257193
0.00257791
0.00244641
0.00235902
0.00252712
0.00233847
0.00241128
0.00238858
0.00259837
0.00254415
0.00233895
0.00242568
0.00242736
0.00170456
0.00252594
0.00238606
0.00253123
0.00252087
0.00193238
0.00259819
0.00253952
0.00258309
0.00241467
0.00257372
0.00234633
0.00248211
0.00172836
0.00233778
0.00237734
0.00259761
0.00255523
0.00162665
0.00169276
0.00255071
0.00234038
0.00222464
0.00221719
0.00176527
0.00228295
0.002596
0.00257216
0.00244365
0.00180813
0.00260441
0.00176393
0.00245417
0.00239037
0.00223366
0.00257302
0.0025603
0.00219262
0.0024467
0.00228206
0.00258618
0.00245031
0.00255797
0.00252528
0.00258676
0.00164174
0.00260261
0.00253775
0.00246995
0.00259451
0.00222377
0.000687585
0.00172245
0.00162937
0.00254209
0.00229107
0.00201919
0.00253286
0.00241068
0.000718634
0.00258195
0.00259888
0.000220895
0.00252299
0.00183939
0.00235873
0.00256701
0.00254208
0.00258179
0.00258995
0.00260314
0.00254489
0.000193773
0.000169544
0.00258102
0.00226634
0.00219529
0.00178372
0.00246494
0.00248437
0.00241163
0.000345123
0.00192698
0.00259687
0.00256187
0.00228884
0.000684871
0.00260055
0.00256669
0.000263272
0.00253364
0.00197965
0.00258829
0.000699811
0.00239039
0.00235614
0.0023833
0.000514161
0.00259187
0.00244649
0.0023449
0.00252403
0.00256597
0.00239961
0.00260756
0.00203062
0.00251544
0.000359296
0.00239358
0.00256989
0.00223577
0.00255829
0.00256893
0.00237806
0.00164798
0.00253
0.00195091
0.00231475
0.00258889
0.00255515
0.0021131
0.00251099
0.00256658
0.00253689
0.002468
0.000351516
0.00236949
0.00205001
0.00213173
0.00202499
0.000443917
0.00254879
0.002461
0.00250212
0.00245703
0.0022334
0.00252199
0.00189301
0.00183937
0.000153725
0.000713357
0.00253599
0.00258543
0.00245972
0.00230613
0.00256877
0.00248065
0.00211962
0.00250348
0.00251714
0.00221769
0.00247131
0.00245434
0.00258385
0.00250847
0.00236211
0.00255383
0.00257561
0.00252293
0.00204845
0.000304109
0.00250768
0.00214286
0.000345501
0.002417
0.000155714
0.00258435
0.00250887
0.00254433
0.000358149
0.00256331
0.00216408
0.0025824
0.00191544
0.000384288
0.00180647
0.0025283
0.0026012
0.00256528
0.00256922
0.00255091
0.000622858
0.00251555
0.00253156
0.00258625
0.00258236
0.00227742
0.00215277
0.00222096
0.0025171
0.00230742
0.00253637
0.00240026
0.00257482
0.0022979
0.00246966
0.00193813
0.00254494
0.00206022
0.000460204
0.00207789
0.00244691
0.00226332
0.00219758
0.00250163
0.00257148
0.00254427
0.00241141
0.00258737
0.00209179
0.000514254
0.000259924
0.00252927
0.00255073
0.00220347
0.00255849
0.00256013
0.000627724
0.00253754
0.00217094
0.00257404
0.00241472
0.00245659
0.00258205
0.00159487
0.0024186
0.00257693
0.00192748
0.0025237
0.00258159
0.000362952
0.00258332
0.00257832
0.00249536
0.00256153
0.00224773
0.0020592
0.00257665
0.00216676
0.00253607
0.00184951
0.00248989
0.00254681
0.0023675
0.00257872
0.00207341
0.0023083
0.00255146
0.00256991
0.00239084
0.00244592
0.00210334
0.00258052
0.00247072
0.00229936
0.00257222
0.00223746
0.00220495
0.00259272
0.0025569
0.00210799
0.00253552
0.00240199
0.00257077
0.00247191
0.00245153
0.00247649
0.00256567
0.0025548
0.00258274
0.00256975
0.00249949
0.00234207
0.0019553
0.00257366
0.00252155
0.000293514
0.00253603
0.00248867
0.00224847
0.00227469
0.000358838
0.000488105
0.00257577
0.00186362
0.0025532
0.00169479
0.00255604
0.00219064
0.00214504
0.00248461
0.00257818
0.00257569
0.00249768
0.00229972
0.00254894
0.00237744
0.00215921
0.00255427
0.00256831
0.00257197
0.00238559
0.00221335
0.00256296
0.00233387
0.000325498
0.00257603
0.00256715
0.00233673
0.00253
0.00252188
0.00253803
0.00223489
0.00245587
0.00211264
0.00257159
0.00244631
0.00250844
0.0023052
0.00255434
0.000419527
0.00241819
0.00230094
0.00252759
0.00254834
0.000128675
0.00228932
0.00235688
0.0025648
0.00253529
0.00231379
0.00248856
0.00202106
0.00211121
0.000164537
0.00247673
0.00256979
0.00252611
0.0022145
0.00229522
0.00247869
0.00243792
0.00256662
0.00252095
0.00255589
0.00249932
0.00256763
0.00257073
0.00242519
0.0025828
0.00257192
0.0021863
0.00256984
0.00191175
0.00232637
0.00256815
0.00257852
0.00231572
0.0023978
0.00239642
0.00248538
0.00256622
0.00242518
0.00246876
0.00255317
0.00236492
0.00256871
0.00212355
0.00252753
0.00234924
0.00213352
0.00232014
0.00244562
0.00234655
0.00252692
0.000141882
0.00250128
0.00245398
0.00229612
0.00250549
0.00256399
0.00242227
0.00249634
0.0025681
0.00231339
0.00235471
0.00256622
0.00257243
0.00247858
0.00252909
0.00255364
0.00238484
0.00218552
0.00248539
0.00205058
0.00251129
0.00252306
0.00255679
0.00252909
0.00255455
0.0023237
0.00245315
0.0023753
0.00256653
0.00225207
0.00254413
0.00225622
0.00255544
0.00252788
0.00255067
0.00249236
0.00254403
0.00247973
0.00252421
0.00240727
0.00234342
0.0023798
0.00255715
0.00244119
0.00257078
0.00214256
0.00242539
0.00246697
0.00256165
0.00256234
0.0025633
0.00253399
0.00249094
0.00235962
0.00246275
0.00256381
0.00256961
0.00217439
0.00237626
0.00200131
0.00250392
0.00256649
0.00233871
0.00243999
0.00256097
0.00250368
0.00256201
0.00249989
0.00248675
0.00251304
0.00251812
0.00239732
0.00235063
0.002532
0.00254778
0.0024843
0.00256488
0.00255031
0.0025619
0.00251791
0.00240119
0.00236465
0.00242898
0.00234834
0.00255682
0.00248818
0.00256352
0.00245611
0.00243084
0.00212435
0.00252855
0.002549
0.0022765
0.0021942
0.00237648
0.00243048
0.00245849
0.00246559
0.00247811
0.00255826
0.00244324
0.00234613
0.0023731
0.00253196
0.00257111
0.00242738
0.00249163
0.00255913
0.00247783
0.00238102
0.00245214
0.00243652
0.00246848
0.00244002
0.00216035
0.00239291
0.0024866
0.00210009
0.00249971
0.00219943
0.00238815
0.00254355
0.00255258
0.00236004
0.00244874
0.00255753
0.00246851
0.00237309
0.00250862
0.00238584
0.00252544
0.00245267
0.00203489
0.00255432
0.00246541
0.00242396
0.00254722
0.00254339
0.00251618
0.00239818
0.00246485
0.00255761
0.00248456
0.0025458
0.002494
0.0023829
0.00248294
0.000510882
0.00243
0.0024741
0.00255605
0.00253081
0.0025834
0.00253351
0.00248775
0.00212905
0.0025562
0.00255709
0.00227178
0.00247086
0.00254875
0.00239548
0.00250845
0.0023254
0.00247266
0.00239679
0.00256598
0.00246199
0.00257313
0.00244382
0.00253683
0.00251149
0.00215476
0.00227802
0.00238932
0.00255233
0.00254011
0.00253597
0.00242365
0.00254454
0.00233186
0.00247791
0.00254589
0.002435
0.00247667
0.00255763
0.00243955
0.00258068
0.00248695
0.00247831
0.00220173
0.00242399
0.00238186
0.00247375
0.0025524
0.00250142
0.00250917
0.00246653
0.00240013
0.00250328
0.00255917
0.00244265
0.00254754
0.00248042
0.00225876
0.00248349
0.00251566
0.00260533
0.00253243
0.00247826
0.00252304
0.00248249
0.00248988
0.00240843
0.00248025
0.0024392
0.00248569
0.00233757
0.00254113
0.00252785
0.00222875
0.00242996
0.00255404
0.00248281
0.00247521
0.0024643
0.00250666
0.00228808
0.00256986
0.00255761
0.00253635
0.0025379
0.00256027
0.00247167
0.00248679
0.00254911
0.00254761
0.00254474
0.00253892
0.00244381
0.00254828
0.00253391
0.00226344
0.00254544
0.00248737
0.0024982
0.002556
0.00253956
0.00243875
0.0024799
0.00254995
0.00248769
0.00240808
0.00247407
0.00246547
0.00250269
0.0024772
0.00246401
0.00211207
0.00240786
0.00247782
0.00250766
0.00242841
0.00254649
0.00248129
0.00248066
0.00247847
0.00251198
0.0022805
0.00244103
0.00242805
0.00251942
0.00247707
0.0025487
0.00208525
0.00236784
0.00255386
0.00249194
0.00249175
0.00255757
0.00030055
0.000149899
0.00223563
0.00223683
0.00253606
0.00252236
0.00249031
0.00236537
0.00247501
0.00254257
0.00244953
0.002537
0.00249395
0.00254852
0.00247322
0.00243049
0.00252807
0.00248921
0.000349302
0.00253715
0.000463023
0.00248035
0.00249212
0.00248039
0.00253255
0.00246811
0.00250163
0.00254356
0.00225036
0.00234897
0.00252711
0.00225975
0.00229654
0.00230149
0.00255134
0.00223951
0.00252987
0.00253655
0.00249936
0.00247714
0.0024924
0.00245651
0.0024805
0.0024882
0.00247408
0.00255447
0.00246077
0.00243522
0.00251231
0.00214
0.00253857
0.00248008
0.00245938
0.00248986
0.0025067
0.00246882
0.00241701
0.00254458
0.00211704
0.00258372
0.00217024
0.00255496
0.00249171
0.00253978
0.00243433
0.00249168
0.00246414
0.00254116
0.00251418
0.00248179
0.0024862
0.00253954
0.00233404
0.0024968
0.00246799
0.00228968
0.0022627
0.00247301
0.00207466
0.00241513
0.00254883
0.00221297
0.00255254
0.00251957
0.00248055
0.00219883
0.00253037
0.00243195
0.000388044
0.00247036
0.00249057
0.00254323
0.00246548
0.00248006
0.00245268
0.00245387
0.00253929
0.00253989
0.0024729
0.00253187
0.00252836
0.00248156
0.00253866
0.00252034
0.00249011
0.0025509
0.00240849
0.00247183
0.00248073
0.00248343
0.00247391
0.00238524
0.00253995
0.00249705
0.00014321
0.00254907
0.000437257
0.00248852
0.00247969
0.00176165
0.0024526
0.0024948
0.00248286
0.00254344
0.00245845
0.00253624
0.00252312
0.00248126
0.00238948
0.00254941
0.00250604
0.00244558
0.00247297
0.00239752
0.00222652
0.00253928
0.00253853
0.00250732
0.00222237
0.00244726
0.00251059
0.0024202
0.00248339
0.00248272
0.00248637
0.00248499
0.00246175
0.00243752
0.00254749
0.00247431
0.00221942
0.00238475
0.00246112
0.000403664
0.00250099
0.00206265
0.00246391
0.00254143
0.00213945
0.00249681
0.00248483
0.0025112
0.00256018
0.00252303
0.00253234
0.00247527
0.00240384
0.000471749
0.00252658
0.00253058
0.00253164
0.00252448
0.00254111
0.00243869
0.00254448
0.00248105
0.00211261
0.00246539
0.00222419
0.00248784
0.00248369
0.00253154
0.00245375
0.00249488
0.00252993
0.00249056
0.00210081
0.00252286
0.000175405
0.00228517
0.00251362
0.00246145
0.0024871
0.00246681
0.00224074
0.00216649
0.00254315
0.002476
0.00231851
0.00249499
0.00247953
0.00237816
0.00253328
0.0025365
0.00249813
0.00246778
0.00253927
0.00248546
0.00242566
0.00250367
0.00220504
0.00252759
0.00243219
0.00250008
0.00251349
0.00223997
0.000272351
0.00248501
0.00240803
0.00046125
0.00250216
0.00246855
0.00250398
0.00246854
0.00253635
0.002409
0.00248319
0.000217886
0.00243714
0.00252702
0.00022423
0.00242964
0.000139539
0.00246921
0.00252632
0.00241476
0.00240526
0.00244107
0.00258159
0.0023821
0.00250539
0.00252847
0.00247537
0.00249139
0.0024055
0.00222605
0.00244424
0.00218215
0.00248995
0.00253503
0.00199088
0.00249157
0.00249474
0.00252086
0.00202707
0.00253461
0.0024953
0.00239983
0.00244695
0.00248458
0.00251286
0.00246794
0.00218818
0.00204504
0.00241221
0.00234019
0.00250533
0.00237701
0.00244829
0.00241799
0.00219079
0.00240304
0.00252542
0.00252414
0.00246433
0.00248162
0.00243794
0.00239148
0.00252397
0.0024225
0.00224825
0.00252971
0.00256741
0.0025171
0.00221506
0.00244869
0.0024452
0.00252332
0.00249772
0.00251606
0.00249274
0.00249773
0.00249681
0.00242597
0.00247268
0.00252072
0.00251373
0.00252214
0.00021968
0.0021848
0.00221157
0.00249859
0.00242879
0.00250498
0.0025481
0.00246084
0.00231323
0.002382
0.00248373
0.0025196
0.00220561
0.00226885
0.00243049
0.00257423
0.00240835
0.0024653
0.00238778
0.00252786
0.00257454
0.00251184
0.00252078
0.00248127
0.00240991
0.00248731
0.00248756
0.00249843
0.00243144
0.00252015
0.00244934
0.00244681
0.00257626
0.00257955
0.00247887
0.00251802
0.00250422
0.00235563
0.00249013
0.00237008
0.00236369
0.0019758
0.0024481
0.00216786
0.00252189
0.00246794
0.00238404
0.00236344
0.00251807
0.00238694
0.00243009
0.0023709
0.00248986
0.00249805
0.000458689
0.00250354
0.00237716
0.00246165
0.000493978
0.00249229
0.00238248
0.00202079
0.00236779
0.00234665
0.00220922
0.00249139
0.00251538
0.0024841
0.00238522
0.0025065
0.000444807
0.000516063
0.00244174
0.00249208
0.00251967
0.00257797
0.00249735
0.00241638
0.00232362
0.00238607
0.00232153
0.00044625
0.00247542
0.00196728
0.00230947
0.00248115
0.00250886
0.00247431
0.00242167
0.00250447
0.000155389
0.000167639
0.00257632
0.00241355
0.00242641
0.00250742
0.00233103
0.00246252
0.00248124
0.00235267
0.00249843
0.00250715
0.00248822
0.00203176
0.00249174
0.00233723
0.000436219
0.00215794
0.00250011
0.0024986
0.00251072
0.00234233
0.00231531
0.00245704
0.00248059
0.00241547
0.00224928
0.00234562
0.00249443
0.000194895
0.00218431
0.00229465
0.00238326
0.000450725
0.00243479
0.00234767
0.000501358
0.000361761
0.00249101
0.00239072
0.00250765
0.00250181
0.00251077
0.00251033
0.00241911
0.00249257
0.00240763
0.00248583
0.00248408
0.00021172
0.000449928
0.00242121
0.000353617
0.00233977
0.00248569
0.00222483
0.00234639
0.00250824
0.00230368
0.00227348
0.00236169
0.00257408
0.00250523
0.00248568
0.00202342
0.00255979
0.00250137
0.00249584
0.00225851
0.00249096
0.00228573
0.0024786
0.00220639
0.000454917
0.00237532
0.00246975
0.00245658
0.00044494
0.0022178
0.00246831
0.00196125
0.000422292
0.0024621
0.00219188
0.00245184
0.00222855
0.00227305
0.00248997
0.0025019
0.00248493
0.00219505
0.00248664
0.00223844
0.00242749
0.00224765
0.00216514
0.00246801
0.00224384
0.00250151
0.0023836
0.0024863
0.0019574
0.00235577
0.00245377
0.0023425
0.00248032
0.000146379
0.00013383
0.00247504
0.00241486
0.00224659
0.002412
0.00249814
0.00238406
0.00223849
0.00196807
0.000437242
0.00247427
0.00236525
0.00247571
0.0024951
0.00245527
0.0024597
0.00244594
0.00218723
0.00248402
0.00211849
0.00250488
0.00247717
0.00248084
0.00222415
0.0021593
0.00248125
0.00224136
0.00247943
0.00212857
0.000210107
0.00247879
0.00213757
0.00246826
0.00214546
0.00247146
0.000425144
0.00241794
0.00214182
0.00058558
0.00247877
0.00247512
0.00215093
0.000208645
0.00216862
0.00233531
0.00223473
0.00213649
0.00215568
0.00210908
0.00249431
0.00245049
0.0023953
0.00230588
0.00211911
0.00224302
0.00242012
0.00247569
0.0024459
0.00215342
0.00232292
0.00220194
0.00246692
0.00238666
0.000450871
0.00246682
0.000432949
0.00246215
0.00244281
0.00247505
0.00240802
0.00240712
0.00215827
0.00246344
0.0021726
0.00247812
0.002207
0.00237764
0.00243387
0.0024706
0.00223035
0.000240993
0.00246424
0.0023545
0.0021522
0.00249224
0.00240796
0.00218699
0.00245894
0.000216025
0.00210384
0.00236599
0.00258347
0.000211841
0.0022989
0.00232615
0.00246351
0.00257713
0.00209649
0.00238706
0.00247221
0.000358504
0.002363
0.00240688
0.00238787
0.00215437
0.00247245
0.000252883
0.00236965
0.00246774
0.00204253
0.00246185
0.00248758
0.00206063
0.00247208
0.00246964
0.00231974
0.00241549
0.00232864
0.00246998
0.000208927
0.000216615
0.00233536
0.00207924
0.00225017
0.00020454
0.00246895
0.00238677
0.000450566
0.00245369
0.00221535
0.00235004
0.002494
0.000389965
0.0002171
0.00225314
0.00235089
0.00043788
0.000164668
0.000157232
0.00218771
0.00220889
0.00220728
0.00212679
0.0024123
0.00242929
0.00243875
0.00240408
0.00241891
0.00246606
0.000190753
0.0024635
0.000210097
0.000230032
0.00246321
0.00233358
0.00209899
0.000215932
0.00244424
0.00202143
0.00240057
0.000435513
0.00206077
0.000440336
0.00245649
0.000446421
0.00220836
0.00198209
0.000445764
0.00248192
0.000471255
0.00238367
0.0023438
0.000410253
0.000451799
0.00225484
0.00045848
0.00239536
0.000398047
0.000462731
0.0021444
0.00197723
0.00220954
0.00221196
0.000320889
0.000212713
0.000462849
0.0024587
0.00225134
0.00244802
0.0024561
0.00221948
0.0023163
0.0021929
0.00245084
0.00237353
0.00246194
0.000434324
0.0022087
0.001926
0.00240008
0.0024066
0.00246387
0.00225782
0.0019749
0.000200191
0.00208054
0.000458525
0.00249054
0.00247767
0.00245921
0.00219898
0.00237908
0.001991
0.00225417
0.00244201
0.000209534
0.00238917
0.00233264
0.00199227
0.000440336
0.00225659
0.00220723
0.00217224
0.00231337
0.00244466
0.000427989
0.00245143
0.00240425
0.000424338
0.00239532
0.00247619
0.000430561
0.00218446
0.00244611
0.00240196
0.000450534
0.00216035
0.00243748
0.0023912
0.00042138
0.00245257
0.00213136
0.00217744
0.00243549
0.000195389
0.00244913
0.00220436
0.00243117
0.00245788
0.00245053
0.00213834
0.00210252
0.00241426
0.00198111
0.0024497
0.00193869
0.00237351
0.000222389
0.000450035
0.000450299
0.000209706
0.00233283
0.000459799
0.00243745
0.00225163
0.0019774
0.000441058
0.000195639
0.00215888
0.00243733
0.00244794
0.00247516
0.00208176
0.00237472
0.00238898
0.000418368
0.0023899
0.00207807
0.00242736
0.00242891
0.00220265
0.00243732
0.0023059
0.00212812
0.00226382
0.000441145
0.00242803
0.00242246
0.00226281
0.00239544
0.00191541
0.000189943
0.00214841
0.000401486
0.000190761
0.00238366
0.00019125
0.00241851
0.0023131
0.000190987
0.00236714
0.000450678
0.000189718
0.00241138
0.00225183
0.00041439
0.000187664
0.000187545
0.00238116
0.00239865
0.00240432
0.00229112
0.00218321
0.00241373
0.00211207
0.00238258
0.000172649
0.000189247
0.00018845
0.0023221
0.00224784
0.00237606
0.000436913
0.00240935
0.000443286
0.000445459
0.00238498
0.00236572
0.000441309
0.000406755
0.00215753
0.00186671
0.000190106
0.000431732
0.00235993
0.00019076
0.00220708
0.00238246
0.0023495
0.00234884
0.00237005
0.000189754
0.000187571
0.00219636
0.00235156
0.000185436
0.00238434
0.00043294
0.00237988
0.00211771
0.000212026
0.000208076
0.000216399
0.000450381
0.00214504
0.00221542
0.00239875
0.00232612
0.00234107
0.00246334
0.00218684
0.00231071
0.00244489
0.00236844
0.00018304
0.00242982
0.00222799
0.00229334
0.000372202
0.00241848
0.000191583
0.00243542
0.00239472
0.000187818
0.000390627
0.00235881
0.00235495
0.00232085
0.00222067
0.000215531
0.00223017
0.000200808
0.000433367
0.000447641
0.00230161
0.0023827
0.00229388
0.00229823
0.00241682
0.00220613
0.000426673
0.00228017
0.000204556
0.000213738
0.00221394
0.000179961
0.00224304
0.000457769
0.00233429
0.00245116
0.00216791
0.00226889
0.00223727
0.00212452
0.00180746
0.00241932
0.000192392
0.000175438
0.00232734
0.000211786
0.000185026
0.00236445
0.0021427
0.00215807
0.000217632
0.00228063
0.000214434
0.000449414
0.00236642
0.0024458
0.000216379
0.000456248
0.0022663
0.000214311
0.00246941
0.00218084
0.000180539
0.00226725
0.00208463
0.00225745
0.000456867
0.00215364
0.0023989
0.00015148
0.00016588
0.00234693
0.00177375
0.00218874
0.00234068
0.00230598
0.00237451
0.00211979
0.00216993
0.000208981
0.00230959
0.00227494
0.00224941
0.00236747
0.0022472
0.00215058
0.000422068
0.000185212
0.00213336
0.00240908
0.00218581
0.00199586
0.00197122
0.000443589
0.000212828
0.00225423
0.00210258
0.000441874
0.00232281
0.000426572
0.000192237
0.00208094
0.00217432
0.00222166
0.00213934
0.000217042
0.000215348
0.00210348
0.000451975
0.000445128
0.000439405
0.00204109
0.00202327
0.00216488
0.00222797
0.00212522
0.000374596
0.000169412
0.00224731
0.00200908
0.00223673
0.000422216
0.000206281
0.00222479
0.00230399
0.00217995
0.00223058
0.00206984
0.00211556
0.00228847
0.000434669
0.000212033
0.00210787
0.000453376
0.00208668
0.000199191
0.00209062
0.000202717
0.000448105
0.000210822
0.00218967
0.000217273
0.00219788
0.000444076
0.00207774
0.00205864
0.000194958
0.000423935
0.00201324
0.000417568
0.000415032
0.000187788
0.0020823
0.000177136
0.00206113
0.000189444
0.00186688
0.00216096
0.00199305
0.000206605
0.00020128
0.000418362
0.000414872
0.000446642
0.000430918
0.000205779
0.000181354
0.00199961
0.00203493
0.00212482
0.00205322
0.000198019
0.000167292
0.0003959
0.00185325
0.00199778
0.0019386
0.00203518
0.0020346
0.00210347
0.00200936
0.000184017
0.000409041
0.00196046
0.000215963
0.000393101
0.00017716
0.000378705
0.00182897
0.00189094
0.00014494
0.000295798
0.00013004
0.000122998
0.000323874
0.000153279
0.000183884
0.000412127
0.00020847
0.000413433
0.000185975
0.000189544
0.000409717
0.000180948
0.000191141
0.000421195
0.000407059
0.000191682
0.000203747
0.000186095
0.000401393
0.000195628
0.000411303
0.000158678
0.00012949
0.000136242
0.000380717
0.000166325
0.000176085
0.000402855
0.000198678
0.00180054
0.00257899
0.00194551
0.00201056
0.00198265
0.000419859
0.000163522
0.00233582
0.00220694
0.00229929
0.000129607
0.00184536
0.0024264
0.00218327
0.00182568
0.000391217
0.000382033
0.00258744
0.00234496
0.000207988
0.000131935
0.000212258
0.00243939
0.0016941
0.00237746
0.00232898
0.000222265
0.00222132
0.0019988
0.00238682
0.000126023
0.000127136
0.00021241
0.000187668
0.000242006
0.000183444
0.000203922
0.000194753
0.00235281
0.000451138
0.00229938
0.000164702
0.000146402
0.000157481
0.00046357
0.00204912
0.00245606
0.000182919
0.000156975
0.000162094
0.00233673
0.00236972
0.000354046
0.00210907
0.00258539
0.00187277
0.00169002
0.000389305
0.000172416
0.000548315
0.000376771
0.000570336
0.000404238
0.000373182
0.000387647
0.000125516
0.000121141
0.00229546
0.00207869
0.00176976
0.00258696
0.00021686
0.000340432
0.000355646
0.00178088
0.00190016
0.000364366
0.00214518
0.00184406
0.00192851
0.00236489
0.000159661
0.00176604
0.00193784
0.00196019
0.000392153
0.0025718
0.00198451
0.00217384
0.000153754
0.00199832
0.00257632
0.00196496
0.000301771
0.000179149
0.00239458
0.0022411
0.00258212
0.00168568
0.00179002
0.000147492
0.00227021
0.00257158
0.00174098
0.00257252
0.00232896
0.000362641
0.00236096
0.00257325
0.00201688
0.00243152
0.00206689
0.00170977
0.00177292
0.000119343
0.0024159
0.000318936
0.000154515
0.00257657
)
;

boundaryField
{
    patch0
    {
        type            nutkWallFunction;
        Cmu             0.09;
        kappa           0.41;
        E               9.8;
        value           nonuniform List<scalar> 
4010
(
0.00028097
0.00028097
0.000290807
0.000290807
0.000299023
0.000299023
0.000297709
0.000297709
0.000290976
0.000290976
0.00028666
0.00028666
0.000272473
0.000272473
0.000264223
0.000264223
0.000263853
0.000263853
0.000300097
0.000300097
0.000265122
0.000265122
0.00028172
0.00028172
0.000185406
0.000185406
0.000290801
0.000290801
0.000292179
0.000292179
0.000281748
0.000281748
0.000187567
0.000187567
0.000292339
0.000292339
0.00027218
0.00027218
0.000293973
0.000293973
0.000164864
0.000164864
0.000251365
0.000251365
0.000264826
0.000264826
0.000294881
0.000294881
0.00026504
0.00026504
0.000208614
0.000208614
0.000210372
0.000210372
0.000297766
0.000297766
0.000286067
0.000286067
0.000289687
0.000289687
0.00025749
0.00025749
0.000211807
0.000211807
0.000213851
0.000213851
0.000197511
0.000197511
0.00029878
0.00029878
0.000271359
0.000271359
0.000205583
0.000205583
0.000293239
0.000293239
0.000281927
0.000281927
0.000223278
0.000223278
0.000206002
0.000206002
0.000172558
0.000172558
0.000207506
0.000207506
0.000262136
0.000262136
0.000291136
0.000291136
0.000213354
0.000213354
0.0002837
0.0002837
0.000297652
0.000297652
0.000157259
0.000157259
0.000155871
0.000155871
0.000283632
0.000283632
0.00017512
0.00017512
0.000265901
0.000265901
0.000280846
0.000280846
0.000190106
0.000190106
0.00029993
0.00029993
0.000221365
0.000221365
0.000295776
0.000295776
0.000296317
0.000296317
0.000267601
0.000267601
0.000274126
0.000274126
0.000289251
0.000289251
0.000271601
0.000271601
0.000222302
0.000222302
0.000276227
0.000276227
0.000298732
0.000298732
0.000289343
0.000289343
0.000272314
0.000272314
0.000277685
0.000277685
0.000280859
0.000280859
0.000161064
0.000161064
0.000289043
0.000289043
0.000276836
0.000276836
0.000291614
0.000291614
0.00029058
0.00029058
0.000224031
0.000224031
0.000298678
0.000298678
0.00029249
0.00029249
0.000297106
0.000297106
0.000279774
0.000279774
0.000295729
0.000295729
0.000215963
0.000215963
0.000286253
0.000286253
0.000163235
0.000163235
0.000238943
0.000238943
0.000276301
0.000276301
0.000298676
0.000298676
0.000292723
0.000292723
0.000154287
0.000154287
0.000159876
0.000159876
0.000289888
0.000289888
0.000214164
0.000214164
0.000204842
0.000204842
0.000203912
0.000203912
0.000166214
0.000166214
0.000265017
0.000265017
0.000298425
0.000298425
0.000295267
0.000295267
0.000229174
0.000229174
0.000179461
0.000179461
0.000299326
0.000299326
0.000166179
0.000166179
0.000233345
0.000233345
0.000218387
0.000218387
0.000205257
0.000205257
0.000295982
0.000295982
0.000293876
0.000293876
0.000208183
0.000208183
0.000281448
0.000281448
0.000209211
0.000209211
0.000297321
0.000297321
0.000282578
0.000282578
0.000294956
0.000294956
0.000290819
0.000290819
0.000297435
0.000297435
0.000155704
0.000155704
0.000299316
0.000299316
0.000260065
0.000260065
0.000285105
0.000285105
0.000298257
0.000298257
0.000206011
0.000206011
7.04493e-05
7.04493e-05
0.000162724
0.000162724
0.00015461
0.00015461
0.000289405
0.000289405
0.000210596
0.000210596
0.00022933
0.00022933
0.000291777
0.000291777
0.000221483
0.000221483
7.32982e-05
7.32982e-05
0.000296818
0.000296818
0.000298497
0.000298497
2.41993e-05
2.41993e-05
0.000290609
0.000290609
0.000172833
0.000172833
0.000215931
0.000215931
0.000295503
0.000295503
0.000292743
0.000292743
0.000295603
0.000295603
0.000297996
0.000297996
0.000299233
0.000299233
0.000289957
0.000289957
2.20537e-05
2.20537e-05
2.20537e-05
1.97636e-05
1.97636e-05
1.97636e-05
0.000297271
0.000297271
0.00020855
0.00020855
0.000227166
0.000227166
0.00016804
0.00016804
0.00028472
0.00028472
0.000286597
0.000286597
0.000220971
0.000220971
3.76024e-05
3.76024e-05
3.76024e-05
0.000180176
0.000180176
0.000298322
0.000298322
0.000293548
0.000293548
0.000210845
0.000210845
7.01935e-05
7.01935e-05
0.000298985
0.000298985
0.000295038
0.000295038
2.93583e-05
2.93583e-05
0.000291673
0.000291673
0.000231667
0.000231667
0.000297916
0.000297916
7.15867e-05
7.15867e-05
0.000218916
0.000218916
0.000215641
0.000215641
0.000218316
0.000218316
5.4073e-05
5.4073e-05
0.000297947
0.000297947
0.000260618
0.000260618
0.000266965
0.000266965
0.000265988
0.000265988
0.000295274
0.000295274
0.000220587
0.000220587
0.000299684
0.000299684
0.000188564
0.000188564
0.000289957
0.000289957
4.0673e-05
4.0673e-05
0.000277982
0.000277982
0.000296218
0.000296218
0.000212648
0.000212648
0.000280762
0.000280762
0.000295506
0.000295506
0.000218198
0.000218198
0.000156042
0.000156042
0.00029166
0.00029166
0.000182039
0.000182039
0.000220602
0.000220602
0.000297601
0.000297601
0.000293962
0.000293962
0.000227563
0.000227563
0.000264057
0.000264057
0.000294853
0.000294853
0.000276944
0.000276944
0.000226213
0.000226213
3.8236e-05
3.8236e-05
3.8236e-05
0.000225892
0.000225892
0.00019007
0.00019007
0.000197011
0.000197011
0.000188068
0.000188068
4.7445e-05
4.7445e-05
0.000293867
0.000293867
0.00022802
0.00022802
0.000262273
0.000262273
0.000284344
0.000284344
0.000213037
0.000213037
0.000266053
0.000266053
0.000176944
0.000176944
0.000172534
0.000172534
1.43676e-05
1.43676e-05
1.43676e-05
7.2841e-05
7.2841e-05
0.000272726
0.000272726
0.000296061
0.000296061
0.000225242
0.000225242
0.000219981
0.000219981
0.000295547
0.000295547
0.000286382
0.000286382
0.00022899
0.00022899
0.000263071
0.000263071
0.000290172
0.000290172
0.000231408
0.000231408
0.000285139
0.000285139
0.000224659
0.000224659
0.000296035
0.000296035
0.000266306
0.000266306
0.000225328
0.000225328
0.000293116
0.000293116
0.000296224
0.000296224
0.000232116
0.000232116
0.000190009
0.000190009
3.37179e-05
3.37179e-05
0.000244016
0.000244016
0.000197965
0.000197965
4.11413e-05
4.11413e-05
0.000226334
0.000226334
1.76982e-05
1.76982e-05
1.76982e-05
0.00029614
0.00029614
0.000263274
0.000263274
0.000238709
0.000238709
3.88911e-05
3.88911e-05
3.88911e-05
0.000294375
0.000294375
0.000199374
0.000199374
0.000295977
0.000295977
0.000178826
0.000178826
4.13283e-05
4.13283e-05
0.000169632
0.000169632
0.000288353
0.000288353
0.000299014
0.000299014
0.00029515
0.00029515
0.000295619
0.000295619
0.000293532
0.000293532
6.43763e-05
6.43763e-05
0.00023236
0.00023236
0.000289958
0.000289958
0.00029729
0.00029729
0.000296055
0.000296055
0.000209194
0.000209194
0.000198585
0.000198585
0.000231782
0.000231782
0.000271653
0.000271653
0.00021427
0.00021427
0.000283202
0.000283202
0.000250379
0.000250379
0.000296151
0.000296151
0.000249036
0.000249036
0.000285199
0.000285199
0.000181851
0.000181851
0.000293103
0.000293103
0.000191766
0.000191766
4.99482e-05
4.99482e-05
0.000192918
0.000192918
0.000223687
0.000223687
0.000209603
0.000209603
0.000202101
0.000202101
0.000238001
0.000238001
0.00029551
0.00029551
0.000290158
0.000290158
0.00022454
0.00022454
0.000296815
0.000296815
0.000193437
0.000193437
5.41601e-05
5.41601e-05
2.90138e-05
2.90138e-05
2.90138e-05
0.000249973
0.000249973
0.000287153
0.000287153
0.000204301
0.000204301
0.000294388
0.000294388
0.000293607
0.000293607
6.48291e-05
6.48291e-05
0.000289002
0.000289002
0.000199787
0.000199787
0.000294373
0.000294373
0.000279648
0.000279648
0.00022821
0.00022821
0.000296129
0.000296129
0.000151831
0.000151831
0.000221178
0.000221178
0.000295582
0.000295582
0.000180122
0.000180122
0.000290895
0.000290895
0.000296079
0.000296079
3.9358e-05
3.9358e-05
3.9358e-05
0.000296072
0.000296072
0.000295745
0.000295745
0.000287763
0.000287763
0.000291874
0.000291874
0.00020628
0.00020628
0.000201373
0.000201373
0.000295555
0.000295555
0.000199765
0.000199765
0.000292083
0.000292083
0.000173372
0.000173372
0.000287079
0.000287079
0.000280809
0.000280809
0.000274466
0.000274466
0.0002964
0.0002964
0.000218147
0.000218147
0.000215661
0.000215661
0.000290443
0.000290443
0.000291402
0.000291402
0.000219834
0.000219834
0.000282801
0.000282801
0.000195191
0.000195191
0.000296689
0.000296689
0.000225388
0.000225388
0.000211142
0.000211142
0.0002958
0.0002958
0.000205355
0.000205355
0.000202785
0.000202785
0.000298233
0.000298233
0.000292611
0.000292611
0.00019478
0.00019478
0.000267606
0.000267606
0.000277884
0.000277884
0.000292509
0.000292509
0.000285385
0.000285385
0.000227773
0.000227773
0.000239719
0.000239719
0.000289816
0.000289816
0.00028438
0.00028438
0.000296411
0.000296411
0.000295624
0.000295624
0.000228814
0.000228814
0.000271586
0.000271586
0.00018247
0.00018247
0.000295101
0.000295101
0.000252052
0.000252052
3.25829e-05
3.25829e-05
0.000264059
0.000264059
0.000286893
0.000286893
0.000206379
0.000206379
0.000246655
0.000246655
3.88729e-05
3.88729e-05
5.17454e-05
5.17454e-05
0.000295552
0.000295552
0.000174787
0.000174787
0.00029395
0.00029395
0.000160161
0.000160161
0.000290435
0.000290435
0.000202288
0.000202288
0.00025011
0.00025011
0.000230444
0.000230444
0.000295772
0.000295772
0.000295567
0.000295567
0.000237936
0.000237936
0.000261675
0.000261675
0.000285161
0.000285161
0.000275184
0.000275184
0.000221411
0.000221411
0.000288253
0.000288253
0.000289782
0.000289782
0.000295243
0.000295243
0.000219518
0.000219518
0.000204061
0.000204061
0.000294205
0.000294205
0.000214047
0.000214047
3.79308e-05
3.79308e-05
0.000295521
0.000295521
0.00029439
0.00029439
0.000270318
0.000270318
0.000242798
0.000242798
0.000244106
0.000244106
0.000292417
0.000292417
0.00020728
0.00020728
0.000225514
0.000225514
0.000195553
0.000195553
0.000295224
0.000295224
0.000282696
0.000282696
0.000238909
0.000238909
0.000211511
0.000211511
0.000288983
0.000288983
4.52384e-05
4.52384e-05
0.000279488
0.000279488
0.000216774
0.000216774
0.000241271
0.000241271
0.000273419
0.000273419
1.08843e-05
1.08843e-05
1.08843e-05
0.000210519
0.000210519
0.000272889
0.000272889
0.00029385
0.00029385
0.000254433
0.000254433
0.000212492
0.000212492
0.000287166
0.000287166
0.000188552
0.000188552
0.000197358
0.000197358
1.90518e-05
1.90518e-05
1.90518e-05
0.000236759
0.000236759
0.000295187
0.000295187
0.000241213
0.000241213
0.000204887
0.000204887
0.000211888
0.000211888
0.000229836
0.000229836
0.000281593
0.000281593
0.000289918
0.000289918
0.000270421
0.000270421
0.00029012
0.00029012
0.000288095
0.000288095
0.000295238
0.000295238
0.000295027
0.000295027
0.000280861
0.000280861
0.000297099
0.000297099
0.000295187
0.000295187
0.000245337
0.000245337
0.00029528
0.00029528
0.000178914
0.000178914
0.000269195
0.000269195
0.000294886
0.000294886
0.00029631
0.00029631
0.000271136
0.000271136
0.000277303
0.000277303
0.000274777
0.000274777
0.000237539
0.000237539
0.000295187
0.000295187
0.00027551
0.00027551
0.00028503
0.00028503
0.000281271
0.000281271
0.000217257
0.000217257
0.000294975
0.000294975
0.000198852
0.000198852
0.000270568
0.000270568
0.000263795
0.000263795
0.00019727
0.00019727
0.00021318
0.00021318
0.000227879
0.000227879
0.000215097
0.000215097
0.000241567
0.000241567
1.68004e-05
1.68004e-05
1.68004e-05
0.000231483
0.000231483
0.000283488
0.000283488
0.000216988
0.000216988
0.000239408
0.000239408
0.000294299
0.000294299
0.000279854
0.000279854
0.000244117
0.000244117
0.000293521
0.000293521
0.000212641
0.000212641
0.000222328
0.000222328
0.000294812
0.000294812
0.000295164
0.000295164
0.000286007
0.000286007
0.000271638
0.000271638
0.000293968
0.000293968
0.000275945
0.000275945
0.000243483
0.000243483
0.000286658
0.000286658
0.000191334
0.000191334
0.000240069
0.000240069
0.000241243
0.000241243
0.000290866
0.000290866
0.00027402
0.00027402
0.000293996
0.000293996
0.000221199
0.000221199
0.000283409
0.000283409
0.000275309
0.000275309
0.000294896
0.000294896
0.000258316
0.000258316
0.000293049
0.000293049
0.000264664
0.000264664
0.000291276
0.000291276
0.000242193
0.000242193
0.000292975
0.000292975
0.0002341
0.0002341
0.000282098
0.000282098
0.000263587
0.000263587
0.000241559
0.000241559
0.000278346
0.000278346
0.000271512
0.000271512
0.000220988
0.000220988
0.000293439
0.000293439
0.000279715
0.000279715
0.000295294
0.000295294
0.000202388
0.000202388
0.00027996
0.00027996
0.000284833
0.000284833
0.000294762
0.000294762
0.000294271
0.000294271
0.000294703
0.000294703
0.000256779
0.000256779
0.000244621
0.000244621
0.000217055
0.000217055
0.00022469
0.00022469
0.000294453
0.000294453
0.000294855
0.000294855
0.000201549
0.000201549
0.000272305
0.000272305
0.000186957
0.000186957
0.000288432
0.000288432
0.000294571
0.000294571
0.000215248
0.000215248
0.000281995
0.000281995
0.000294252
0.000294252
0.00028879
0.00028879
0.000294665
0.000294665
0.000256965
0.000256965
0.000234061
0.000234061
0.000243208
0.000243208
0.000252206
0.000252206
0.00027748
0.00027748
0.000221907
0.000221907
0.000279167
0.000279167
0.000292158
0.000292158
0.000286557
0.000286557
0.000294399
0.000294399
0.000293569
0.000293569
0.000294394
0.000294394
0.000255714
0.000255714
0.000226434
0.000226434
0.000273901
0.000273901
0.000281566
0.000281566
0.000228582
0.000228582
0.000291237
0.000291237
0.000286903
0.000286903
0.000292835
0.000292835
0.000283677
0.000283677
0.000281625
0.000281625
0.000215914
0.000215914
0.00025131
0.00025131
0.000290506
0.000290506
0.000265105
0.000265105
0.000253832
0.000253832
0.000275248
0.000275248
0.000281082
0.000281082
0.000224368
0.000224368
0.000284814
0.000284814
0.000286101
0.000286101
0.000294114
0.000294114
0.000282339
0.000282339
0.000270922
0.000270922
0.000217642
0.000217642
0.000246606
0.000246606
0.000294712
0.000294712
0.000280048
0.000280048
0.000287086
0.000287086
0.000293875
0.000293875
0.000285949
0.000285949
0.000220177
0.000220177
0.000283524
0.000283524
0.000282196
0.000282196
0.000284775
0.000284775
0.000222806
0.000222806
0.000256979
0.000256979
0.000274901
0.000274901
0.000286744
0.000286744
0.000235551
0.000235551
0.000279164
0.000279164
0.000204223
0.000204223
0.000277192
0.000277192
0.000292962
0.000292962
0.000293508
0.000293508
0.000273921
0.000273921
0.000282967
0.000282967
0.000294114
0.000294114
0.000284916
0.000284916
0.000218566
0.000218566
0.000287912
0.000287912
0.000276104
0.000276104
0.000290387
0.000290387
0.000283814
0.000283814
0.000190856
0.000190856
0.00029354
0.00029354
0.000284772
0.000284772
0.000280561
0.000280561
0.00028478
0.00028478
0.000285276
0.000285276
0.000282432
0.000282432
0.000277192
0.000277192
0.000284846
0.000284846
0.000293755
0.000293755
0.000286439
0.000286439
0.000293012
0.000293012
0.000227701
0.000227701
0.000276249
0.000276249
0.00028641
0.00028641
5.37989e-05
5.37989e-05
0.000280584
0.000280584
0.000285441
0.000285441
0.000293738
0.000293738
0.000290239
0.000290239
0.000296993
0.000296993
0.000280539
0.000280539
0.00028682
0.00028682
0.000248343
0.000248343
0.000293593
0.000293593
0.000291225
0.000291225
0.000209289
0.000209289
0.000285274
0.000285274
0.000291685
0.000291685
0.000226599
0.000226599
0.000289311
0.000289311
0.000271114
0.000271114
0.000285203
0.000285203
0.00027764
0.00027764
0.000294487
0.000294487
0.000284571
0.000284571
0.00029552
0.00029552
0.000282584
0.000282584
0.000264484
0.000264484
0.000233568
0.000233568
0.000245218
0.000245218
0.000264299
0.000264299
0.000218774
0.000218774
0.000293437
0.000293437
0.000292534
0.000292534
0.000273987
0.000273987
0.000279704
0.000279704
0.000291142
0.000291142
0.000270431
0.000270431
0.000286027
0.000286027
0.000292607
0.000292607
0.000230663
0.000230663
0.000285912
0.000285912
0.000293598
0.000293598
0.000279753
0.000279753
0.000296689
0.000296689
0.000286702
0.000286702
0.000285962
0.000285962
0.000256124
0.000256124
0.000269883
0.000269883
0.00021801
0.00021801
0.000285339
0.000285339
0.000293506
0.000293506
0.000288308
0.000288308
0.00028743
0.00028743
0.000284874
0.000284874
0.000228634
0.000228634
0.000288247
0.000288247
0.000293772
0.000293772
0.000282632
0.000282632
0.000292527
0.000292527
0.000286256
0.000286256
0.000261456
0.000261456
0.000286358
0.000286358
0.000288969
0.000288969
0.000299523
0.000299523
0.000252235
0.000252235
0.000286099
0.000286099
0.000290406
0.000290406
0.000286241
0.000286241
0.00028742
0.00028742
0.000277488
0.000277488
0.000286183
0.000286183
0.000282086
0.000282086
0.000286663
0.000286663
0.000270843
0.000270843
0.000292422
0.000292422
0.000290706
0.000290706
0.000206203
0.000206203
0.000281303
0.000281303
0.000292575
0.000292575
0.000286309
0.000286309
0.000285667
0.000285667
0.000284699
0.000284699
0.000289104
0.000289104
0.000265545
0.000265545
0.000294962
0.000294962
0.000293622
0.000293622
0.000292031
0.000292031
0.000289842
0.000289842
0.000293832
0.000293832
0.000285058
0.000285058
0.000286848
0.000286848
0.000292965
0.000292965
0.000292795
0.000292795
0.000290115
0.000290115
0.000291468
0.000291468
0.000282691
0.000282691
0.000290717
0.000290717
0.000291266
0.000291266
0.00020833
0.00020833
0.000292688
0.000292688
0.000286845
0.000286845
0.000229966
0.000229966
0.000291015
0.000291015
0.000271034
0.000271034
0.000254663
0.000254663
0.000285975
0.000285975
0.000292912
0.000292912
0.000286912
0.000286912
0.000278621
0.000278621
0.000285581
0.000285581
0.000284876
0.000284876
0.0002886
0.0002886
0.000285666
0.000285666
0.00028361
0.00028361
0.000210804
0.000210804
0.000278219
0.000278219
0.000285948
0.000285948
0.000288852
0.000288852
0.000241305
0.000241305
0.00029281
0.00029281
0.000286171
0.000286171
0.000286063
0.000286063
0.000285786
0.000285786
0.000289147
0.000289147
0.000209752
0.000209752
0.000280637
0.000280637
0.00023118
0.00023118
0.00028988
0.00028988
0.000285667
0.000285667
0.000292774
0.000292774
0.000194257
0.000194257
0.000274194
0.000274194
0.000293013
0.000293013
0.000287667
0.000287667
0.00028727
0.00028727
0.000293605
0.000293605
3.32244e-05
3.32244e-05
1.34773e-05
1.34773e-05
1.34773e-05
0.000259753
0.000259753
0.000258331
0.000258331
0.000291798
0.000291798
0.000290077
0.000290077
0.000287136
0.000287136
0.000216742
0.000216742
0.000285716
0.000285716
0.00029192
0.00029192
0.000283462
0.000283462
0.00029143
0.00029143
0.000287535
0.000287535
0.000292625
0.000292625
0.000285243
0.000285243
0.000280624
0.000280624
0.000290556
0.000290556
0.000287335
0.000287335
4.07212e-05
4.07212e-05
0.000269618
0.000269618
4.91298e-05
4.91298e-05
0.000286083
0.000286083
0.000287298
0.000287298
0.000286041
0.000286041
0.000291516
0.000291516
0.000285143
0.000285143
0.000287971
0.000287971
0.000290122
0.000290122
0.000207317
0.000207317
0.000215432
0.000215432
0.000235427
0.000235427
0.000258993
0.000258993
0.000266271
0.000266271
0.000211501
0.000211501
0.000292825
0.000292825
0.000260438
0.000260438
0.000290649
0.000290649
0.000291428
0.000291428
0.00028811
0.00028811
0.000285934
0.000285934
0.000287301
0.000287301
0.00026697
0.00026697
0.000286097
0.000286097
0.000286834
0.000286834
0.000285305
0.000285305
0.000293034
0.000293034
0.000277478
0.000277478
0.000222414
0.000222414
0.000289109
0.000289109
0.000234295
0.000234295
0.00029192
0.00029192
0.000286006
0.000286006
0.000282739
0.000282739
0.000287005
0.000287005
0.000288655
0.000288655
0.000284791
0.000284791
0.000279715
0.000279715
0.000290802
0.000290802
0.000213381
0.000213381
0.000295794
0.000295794
0.000252932
0.000252932
0.000293245
0.000293245
0.000287295
0.000287295
0.000291946
0.000291946
0.000222349
0.000222349
0.000287218
0.000287218
0.000284302
0.000284302
0.000292097
0.000292097
0.000289235
0.000289235
0.000286214
0.000286214
0.000286886
0.000286886
0.00029203
0.00029203
0.000270836
0.000270836
0.000287805
0.000287805
0.000284689
0.000284689
0.000263639
0.000263639
0.000263905
0.000263905
0.000285591
0.000285591
0.000242985
0.000242985
0.000279554
0.000279554
0.000292664
0.000292664
0.000204315
0.000204315
0.000292851
0.000292851
0.000289653
0.000289653
0.000286037
0.000286037
0.000255722
0.000255722
0.000291156
0.000291156
0.000222152
0.000222152
4.58374e-05
4.58374e-05
0.000284924
0.000284924
0.000287083
0.000287083
0.000291773
0.000291773
0.000284391
0.000284391
0.000286202
0.000286202
0.000283349
0.000283349
0.000283224
0.000283224
0.000242845
0.000242845
0.000291866
0.000291866
0.000285175
0.000285175
0.000290743
0.000290743
0.000290956
0.000290956
0.000286112
0.000286112
0.000291402
0.000291402
0.000289682
0.000289682
0.000287027
0.000287027
0.000292692
0.000292692
0.000278771
0.000278771
0.000285063
0.000285063
0.000283683
0.000283683
0.000286352
0.000286352
0.000279792
0.000279792
0.000276349
0.000276349
0.000291409
0.000291409
0.00028772
0.00028772
1.67441e-05
1.67441e-05
1.67441e-05
0.000273927
0.000273927
5.22196e-05
5.22196e-05
0.000286971
0.000286971
0.00028616
0.00028616
0.00016589
0.00016589
0.000283108
0.000283108
0.000287583
0.000287583
0.000286212
0.000286212
0.000291831
0.000291831
0.000283717
0.000283717
0.000289305
0.000289305
0.000289857
0.000289857
0.000286088
0.000286088
0.000276952
0.000276952
0.000292534
0.000292534
0.000288472
0.000288472
0.00028235
0.00028235
0.000285159
0.000285159
0.000277144
0.000277144
0.00025899
0.00025899
0.000291393
0.000291393
0.000291717
0.000291717
0.000288544
0.000288544
0.000259127
0.000259127
0.000282554
0.000282554
0.000288789
0.000288789
0.000279553
0.000279553
0.00028646
0.00028646
0.000286235
0.000286235
0.000286636
0.000286636
0.000286575
0.000286575
0.000284048
0.000284048
0.000281555
0.000281555
0.00029035
0.00029035
0.000285268
0.000285268
0.000257103
0.000257103
0.000276455
0.000276455
0.000283996
0.000283996
4.34072e-05
4.34072e-05
0.000288076
0.000288076
0.000191869
0.000191869
0.000284257
0.000284257
0.000291612
0.000291612
0.000249604
0.000249604
0.000287371
0.000287371
0.000286442
0.000286442
0.000288808
0.000288808
0.000292666
0.000292666
0.000289812
0.000289812
0.000290717
0.000290717
0.000285341
0.000285341
0.000278073
0.000278073
5.02007e-05
5.02007e-05
0.000290523
0.000290523
0.000291062
0.000291062
0.000291172
0.000291172
0.000290487
0.000290487
0.000291646
0.000291646
0.00028165
0.00028165
0.000292115
0.000292115
0.000286075
0.000286075
0.000246244
0.000246244
0.000284388
0.000284388
0.000258548
0.000258548
0.000286293
0.000286293
0.00028624
0.00028624
0.000291098
0.000291098
0.000283175
0.000283175
0.000287403
0.000287403
0.000290931
0.000290931
0.000287075
0.000287075
0.000239997
0.000239997
0.000290317
0.000290317
1.65237e-05
1.65237e-05
1.65237e-05
0.000265079
0.000265079
0.000288963
0.000288963
0.000283983
0.000283983
0.000286673
0.000286673
0.000284498
0.000284498
0.000260963
0.000260963
0.00025213
0.00025213
0.000291971
0.000291971
0.000285381
0.000285381
0.000212912
0.000212912
0.000287432
0.000287432
0.00028591
0.00028591
0.000275599
0.000275599
0.000236649
0.000236649
0.000289954
0.000289954
0.000287721
0.000287721
0.000284557
0.000284557
0.000291449
0.000291449
0.000286402
0.000286402
0.000280254
0.000280254
0.0002881
0.0002881
0.000245846
0.000245846
0.000290178
0.000290178
0.000280907
0.000280907
0.000287832
0.000287832
0.000288928
0.000288928
0.000261092
0.000261092
3.03004e-05
3.03004e-05
0.000286383
0.000286383
0.000278484
0.000278484
5.53085e-05
5.53085e-05
0.00028798
0.00028798
0.000284587
0.000284587
0.000288096
0.000288096
0.000284766
0.000284766
0.000291247
0.000291247
0.000278507
0.000278507
0.000286095
0.000286095
2.47197e-05
2.47197e-05
2.47197e-05
0.000281397
0.000281397
0.000290122
0.000290122
2.55913e-05
2.55913e-05
2.55913e-05
0.00028072
0.00028072
1.67466e-05
1.67466e-05
1.67466e-05
0.000284831
0.000284831
0.000290126
0.000290126
0.000220729
0.000220729
0.000277936
0.000277936
0.000281777
0.000281777
0.000295361
0.000295361
0.000275554
0.000275554
0.00028819
0.00028819
0.000290718
0.000290718
0.00028526
0.00028526
0.00028685
0.00028685
0.000278037
0.000278037
0.000259608
0.000259608
0.000282068
0.000282068
0.00025452
0.00025452
0.000286679
0.000286679
0.000291261
0.000291261
0.000186065
0.000186065
0.000286831
0.000286831
0.00028722
0.00028722
0.000289543
0.000289543
0.000189353
0.000189353
0.000291061
0.000291061
0.000287222
0.000287222
0.000277579
0.000277579
0.000282311
0.000282311
0.000286187
0.000286187
0.000288798
0.000288798
0.000284461
0.000284461
0.000202147
0.000202147
0.000190295
0.000190295
0.000278864
0.000278864
0.000271677
0.000271677
0.000288162
0.000288162
0.000275156
0.000275156
0.000282436
0.000282436
0.000279447
0.000279447
0.000255883
0.000255883
0.000277912
0.000277912
0.000289936
0.000289936
0.000289804
0.000289804
0.00028434
0.00028434
0.000285837
0.000285837
0.000281546
0.000281546
0.000276659
0.000276659
0.000289854
0.000289854
0.000279895
0.000279895
0.000259963
0.000259963
0.000290677
0.000290677
0.000293533
0.000293533
0.000289697
0.000289697
0.000204338
0.000204338
0.000282448
0.000282448
0.000282307
0.000282307
0.000289911
0.000289911
0.000287481
0.000287481
0.000289575
0.000289575
0.000287133
0.000287133
0.000287457
0.000287457
0.00028741
0.00028741
0.000280225
0.000280225
0.000284919
0.000284919
0.00029005
0.00029005
0.000289266
0.000289266
0.000290187
0.000290187
2.48608e-05
2.48608e-05
0.000255389
0.000255389
0.000257752
0.000257752
0.000287525
0.000287525
0.000280475
0.000280475
0.000288078
0.000288078
0.000293153
0.000293153
0.000224797
0.000224797
0.000212256
0.000212256
0.000275696
0.000275696
0.000286157
0.000286157
0.000289395
0.000289395
0.000256615
0.000256615
0.000263392
0.000263392
0.000280607
0.000280607
0.000294742
0.000294742
0.000220223
0.000220223
0.000284121
0.000284121
0.000276338
0.000276338
0.000290481
0.000290481
0.000294827
0.000294827
0.000288681
0.000288681
0.000289632
0.000289632
0.000285761
0.000285761
0.000278275
0.000278275
0.000286357
0.000286357
0.000286369
0.000286369
0.000287491
0.000287491
0.000280641
0.000280641
0.00028995
0.00028995
0.000282782
0.000282782
0.000282203
0.000282203
0.000296114
0.000296114
0.000293389
0.000293389
0.000285496
0.000285496
0.000289739
0.000289739
0.000287985
0.000287985
0.000272764
0.000272764
0.000286671
0.000286671
0.000274464
0.000274464
0.000273573
0.000273573
0.000184556
0.000184556
0.000282646
0.000282646
0.00025345
0.00025345
0.000289996
0.000289996
0.000284413
0.000284413
0.000275534
0.000275534
0.000273634
0.000273634
0.000289471
0.000289471
0.000276128
0.000276128
0.000280436
0.000280436
0.000274288
0.000274288
0.000286637
0.000286637
0.000287422
0.000287422
5.49726e-05
5.49726e-05
0.000287839
0.000287839
0.000274892
0.000274892
0.000283702
0.000283702
6.04195e-05
6.04195e-05
0.000286898
0.000286898
0.000275401
0.000275401
0.000188943
0.000188943
0.000274259
0.000274259
0.000271863
0.000271863
0.000256906
0.000256906
0.000286803
0.000286803
0.000289184
0.000289184
0.000286075
0.000286075
0.000275702
0.000275702
0.000288058
0.000288058
5.37648e-05
5.37648e-05
6.31209e-05
6.31209e-05
0.000281673
0.000281673
0.000286864
0.000286864
0.000289766
0.000289766
0.000296303
0.000296303
0.000287334
0.000287334
0.000279322
0.000279322
0.000269449
0.000269449
0.000275769
0.000275769
0.000269215
0.000269215
5.3544e-05
5.3544e-05
0.000285178
0.000285178
0.000230864
0.000230864
0.000267991
0.000267991
0.000285751
0.000285751
0.000288294
0.000288294
0.000285019
0.000285019
0.000279878
0.000279878
0.00028789
0.00028789
1.35297e-05
1.35297e-05
1.35297e-05
1.53363e-05
1.53363e-05
1.53363e-05
0.000292066
0.000292066
0.000279049
0.000279049
0.000279978
0.000279978
0.000288709
0.000288709
0.000270201
0.000270201
0.000283863
0.000283863
0.00028577
0.00028577
0.000272647
0.000272647
0.000287427
0.000287427
0.000288654
0.000288654
0.000286648
0.000286648
0.00019542
0.00019542
0.000286812
0.000286812
0.000270817
0.000270817
5.2157e-05
5.2157e-05
0.000251796
0.000251796
0.00028744
0.00028744
0.000287352
0.000287352
0.000288827
0.000288827
0.000271303
0.000271303
0.000268598
0.000268598
0.000283237
0.000283237
0.000285797
0.000285797
0.000278777
0.000278777
0.000261372
0.000261372
0.0002716
0.0002716
0.000286976
0.000286976
1.92931e-05
1.92931e-05
1.92931e-05
0.000254402
0.000254402
0.000266451
0.000266451
0.000275449
0.000275449
5.4162e-05
5.4162e-05
0.000280975
0.000280975
0.000271714
0.000271714
6.00602e-05
6.00602e-05
3.94801e-05
3.94801e-05
0.000286721
0.000286721
0.000276074
0.000276074
0.000288505
0.000288505
0.000287537
0.000287537
0.00028897
0.00028897
0.000288997
0.000288997
0.000279644
0.000279644
0.000286792
0.000286792
0.000220185
0.000220185
0.000286253
0.000286253
0.000286075
0.000286075
2.17102e-05
2.17102e-05
2.17102e-05
5.41686e-05
5.41686e-05
0.000279422
0.000279422
3.84898e-05
3.84898e-05
0.000271188
0.000271188
0.000286231
0.000286231
0.000258124
0.000258124
0.00027149
0.00027149
0.000288799
0.000288799
0.000267386
0.000267386
0.000264166
0.000264166
0.00027352
0.00027352
0.000294428
0.000294428
0.000287894
0.000287894
0.000286219
0.000286219
0.000188359
0.000188359
0.000294465
0.000294465
0.000287544
0.000287544
0.000287039
0.000287039
0.0002626
0.0002626
0.000286775
0.000286775
0.000265415
0.000265415
0.000285543
0.000285543
0.000256631
0.000256631
5.44991e-05
5.44991e-05
0.000274669
0.000274669
0.000284626
0.000284626
0.000283279
0.000283279
5.36364e-05
5.36364e-05
0.000257781
0.000257781
0.000284462
0.000284462
0.000183233
0.000183233
4.48145e-05
4.48145e-05
0.000283555
0.000283555
0.000202357
0.000202357
0.000282726
0.000282726
0.000258843
0.000258843
0.000264188
0.000264188
0.000286492
0.000286492
0.000288042
0.000288042
0.000286127
0.000286127
0.000255473
0.000255473
0.000286228
0.000286228
0.000259813
0.000259813
0.000280255
0.000280255
0.000207035
0.000207035
0.000251824
0.000251824
0.000284048
0.000284048
0.000260476
0.000260476
0.000288114
0.000288114
0.000275916
0.000275916
0.000286267
0.000286267
0.000182221
0.000182221
0.000215817
0.000215817
0.000282843
0.000282843
0.000270968
0.000270968
0.000285857
0.000285857
1.71541e-05
1.71541e-05
1.71541e-05
1.58127e-05
1.58127e-05
1.58127e-05
0.000285178
0.000285178
0.0002788
0.0002788
0.000260763
0.000260763
0.000220532
0.000220532
0.000287653
0.000287653
0.00027596
0.00027596
0.000260486
0.000260486
0.000230969
0.000230969
5.26079e-05
5.26079e-05
0.000285159
0.000285159
0.000273656
0.000273656
0.00028525
0.00028525
0.000287444
0.000287444
0.000282752
0.000282752
0.000283082
0.000283082
0.000281948
0.000281948
0.000254691
0.000254691
0.000285925
0.000285925
0.000247448
0.000247448
0.000288443
0.000288443
0.000284979
0.000284979
0.000285669
0.000285669
0.000258765
0.000258765
0.000251794
0.000251794
0.000285899
0.000285899
0.000260366
0.000260366
0.000285608
0.000285608
0.000248496
0.000248496
2.3851e-05
2.3851e-05
2.3851e-05
0.000285556
0.000285556
0.000249414
0.000249414
0.000283987
0.000283987
0.000250193
0.000250193
0.000284474
0.000284474
4.53179e-05
4.53179e-05
0.000279055
0.000279055
0.000198201
0.000198201
6.08524e-05
6.08524e-05
0.000285524
0.000285524
0.000284802
0.000284802
0.000250741
0.000250741
2.12848e-05
2.12848e-05
2.12848e-05
0.000200428
0.000200428
0.00027022
0.00027022
0.00026014
0.00026014
0.000249344
0.000249344
0.00025108
0.00025108
0.000246457
0.000246457
0.000287398
0.000287398
0.000282681
0.000282681
0.000276535
0.000276535
0.000267656
0.000267656
0.000247518
0.000247518
0.000259895
0.000259895
0.000279522
0.000279522
0.000285304
0.000285304
0.000282163
0.000282163
0.000251081
0.000251081
0.000269475
0.000269475
0.00025638
0.00025638
0.000284054
0.000284054
0.000275432
0.000275432
5.39955e-05
5.39955e-05
0.000283872
0.000283872
5.17344e-05
5.17344e-05
0.000283886
0.000283886
0.000281846
0.000281846
0.000285106
0.000285106
0.000278134
0.000278134
0.000277503
0.000277503
0.000251101
0.000251101
0.000283568
0.000283568
0.00020077
0.00020077
0.000285354
0.000285354
0.000257152
0.000257152
0.000274661
0.000274661
0.00028085
0.00028085
0.000284755
0.000284755
0.000259266
0.000259266
2.66512e-05
2.66512e-05
2.66512e-05
0.000284111
0.000284111
0.000272587
0.000272587
0.000199062
0.000199062
0.00028716
0.00028716
0.000277602
0.000277602
0.000253758
0.000253758
0.000283149
0.000283149
2.27759e-05
2.27759e-05
2.27759e-05
0.000245907
0.000245907
0.000273632
0.000273632
0.000297048
0.000297048
2.19582e-05
2.19582e-05
2.19582e-05
0.000267231
0.000267231
0.000269323
0.000269323
0.000284096
0.000284096
0.000296368
0.000296368
0.000245126
0.000245126
0.000275271
0.000275271
0.000284778
0.000284778
4.19438e-05
4.19438e-05
0.000272938
0.000272938
0.00027753
0.00027753
0.000275355
0.000275355
0.000250636
0.000250636
0.000284928
0.000284928
2.77781e-05
2.77781e-05
2.77781e-05
0.000273434
0.000273434
0.000284614
0.000284614
0.000239271
0.000239271
0.000283574
0.000283574
0.000286688
0.000286688
0.000241197
0.000241197
0.000284873
0.000284873
0.000284664
0.000284664
0.000269182
0.000269182
0.000278875
0.000278875
0.00027014
0.00027014
0.000284868
0.000284868
2.13659e-05
2.13659e-05
2.13659e-05
2.248e-05
2.248e-05
2.248e-05
0.0002143
0.0002143
0.00024311
0.00024311
0.000260606
0.000260606
2.07199e-05
2.07199e-05
2.07199e-05
0.000284513
0.000284513
0.000275271
0.000275271
4.78615e-05
4.78615e-05
0.00028265
0.00028265
0.000257739
0.000257739
0.000271798
0.000271798
0.000287381
0.000287381
4.61884e-05
4.61884e-05
2.25991e-05
2.25991e-05
2.25991e-05
0.000260885
0.000260885
0.000272204
0.000272204
5.19957e-05
5.19957e-05
1.92438e-05
1.92438e-05
1.92438e-05
1.84546e-05
1.84546e-05
1.84546e-05
0.000254948
0.000254948
0.000203813
0.000203813
0.000255672
0.000255672
0.000248378
0.000248378
0.000278744
0.000278744
0.000280588
0.000280588
0.000281495
0.000281495
0.000277288
0.000277288
0.000279448
0.000279448
0.000284178
0.000284178
2.18566e-05
2.18566e-05
2.18566e-05
0.000284053
0.000284053
2.35174e-05
2.35174e-05
2.35174e-05
2.69022e-05
2.69022e-05
2.69022e-05
0.000284154
0.000284154
0.000270243
0.000270243
0.000194602
0.000194602
2.24879e-05
2.24879e-05
2.24879e-05
0.000282089
0.000282089
0.000237005
0.000237005
0.000277414
0.000277414
5.18484e-05
5.18484e-05
0.00024133
0.00024133
5.24223e-05
5.24223e-05
0.000283061
0.000283061
5.34434e-05
5.34434e-05
0.000203756
0.000203756
0.000184746
0.000184746
5.30586e-05
5.30586e-05
0.000286182
0.000286182
4.99432e-05
4.99432e-05
0.000274993
0.000274993
0.000271516
0.000271516
4.40159e-05
4.40159e-05
5.37463e-05
5.37463e-05
0.00026111
0.00026111
5.45316e-05
5.45316e-05
0.000276608
0.000276608
4.34781e-05
4.34781e-05
5.52382e-05
5.52382e-05
0.000249614
0.000249614
0.000185235
0.000185235
0.00025597
0.00025597
0.000256334
0.000256334
3.51812e-05
3.51812e-05
3.51812e-05
2.20588e-05
2.20588e-05
2.20588e-05
5.56126e-05
5.56126e-05
0.000283579
0.000283579
0.000261906
0.000261906
0.000282103
0.000282103
0.000283313
0.000283313
0.000257557
0.000257557
0.000268361
0.000268361
0.000255113
0.000255113
0.000282515
0.000282515
0.000275457
0.000275457
0.000283832
0.000283832
5.17382e-05
5.17382e-05
0.000256605
0.000256605
0.000180058
0.000180058
0.000276922
0.000276922
0.00027805
0.00027805
0.000284073
0.000284073
0.0002626
0.0002626
0.000183721
0.000183721
2.01186e-05
2.01186e-05
2.01186e-05
0.000193052
0.000193052
5.53641e-05
5.53641e-05
0.000287052
0.000287052
0.000285717
0.000285717
0.000283511
0.000283511
0.000256076
0.000256076
0.000274564
0.000274564
0.000233741
0.000233741
0.000261101
0.000261101
0.000281517
0.000281517
2.14929e-05
2.14929e-05
2.14929e-05
0.000276065
0.000276065
0.000270459
0.000270459
0.000233964
0.000233964
5.21136e-05
5.21136e-05
0.000261431
0.000261431
0.000255777
0.000255777
0.00025306
0.00025306
0.000268291
0.000268291
0.000281917
0.000281917
5.1012e-05
5.1012e-05
0.000282847
0.000282847
0.000277961
0.000277961
5.05631e-05
5.05631e-05
0.000276475
0.000276475
0.000285612
0.000285612
5.09045e-05
5.09045e-05
0.000253419
0.000253419
0.00028238
0.00028238
0.000277849
0.000277849
5.4498e-05
5.4498e-05
0.000251334
0.000251334
0.000281438
0.000281438
0.000276537
0.000276537
5.02011e-05
5.02011e-05
0.000282919
0.000282919
0.000248295
0.000248295
0.000252916
0.000252916
0.00028088
0.00028088
2.22773e-05
2.22773e-05
2.22773e-05
0.000282627
0.000282627
0.000255611
0.000255611
0.000280771
0.000280771
0.000283738
0.000283738
0.000282665
0.000282665
0.000249135
0.000249135
0.000194894
0.000194894
0.000279181
0.000279181
0.000184662
0.000184662
0.00028289
0.00028289
0.000228102
0.000228102
0.000274029
0.000274029
2.51543e-05
2.51543e-05
2.51543e-05
5.3626e-05
5.3626e-05
5.35689e-05
5.35689e-05
2.12931e-05
2.12931e-05
2.12931e-05
0.000270416
0.000270416
4.88399e-05
4.88399e-05
0.000281422
0.000281422
0.0002609
0.0002609
0.000184352
0.000184352
5.27778e-05
5.27778e-05
1.94842e-05
1.94842e-05
1.94842e-05
0.000252777
0.000252777
0.000281207
0.000281207
0.000282654
0.000282654
0.000285501
0.000285501
0.000193141
0.000193141
0.00027468
0.00027468
0.000276335
0.000276335
4.98305e-05
4.98305e-05
0.000275957
0.000275957
0.0002432
0.0002432
0.000280237
0.000280237
0.000280583
0.000280583
0.000255351
0.000255351
0.000281366
0.000281366
0.000267351
0.000267351
0.000248626
0.000248626
0.000262375
0.000262375
5.32889e-05
5.32889e-05
0.000280153
0.000280153
0.000279917
0.000279917
0.000262451
0.000262451
0.000277108
0.000277108
0.000179075
0.000179075
1.87683e-05
1.87683e-05
1.87683e-05
0.000250713
0.000250713
4.31709e-05
4.31709e-05
1.89031e-05
1.89031e-05
1.89031e-05
0.000275358
0.000275358
1.89953e-05
1.89953e-05
1.89953e-05
0.000279226
0.000279226
0.000268595
0.000268595
1.89881e-05
1.89881e-05
1.89881e-05
0.00027341
0.00027341
5.36543e-05
5.36543e-05
1.88503e-05
1.88503e-05
1.88503e-05
0.000278657
0.000278657
0.000261469
0.000261469
4.9338e-05
4.9338e-05
1.85413e-05
1.85413e-05
1.85413e-05
1.82299e-05
1.82299e-05
1.82299e-05
0.000275563
0.000275563
0.000277726
0.000277726
0.000277831
0.000277831
0.000266146
0.000266146
0.000254472
0.000254472
0.000279
0.000279
0.000246506
0.000246506
0.000218149
0.000218149
2.0012e-05
2.0012e-05
2.0012e-05
2.14482e-05
2.14482e-05
2.14482e-05
1.80412e-05
1.80412e-05
1.80412e-05
0.00026934
0.00026934
0.000260565
0.000260565
0.000274625
0.000274625
5.19881e-05
5.19881e-05
0.000278576
0.000278576
4.72471e-05
4.72471e-05
5.31829e-05
5.31829e-05
0.000276068
0.000276068
0.000273622
0.000273622
5.26289e-05
5.26289e-05
4.83726e-05
4.83726e-05
0.000251884
0.000251884
0.000174939
0.000174939
1.80511e-05
1.80511e-05
1.80511e-05
5.13129e-05
5.13129e-05
0.000272705
0.000272705
1.87971e-05
1.87971e-05
1.87971e-05
0.000256431
0.000256431
0.000275735
0.000275735
0.00027202
0.00027202
0.000272113
0.000272113
0.000274474
0.000274474
1.87311e-05
1.87311e-05
1.87311e-05
1.8405e-05
1.8405e-05
1.8405e-05
0.000254745
0.000254745
0.000271888
0.000271888
1.80848e-05
1.80848e-05
1.80848e-05
0.000276167
0.000276167
5.21586e-05
5.21586e-05
0.000275382
0.000275382
0.000246934
0.000246934
2.40798e-05
2.40798e-05
2.40798e-05
2.07528e-05
2.07528e-05
2.07528e-05
2.20524e-05
2.20524e-05
2.20524e-05
5.36525e-05
5.36525e-05
0.000250527
0.000250527
0.000257135
0.000257135
0.000277704
0.000277704
0.00026939
0.00026939
0.000270862
0.000270862
0.000284353
0.000284353
0.000254461
0.000254461
0.000268227
0.000268227
0.000282481
0.000282481
0.000274354
0.000274354
1.77283e-05
1.77283e-05
1.77283e-05
0.000280967
0.000280967
0.000259127
0.000259127
0.000266168
0.000266168
4.38335e-05
4.38335e-05
0.000279622
0.000279622
1.82089e-05
1.82089e-05
1.82089e-05
0.000281515
0.000281515
0.000219115
0.000219115
2.15313e-05
2.15313e-05
2.15313e-05
4.21129e-05
4.21129e-05
0.000273319
0.000273319
0.000272941
0.000272941
0.000269126
0.000269126
0.000257997
0.000257997
2.19461e-05
2.19461e-05
2.19461e-05
0.000258911
0.000258911
2.29125e-05
2.29125e-05
2.29125e-05
5.18129e-05
5.18129e-05
5.32193e-05
5.32193e-05
0.000266934
0.000266934
0.000276124
0.000276124
0.000266738
0.000266738
0.000266986
0.000266986
0.000279534
0.000279534
0.000256567
0.000256567
5.07106e-05
5.07106e-05
0.000264875
0.000264875
2.03668e-05
2.03668e-05
2.03668e-05
2.17231e-05
2.17231e-05
2.17231e-05
0.00025679
0.00025679
1.72722e-05
1.72722e-05
1.72722e-05
0.000260125
0.000260125
5.47711e-05
5.47711e-05
0.000270711
0.000270711
0.000283076
0.000283076
0.000252915
0.000252915
0.000263992
0.000263992
0.000259584
0.000259584
0.000248387
0.000248387
0.0001699
0.0001699
0.000279906
0.000279906
1.84249e-05
1.84249e-05
1.84249e-05
1.66062e-05
1.66062e-05
1.66062e-05
0.000270032
0.000270032
2.15037e-05
2.15037e-05
2.15037e-05
1.79787e-05
1.79787e-05
1.79787e-05
0.000274261
0.000274261
0.000249462
0.000249462
0.00025098
0.00025098
2.2347e-05
2.2347e-05
2.2347e-05
0.000265168
0.000265168
2.17969e-05
2.17969e-05
2.17969e-05
5.35668e-05
5.35668e-05
0.000274412
0.000274412
0.000282569
0.000282569
2.22054e-05
2.22054e-05
2.22054e-05
5.46304e-05
5.46304e-05
0.000263511
0.000263511
2.18882e-05
2.18882e-05
2.18882e-05
0.000284946
0.000284946
0.00025401
0.00025401
2.07723e-05
2.07723e-05
2.07723e-05
0.000263581
0.000263581
0.000243791
0.000243791
0.000262408
0.000262408
5.4595e-05
5.4595e-05
0.000251452
0.000251452
0.000277805
0.000277805
1.30354e-05
1.30354e-05
1.30354e-05
1.52018e-05
1.52018e-05
1.52018e-05
0.000272432
0.000272432
0.000167025
0.000167025
0.000253998
0.000253998
0.00027177
0.00027177
0.00026776
0.00026776
0.000275158
0.000275158
0.000247166
0.000247166
0.000252145
0.000252145
2.11219e-05
2.11219e-05
2.11219e-05
0.000268288
0.000268288
0.000264847
0.000264847
0.000261799
0.000261799
0.000274497
0.000274497
0.000261601
0.000261601
0.000250785
0.000250785
4.51923e-05
4.51923e-05
2.12771e-05
2.12771e-05
2.12771e-05
0.000249082
0.000249082
0.000278822
0.000278822
0.000254829
0.000254829
0.000234349
0.000234349
0.000183686
0.000183686
5.30009e-05
5.30009e-05
2.15743e-05
2.15743e-05
2.15743e-05
0.000262696
0.000262696
0.000246236
0.000246236
5.28349e-05
5.28349e-05
0.000269913
0.000269913
5.12851e-05
5.12851e-05
1.85313e-05
1.85313e-05
1.85313e-05
0.000243179
0.000243179
0.0002537
0.0002537
0.000258882
0.000258882
0.000250028
0.000250028
2.23151e-05
2.23151e-05
2.23151e-05
2.20973e-05
2.20973e-05
2.20973e-05
0.000245546
0.000245546
5.41394e-05
5.41394e-05
5.31476e-05
5.31476e-05
5.25732e-05
5.25732e-05
0.000239287
0.000239287
0.000237345
0.000237345
0.00025277
0.00025277
0.000259901
0.000259901
0.00024861
0.00024861
4.05689e-05
4.05689e-05
1.9605e-05
1.9605e-05
1.9605e-05
0.000261846
0.000261846
0.00023562
0.00023562
0.000260578
0.000260578
5.02029e-05
5.02029e-05
2.0773e-05
2.0773e-05
2.0773e-05
0.000259524
0.000259524
0.000267858
0.000267858
0.000253132
0.000253132
0.000260036
0.000260036
0.000242262
0.000242262
0.000247481
0.000247481
0.000266268
0.000266268
5.20149e-05
5.20149e-05
2.16482e-05
2.16482e-05
2.16482e-05
0.000246812
0.000246812
5.40662e-05
5.40662e-05
0.000243951
0.000243951
1.96494e-05
1.96494e-05
1.96494e-05
0.000244552
0.000244552
2.01471e-05
2.01471e-05
2.01471e-05
5.34396e-05
5.34396e-05
2.12935e-05
2.12935e-05
2.12935e-05
0.000255779
0.000255779
2.23182e-05
2.23182e-05
2.23182e-05
0.000256666
0.000256666
5.31823e-05
5.31823e-05
0.000243576
0.000243576
0.000241222
0.000241222
1.90558e-05
1.90558e-05
1.90558e-05
5.06629e-05
5.06629e-05
0.00023652
0.00023652
5.00127e-05
5.00127e-05
4.96779e-05
4.96779e-05
1.80576e-05
1.80576e-05
1.80576e-05
0.000244181
0.000244181
1.68367e-05
1.68367e-05
1.68367e-05
0.000241943
0.000241943
1.82872e-05
1.82872e-05
1.82872e-05
0.000220345
0.000220345
0.000252697
0.000252697
0.00023418
0.00023418
2.08971e-05
2.08971e-05
2.08971e-05
2.01283e-05
2.01283e-05
2.01283e-05
4.97695e-05
4.97695e-05
4.93696e-05
4.93696e-05
5.32952e-05
5.32952e-05
5.15295e-05
5.15295e-05
2.05808e-05
2.05808e-05
2.05808e-05
1.71591e-05
1.71591e-05
1.71591e-05
0.000235063
0.000235063
0.0002391
0.0002391
0.00024872
0.00024872
0.000240607
0.000240607
1.96869e-05
1.96869e-05
1.96869e-05
1.51755e-05
1.51755e-05
1.51755e-05
4.70093e-05
4.70093e-05
0.000218973
0.000218973
0.000235042
0.000235042
0.000228543
0.000228543
0.000238779
0.000238779
0.000238793
0.000238793
0.000246465
0.000246465
0.000236064
0.000236064
1.76779e-05
1.76779e-05
1.76779e-05
4.87118e-05
4.87118e-05
0.000230769
0.000230769
2.2089e-05
2.2089e-05
2.2089e-05
4.66446e-05
4.66446e-05
1.67084e-05
1.67084e-05
1.67084e-05
4.47826e-05
4.47826e-05
0.000216343
0.000216343
0.00022322
0.00022322
1.70102e-05
1.70102e-05
1.70102e-05
3.27793e-05
3.27793e-05
9.78503e-06
9.78503e-06
9.78503e-06
9.78503e-06
1.4604e-05
1.4604e-05
1.4604e-05
1.4604e-05
3.74441e-05
3.74441e-05
1.78554e-05
1.78554e-05
1.78554e-05
1.7539e-05
1.7539e-05
1.7539e-05
4.93268e-05
4.93268e-05
2.09618e-05
2.09618e-05
2.09618e-05
4.94839e-05
4.94839e-05
1.78199e-05
1.78199e-05
1.78199e-05
1.82786e-05
1.82786e-05
1.82786e-05
4.9019e-05
4.9019e-05
1.7132e-05
1.7132e-05
1.7132e-05
1.8454e-05
1.8454e-05
1.8454e-05
5.05455e-05
5.05455e-05
4.84165e-05
4.84165e-05
1.87989e-05
1.87989e-05
1.87989e-05
2.04488e-05
2.04488e-05
2.04488e-05
1.79991e-05
1.79991e-05
1.79991e-05
4.7701e-05
4.7701e-05
1.93569e-05
1.93569e-05
1.93569e-05
4.89428e-05
4.89428e-05
1.40121e-05
1.40121e-05
1.40121e-05
9.64981e-06
9.64981e-06
9.64981e-06
1.05577e-05
1.05577e-05
1.05577e-05
4.51544e-05
4.51544e-05
1.50383e-05
1.50383e-05
1.50383e-05
1.64441e-05
1.64441e-05
1.64441e-05
4.81124e-05
4.81124e-05
1.97792e-05
1.97792e-05
1.97792e-05
0.000213235
0.000213235
0.00029655
0.00029655
0.000229197
0.000229197
0.000236272
0.000236272
0.000233254
0.000233254
5.00907e-05
5.00907e-05
1.48347e-05
1.48347e-05
1.48347e-05
0.000214325
0.000214325
0.000204864
0.000204864
0.000211113
0.000211113
9.70735e-06
9.70735e-06
9.70735e-06
0.000217911
0.000217911
0.00028047
0.00028047
0.000254314
0.000254314
0.000215743
0.000215743
4.63757e-05
4.63757e-05
4.12445e-05
4.12445e-05
0.000297483
0.000297483
0.000214957
0.000214957
2.36104e-05
2.36104e-05
2.36104e-05
1.01393e-05
1.01393e-05
1.01393e-05
2.40571e-05
2.40571e-05
2.40571e-05
0.000281813
0.000281813
0.00016009
0.00016009
0.000217745
0.000217745
0.000270955
0.000270955
2.51054e-05
2.51054e-05
2.51054e-05
0.000259484
0.000259484
0.000186012
0.000186012
0.000218501
0.000218501
9.10882e-06
9.10882e-06
9.10882e-06
9.26198e-06
9.26198e-06
9.26198e-06
2.41023e-05
2.41023e-05
2.41023e-05
2.15207e-05
2.15207e-05
2.15207e-05
2.71561e-05
2.71561e-05
2.71561e-05
2.1077e-05
2.1077e-05
2.1077e-05
2.32212e-05
2.32212e-05
2.32212e-05
2.22632e-05
2.22632e-05
2.22632e-05
0.000215716
0.000215716
4.79146e-05
4.79146e-05
0.000211185
0.000211185
1.9245e-05
1.9245e-05
1.9245e-05
1.73114e-05
1.73114e-05
1.73114e-05
1.84873e-05
1.84873e-05
1.84873e-05
4.91348e-05
4.91348e-05
0.000190771
0.000190771
0.000283627
0.000283627
2.12172e-05
2.12172e-05
2.12172e-05
1.38044e-05
1.38044e-05
1.38044e-05
1.45556e-05
1.45556e-05
1.45556e-05
0.000214351
0.000214351
0.000217105
0.000217105
3.84487e-05
3.84487e-05
0.000195935
0.000195935
0.000297257
0.000297257
0.000176894
0.000176894
0.000159725
0.000159725
4.1968e-05
4.1968e-05
1.9869e-05
1.9869e-05
1.9869e-05
5.73058e-05
5.73058e-05
4.07559e-05
4.07559e-05
5.93926e-05
5.93926e-05
4.34373e-05
4.34373e-05
4.04017e-05
4.04017e-05
4.18188e-05
4.18188e-05
1.4819e-05
1.4819e-05
1.4819e-05
1.43335e-05
1.43335e-05
1.43335e-05
0.000210983
0.000210983
0.000193456
0.000193456
0.00016726
0.00016726
0.000297418
0.000297418
2.45836e-05
2.45836e-05
3.74203e-05
3.74203e-05
4.16295e-05
4.16295e-05
0.000168709
0.000168709
0.000178402
0.000178402
3.98619e-05
3.98619e-05
0.000211682
0.000211682
0.000174874
0.000174874
0.000180965
0.000180965
0.000274003
0.000274003
1.87383e-05
1.87383e-05
1.87383e-05
0.000166494
0.000166494
0.000182793
0.000182793
0.000230815
0.000230815
4.2762e-05
4.2762e-05
0.000295212
0.000295212
0.000220151
0.000220151
0.000244735
0.000244735
1.33028e-05
1.33028e-05
1.33028e-05
0.000187228
0.000187228
0.00029536
0.00029536
0.000184381
0.000184381
3.3374e-05
3.3374e-05
2.06164e-05
2.06164e-05
2.06164e-05
0.000277154
0.000277154
0.000258642
0.000258642
0.000295842
0.000295842
0.000159361
0.000159361
0.000169126
0.000169126
1.72191e-05
1.72191e-05
1.72191e-05
0.00026468
0.00026468
0.00029508
0.00029508
0.000164448
0.000164448
0.000295233
0.000295233
0.000271299
0.000271299
3.9369e-05
3.9369e-05
0.000274555
0.000274555
0.000295095
0.000295095
0.000188282
0.000188282
0.000281166
0.000281166
0.000192365
0.000192365
0.000161811
0.000161811
0.000168117
0.000168117
1.41435e-05
1.41435e-05
1.41435e-05
0.000279773
0.000279773
3.49936e-05
3.49936e-05
1.79781e-05
1.79781e-05
1.79781e-05
0.000295223
0.000295223
)
;
    }
}


// ************************************************************************* //
