/*--------------------------------*- C++ -*----------------------------------*\
  =========                 |
  \\      /  F ield         | OpenFOAM: The Open Source CFD Toolbox
   \\    /   O peration     | Website:  https://openfoam.org
    \\  /    A nd           | Version:  8
     \\/     M anipulation  |
\*---------------------------------------------------------------------------*/
FoamFile
{
    version     2.0;
    format      ascii;
    class       volVectorField;
    location    "0.35";
    object      U;
}
// * * * * * * * * * * * * * * * * * * * * * * * * * * * * * * * * * * * * * //

dimensions      [0 1 -1 0 0 0 0];

internalField   nonuniform List<vector> 
1924
(
(0.13907 0.141613 1.75218e-17)
(0.314757 0.13768 4.8897e-18)
(0.791084 -0.0731386 -1.91321e-19)
(0.726602 -0.255307 5.68096e-19)
(0.303862 0.249395 4.73567e-18)
(0.839333 -0.318014 4.12233e-18)
(0.746262 -0.485224 4.41373e-18)
(0.705645 -0.55158 6.4966e-18)
(0.525576 -0.684155 6.99595e-18)
(0.680745 -0.0714862 -7.12584e-19)
(0.475384 -0.706845 7.59502e-18)
(0.444002 -0.805817 5.56372e-18)
(0.55864 0.957493 -5.29323e-19)
(0.658982 -0.79614 3.47641e-18)
(0.362537 -0.698131 5.0621e-18)
(-0.00600098 -0.128058 9.97466e-18)
(0.522098 0.873073 1.34725e-19)
(0.771376 -0.864372 2.66481e-18)
(0.28882 -0.000190443 2.26699e-17)
(0.910679 -0.923551 1.5361e-18)
(0.419398 0.974602 1.8044e-18)
(0.443108 0.420744 4.64855e-18)
(0.563122 0.398371 -2.6428e-18)
(0.869332 -0.97375 6.95778e-20)
(0.543885 0.393818 7.6107e-18)
(0.407898 0.318988 7.19839e-18)
(0.413101 0.267333 7.77508e-18)
(0.13251 -0.114725 1.45074e-20)
(0.439994 0.511123 1.16584e-17)
(0.388806 -0.699682 -7.8243e-19)
(0.317051 0.607608 -4.97388e-19)
(0.373352 0.466449 5.90031e-18)
(0.0210119 0.435331 2.36519e-17)
(0.583845 0.873434 -5.5326e-19)
(0.272561 -0.0497928 -3.51343e-20)
(0.352577 0.147762 -4.02141e-18)
(0.341931 0.372188 6.34827e-18)
(0.404488 0.40857 5.71996e-18)
(0.219643 -0.20011 -2.61043e-18)
(0.467161 0.814917 -1.25583e-21)
(0.353158 0.324058 6.40687e-18)
(0.515459 1.04981 2.97899e-19)
(0.378145 0.309979 6.38877e-18)
(0.766923 0.46564 -3.10974e-18)
(0.656673 -0.335712 5.51425e-18)
(0.234399 0.385893 1.60426e-17)
(0.192326 -0.270486 1.69031e-17)
(0.675452 -0.274784 -1.30245e-19)
(0.543835 1.24097 6.05438e-19)
(0.297155 0.787193 3.63761e-18)
(-0.623753 -0.178893 2.36784e-18)
(0.487528 0.958641 4.15542e-19)
(0.638523 0.618203 5.47835e-18)
(-0.755055 -0.0722554 1.90783e-18)
(0.211238 0.333112 1.48996e-17)
(0.538594 -0.197367 -6.5223e-19)
(0.26711 -0.146001 2.03844e-17)
(0.417664 -0.576236 -3.60118e-18)
(0.415488 -0.820402 -3.3982e-18)
(0.596757 0.878191 1.00178e-17)
(0.277477 -0.0408641 5.16429e-20)
(0.244591 0.706689 9.38579e-18)
(0.393217 0.02701 1.6135e-19)
(0.128098 -0.280673 -2.53317e-19)
(-0.544114 0.0225367 1.35165e-18)
(0.669213 -0.334055 -3.04448e-19)
(0.448544 1.39375 1.2086e-17)
(0.365386 0.266883 -2.0799e-18)
(0.292089 0.389872 1.58235e-17)
(-0.52892 -0.280822 1.64291e-18)
(0.0182609 0.21712 4.33724e-18)
(0.219641 1.19409 1.05478e-17)
(0.273726 -0.25124 -4.92464e-21)
(0.0839572 -0.422982 4.82209e-19)
(0.127485 -0.448726 7.49402e-19)
(-0.702291 0.371514 3.90904e-18)
(0.577221 -0.339942 -8.71293e-19)
(0.194242 -0.457345 3.6393e-19)
(0.599203 -0.131316 4.23845e-19)
(-0.120013 -0.368316 2.35794e-19)
(0.312912 -0.626842 -2.38906e-19)
(0.426136 0.295776 8.49518e-18)
(0.0218466 -0.17899 1.2589e-18)
(0.266655 0.730186 2.51779e-18)
(0.117424 0.171924 2.25972e-17)
(0.305981 0.171845 -2.77779e-19)
(0.343721 -0.512959 -1.30044e-18)
(0.681449 -0.519733 3.50915e-18)
(0.331845 0.856981 1.97436e-18)
(0.0590272 0.294287 4.18571e-18)
(0.716235 1.51001 1.66776e-17)
(0.392385 0.294233 8.66924e-18)
(0.289499 0.379489 1.48191e-17)
(0.362956 0.30092 1.38631e-17)
(0.151449 0.501374 3.23718e-18)
(-0.515549 0.0766272 8.29331e-19)
(0.548594 -0.359755 -8.73513e-19)
(0.384323 -0.594145 3.24505e-19)
(0.604571 0.928777 1.53165e-17)
(0.0432456 0.171841 3.66262e-18)
(0.924763 0.39772 -4.19893e-19)
(0.255191 0.69357 2.47653e-18)
(0.553552 1.07067 1.81049e-17)
(0.437801 0.414631 1.09651e-17)
(0.381259 0.241799 1.3712e-17)
(0.296629 -0.509779 1.28293e-18)
(0.889397 0.789289 7.27995e-18)
(0.247955 0.0610528 1.28407e-17)
(0.268711 0.498614 1.12531e-17)
(0.406602 0.406788 1.41434e-17)
(0.467304 -0.403937 -5.77321e-19)
(0.369237 0.525843 1.51945e-17)
(0.30439 0.232279 2.42477e-18)
(0.132708 -0.187502 3.41127e-19)
(0.48815 -0.200065 -2.31596e-20)
(0.165547 0.501419 3.42608e-18)
(0.970432 0.22852 -3.0491e-19)
(-0.502449 -0.27049 1.14186e-17)
(0.0836917 -0.10701 1.64719e-18)
(0.493277 -0.327158 -8.24746e-19)
(0.313691 0.0851382 2.47637e-17)
(0.977508 0.0748545 -1.73119e-18)
(0.456478 1.05354 1.04499e-18)
(0.0833944 0.340868 3.65027e-18)
(0.273415 1.54027 1.38078e-17)
(0.411746 0.294259 1.19629e-17)
(0.0836923 0.103053 6.75245e-18)
(0.247969 -0.476024 3.93176e-19)
(0.491626 0.452196 1.39782e-17)
(0.857256 -0.188684 -1.09769e-18)
(0.403876 -0.420217 -3.10032e-19)
(0.996541 0.701313 2.17522e-18)
(-0.504176 -0.246778 1.37898e-17)
(0.79293 0.190769 -3.57165e-19)
(0.3749 0.807668 1.73546e-18)
(0.559346 0.337975 1.36706e-17)
(0.617068 0.46437 3.37903e-18)
(0.678288 0.616276 7.21086e-18)
(0.890908 -1.07614 4.12625e-19)
(0.309882 0.0897473 9.61482e-19)
(0.608021 -0.414142 -5.06319e-19)
(0.232202 1.67579 1.18595e-17)
(0.227653 -0.536802 6.57511e-18)
(0.00364191 0.303598 1.30738e-17)
(1.13903 0.277718 2.15544e-18)
(0.777923 -0.229478 -3.09602e-18)
(0.233819 0.0150346 1.3104e-17)
(0.0339451 0.155282 4.82163e-18)
(0.208025 0.494771 9.4173e-18)
(0.0482204 -0.16574 8.67668e-19)
(0.027603 -0.191723 9.56936e-19)
(0.813444 0.00616444 -8.06947e-20)
(0.06259 0.212199 5.14812e-18)
(1.2133 0.934454 2.02235e-18)
(1.08611 0.0153109 6.80766e-18)
(0.412785 0.236022 1.04361e-17)
(0.939155 0.197238 -4.81052e-18)
(0.701312 0.31018 3.54748e-19)
(0.346895 -0.440192 1.35503e-18)
(0.0606446 -0.168696 -6.18379e-19)
(0.870183 -0.210729 2.24951e-18)
(-0.0337282 0.0415334 1.27028e-17)
(1.32051 0.748211 1.89165e-18)
(1.09986 0.0156097 -2.50029e-20)
(0.0550928 -0.232662 6.34543e-19)
(0.566075 0.385938 1.35218e-17)
(0.58033 0.419462 1.20931e-17)
(0.898366 0.220381 -3.87381e-18)
(0.435957 -0.364873 -9.31499e-19)
(0.60056 0.415977 1.35749e-17)
(0.0461847 0.369008 2.11832e-17)
(0.999555 -0.0458059 9.09869e-18)
(0.279471 -0.521243 3.24376e-19)
(0.541603 0.361942 8.8932e-18)
(0.598357 -0.348533 -8.00838e-19)
(0.126735 0.340953 4.435e-18)
(0.182073 -0.235338 2.41583e-18)
(-0.0337195 0.25677 2.15765e-18)
(0.18452 -0.115284 -2.51294e-18)
(1.40946 0.900174 1.31387e-18)
(0.320325 0.246882 1.09206e-17)
(-0.695096 -1.06382 7.35227e-18)
(0.194871 -0.391329 1.73029e-19)
(0.570864 0.432147 1.28023e-17)
(0.575246 1.23999 -8.07316e-19)
(0.30604 -0.424003 2.09197e-18)
(0.0708063 0.257615 5.85482e-18)
(0.511421 0.499691 1.45044e-17)
(0.41682 -0.425838 -1.33485e-18)
(0.323628 -0.197274 6.98424e-19)
(0.0184075 -0.0183621 6.44463e-18)
(0.820409 -0.288728 8.55476e-18)
(0.331041 -0.420486 1.54663e-18)
(1.17176 0.374667 8.09003e-18)
(0.709376 0.561642 1.3104e-17)
(0.805218 -0.00873259 -5.21168e-20)
(0.474491 0.729355 1.39706e-17)
(0.143555 0.334222 5.9138e-18)
(0.160797 0.26777 7.90767e-18)
(0.218121 0.432823 3.98363e-18)
(0.071801 0.465866 1.96424e-17)
(0.353545 -0.016689 9.52555e-21)
(0.676513 0.458067 1.23602e-17)
(0.712536 -0.314583 9.2786e-18)
(0.243434 0.359747 1.35255e-17)
(0.269526 0.34214 9.08148e-18)
(1.07827 0.469464 8.65096e-18)
(0.168774 0.439974 4.03899e-18)
(0.0909303 0.280216 4.24181e-18)
(-0.501401 -0.683232 8.35766e-18)
(1.16054 -0.0158603 1.61605e-19)
(0.888252 0.606005 1.15629e-17)
(0.915789 -1.2266 -4.03519e-19)
(0.714766 0.580374 1.35996e-17)
(0.394173 0.488398 1.0974e-17)
(0.2699 -0.489453 4.63789e-19)
(0.196523 0.226707 3.96982e-18)
(0.109466 0.3356 4.47203e-18)
(0.842459 0.0570495 9.24719e-18)
(0.243426 -0.47712 5.32811e-19)
(0.298759 0.123545 1.16814e-17)
(0.212519 -0.131777 -3.34363e-18)
(0.705345 0.552356 1.34027e-17)
(0.905297 -1.29099 3.49675e-19)
(0.554582 -0.571247 9.23529e-18)
(0.493223 0.667382 1.4077e-17)
(0.34922 -0.483297 4.34301e-18)
(0.281127 -0.550121 1.28631e-19)
(0.80939 0.686676 1.20447e-17)
(0.248684 0.415515 4.05913e-18)
(0.117996 0.397738 1.56793e-17)
(0.636308 1.2231 1.85817e-17)
(0.192397 0.274551 7.17703e-18)
(0.39916 -0.110546 3.44146e-18)
(0.558416 0.8121 1.58647e-17)
(0.0113458 -0.134503 2.58913e-19)
(0.694657 -1.33657 -1.30692e-18)
(0.854139 0.0698426 8.63876e-18)
(0.85866 0.657108 1.40899e-17)
(0.837502 -0.0567243 -9.84025e-20)
(-1.07299 -1.40027 3.71904e-18)
(0.260847 0.286079 6.30261e-18)
(0.692054 -1.19356 -1.12311e-18)
(0.181416 0.470525 3.55282e-18)
(0.308506 -0.138988 1.23811e-18)
(0.146152 0.444737 3.48595e-18)
(0.75224 -0.501984 8.84411e-18)
(0.614267 -0.337728 -8.94944e-19)
(0.224796 -0.44077 4.22567e-19)
(0.3126 -0.561418 -4.54977e-19)
(0.278113 -0.805461 -2.73414e-18)
(1.09605 -0.0464834 6.56057e-20)
(0.82357 0.698894 1.50957e-17)
(0.854202 0.654897 7.73439e-18)
(0.3687 -0.436826 -1.28091e-18)
(0.710399 -1.43684 3.06754e-21)
(0.420312 0.325353 7.8357e-18)
(0.305741 0.31837 5.57959e-18)
(0.19641 0.335079 1.17336e-17)
(0.832431 -0.156364 8.14169e-18)
(0.432828 0.414312 1.35503e-17)
(0.892523 0.722539 1.27125e-17)
(0.534341 0.228442 1.27832e-17)
(0.288013 -0.455317 5.59273e-20)
(0.28655 0.458346 5.88902e-18)
(0.106088 -0.301907 1.49115e-18)
(0.647068 1.16228 -1.82093e-18)
(0.243479 -0.48727 1.91386e-19)
(0.183735 0.209644 1.41631e-17)
(0.0785321 -0.389039 1.33122e-17)
(0.313325 0.450924 3.23356e-18)
(0.0459612 -0.21837 6.77899e-19)
(0.200596 0.382639 1.73918e-17)
(0.310508 0.271997 6.10968e-18)
(0.550247 1.2872 1.85203e-17)
(0.268026 -0.68482 5.85327e-19)
(0.813781 -0.672188 4.35978e-18)
(0.559452 0.751163 1.63605e-17)
(1.24654 1.02496 4.77027e-18)
(0.234691 0.341249 5.35573e-18)
(0.187155 0.294575 1.94707e-17)
(0.792119 -0.0660634 -5.90029e-19)
(0.752787 1.22107 1.78239e-17)
(1.03681 0.903065 9.81437e-18)
(0.412357 0.0176375 2.559e-17)
(0.0935331 -0.38151 3.72904e-19)
(0.364831 -0.427641 2.44061e-18)
(1.04002 -0.136478 -1.18388e-18)
(1.07989 -0.0199098 5.91991e-18)
(0.27113 0.280394 5.82827e-18)
(1.30471 1.21306 5.58637e-18)
(0.227661 -0.10613 -7.19297e-20)
(0.656225 0.892204 1.68814e-17)
(0.495436 -1.43577 -8.96479e-19)
(0.211701 0.515095 4.57434e-18)
(0.0726652 -0.251574 6.98795e-19)
(0.604952 -1.43463 1.65715e-19)
(0.28124 0.615729 2.25432e-18)
(0.280569 -0.510805 3.99089e-19)
(0.470346 -1.58131 -1.05422e-18)
(0.668392 -0.158373 -9.32521e-19)
(1.01889 1.01685 1.236e-17)
(0.484546 -1.1691 -3.34539e-19)
(0.125908 0.228962 2.44338e-18)
(1.04202 -0.633233 3.58824e-18)
(0.32799 0.246946 6.77235e-18)
(0.686293 1.1352 -1.96442e-18)
(0.484664 -1.05285 -2.06465e-19)
(0.327521 0.321398 6.52718e-18)
(0.449094 -0.122915 1.28782e-18)
(0.215066 0.548785 2.85965e-18)
(0.0126917 -0.190883 8.19416e-19)
(0.915196 0.976974 1.00647e-17)
(0.614209 0.63048 5.43745e-18)
(0.338616 -0.448247 -7.13924e-19)
(0.770426 0.971749 -2.46012e-18)
(0.484943 0.401102 1.26487e-17)
(1.16598 -0.214602 4.61111e-18)
(0.92327 1.02953 5.01396e-18)
(0.616755 0.538136 1.43506e-17)
(0.0210656 -0.272674 1.3863e-18)
(0.32562 0.419445 3.31637e-18)
(1.34809 1.25435 4.31324e-18)
(0.0874791 -0.240582 5.43408e-19)
(0.377068 0.257034 8.36857e-18)
(0.242834 -0.599201 5.30564e-19)
(0.310266 0.270119 6.91946e-18)
(0.321133 0.270655 6.69986e-18)
(0.591307 -0.336751 -4.58152e-19)
(0.493935 -0.523806 2.69983e-18)
(0.259345 0.342873 5.32516e-18)
(0.422776 1.40477 1.33713e-17)
(0.438695 0.43229 4.90635e-18)
(1.03004 -0.796537 2.55967e-18)
(0.185332 -0.411338 9.35449e-19)
(0.658448 0.85224 1.68027e-17)
(0.50518 1.18136 1.51788e-17)
(1.22966 1.5733 4.92355e-18)
(1.07733 1.46208 4.71484e-18)
(1.40965 1.65459 2.29753e-18)
(0.241488 -0.582049 5.20767e-19)
(0.0571595 -0.215958 3.61344e-19)
(0.628236 0.691541 7.55287e-18)
(0.300954 0.597358 2.6363e-18)
(0.279828 -1.56547 7.74742e-19)
(-0.134793 0.775752 1.62968e-17)
(0.123127 0.426541 1.59815e-17)
(0.205815 1.48623 1.54751e-17)
(0.00161318 -0.180742 8.17274e-19)
(0.332483 0.262335 6.37995e-18)
(0.364187 0.241217 5.20279e-18)
(0.451734 -0.513484 -2.58658e-18)
(0.0348172 -0.21292 3.22485e-19)
(0.297738 -1.35783 -4.80828e-19)
(0.327577 0.726792 2.00862e-18)
(0.250005 -0.561979 1.70377e-19)
(0.861853 0.680582 -4.94609e-19)
(1.17018 -0.0444599 4.9423e-18)
(0.351097 0.394386 5.73247e-18)
(-0.424582 0.0496869 4.18576e-19)
(0.74106 0.976754 1.80517e-17)
(0.193935 -1.62968 -9.83259e-19)
(0.313412 -1.22578 -3.40751e-19)
(0.464025 1.30835 1.77986e-17)
(0.382016 0.23882 5.37446e-18)
(1.18172 1.12433 6.43852e-18)
(0.562837 0.712225 6.37662e-18)
(0.390627 0.465117 2.31522e-18)
(0.895208 1.47906 6.46807e-18)
(1.33442 1.82047 4.24363e-18)
(0.331337 -1.01999 -2.44217e-19)
(0.62441 0.546089 1.58854e-17)
(0.347493 0.339421 5.67853e-18)
(-0.951605 -1.42577 -5.73816e-19)
(0.406222 0.289273 8.31698e-18)
(-0.0207565 0.286926 4.21589e-18)
(0.0940649 -1.72702 -7.16463e-19)
(0.0230911 -1.41916 3.35945e-18)
(0.303037 0.587725 6.44006e-18)
(0.0327601 1.25055 1.71376e-17)
(-0.163184 0.808041 1.9872e-17)
(0.238459 -0.528933 6.30338e-19)
(0.307021 0.267255 6.24657e-18)
(0.688763 0.650046 1.57472e-17)
(0.301634 0.377295 4.45914e-18)
(0.323057 -0.92896 -7.30183e-19)
(0.13785 -0.393284 1.8799e-18)
(0.422642 1.34094 1.63626e-17)
(0.420672 0.303847 8.04336e-18)
(1.3608 1.3795 6.57203e-18)
(0.00315518 -0.168628 8.50573e-19)
(0.378635 0.294889 5.67915e-18)
(0.410586 0.372494 9.76642e-18)
(0.310934 1.38901 1.46965e-17)
(1.24115 1.48739 5.79603e-18)
(0.126422 0.300062 1.55001e-17)
(0.422349 0.357039 8.01764e-18)
(0.520717 0.757012 6.88656e-18)
(0.518105 -0.517411 1.85422e-18)
(-0.660897 0.024187 1.21185e-17)
(0.442213 -0.339599 -3.24935e-19)
(0.222011 -0.5137 6.74222e-19)
(0.38401 0.639231 1.09187e-18)
(0.198416 0.0898925 1.39786e-17)
(0.620354 0.0985566 -1.72918e-18)
(0.458209 1.13992 1.43884e-17)
(0.292845 -0.797617 1.49385e-19)
(0.229834 1.37851 1.50764e-17)
(0.362476 0.372343 4.14955e-18)
(0.426401 0.365341 9.15799e-18)
(0.724281 0.964701 2.00125e-17)
(0.257372 0.108762 4.48452e-18)
(1.13056 -0.298428 4.1365e-18)
(1.09333 0.742737 7.68137e-18)
(0.960061 1.78137 5.90489e-18)
(-0.00787633 0.244802 1.7366e-18)
(0.220466 -0.668525 6.13298e-19)
(0.0312829 -1.48042 -4.69795e-19)
(0.217346 0.0935533 1.57489e-18)
(0.53066 -0.402352 1.9762e-19)
(0.0868368 -1.35683 -3.77811e-19)
(0.421966 0.411275 5.05799e-18)
(0.277569 -0.740365 8.17208e-19)
(0.373453 0.727576 6.48475e-19)
(0.597897 0.541645 6.15495e-18)
(0.184159 -1.14444 -1.86961e-19)
(0.328021 -0.444684 -8.58073e-19)
(0.254206 0.298606 1.82278e-18)
(0.457671 0.532696 7.30065e-18)
(0.418797 0.245896 8.46968e-18)
(0.416769 1.2285 1.58032e-17)
(0.203642 -0.640876 -7.02148e-20)
(0.380797 0.299827 1.08566e-17)
(0.11738 -0.0944437 1.63223e-18)
(1.24109 1.7602 5.93583e-18)
(0.40377 0.270642 7.56433e-18)
(0.196223 -1.05106 -1.83619e-19)
(0.576617 1.16518 -2.29071e-18)
(1.12549 0.901046 7.342e-18)
(0.503899 0.62033 6.71799e-18)
(0.320645 0.373855 4.38322e-18)
(0.458334 0.339913 7.89519e-18)
(0.635327 0.726458 1.41548e-17)
(0.0725168 -0.275315 9.12771e-19)
(-0.0934677 1.22664 1.46202e-17)
(0.0765587 -0.0708233 -2.3989e-19)
(0.768359 1.08517 1.86287e-17)
(0.192081 -0.466663 7.15135e-19)
(0.354809 0.341905 9.09234e-18)
(0.346616 1.28148 1.57132e-17)
(-0.442494 -1.45653 4.67825e-18)
(0.368253 0.302803 6.67209e-18)
(0.697694 0.883579 1.44396e-17)
(0.628367 -0.648545 1.85089e-18)
(0.452105 0.354355 7.45017e-18)
(0.475444 0.529986 1.28032e-17)
(0.221008 -0.907885 -2.66829e-19)
(-0.284907 -1.67608 -5.9598e-19)
(0.0727109 -0.143835 8.14929e-19)
(-0.478002 0.335205 1.84152e-17)
(0.189196 -0.618555 2.58125e-19)
(0.419333 0.648374 5.8995e-18)
(0.931624 0.806253 -6.80384e-18)
(0.0475614 -0.16133 6.23474e-19)
(0.393616 0.602915 1.2003e-18)
(0.275785 1.31622 1.53582e-17)
(0.0782661 1.32506 1.30139e-17)
(0.882867 1.70775 1.01202e-17)
(1.13742 0.592037 6.41133e-18)
(0.622367 0.0687522 1.23859e-18)
(0.359353 0.366294 1.17245e-17)
(0.214236 0.00207787 3.27501e-18)
(-0.0389465 -0.395039 2.21178e-18)
(0.214548 -0.843903 -3.08352e-19)
(0.53065 0.619115 3.51928e-18)
(0.19054 -0.605257 2.5236e-19)
(0.0743359 -0.280228 -2.49112e-18)
(1.05576 0.0276888 5.60718e-18)
(-0.27568 1.00667 1.38544e-17)
(-1.01121 -0.650158 7.00426e-18)
(0.703994 1.13461 1.84351e-17)
(1.1545 1.51733 5.7821e-18)
(0.36446 0.984762 1.2843e-17)
(-0.0752618 1.27121 1.21111e-17)
(0.400025 0.486186 5.43275e-18)
(0.413846 0.447533 1.08804e-17)
(0.487401 0.282126 7.54879e-18)
(-0.942758 -1.19242 -1.82803e-18)
(0.283094 0.250965 7.2054e-18)
(0.346752 -0.442362 1.40351e-19)
(0.61154 1.06487 -2.33695e-18)
(0.370535 0.240551 7.56395e-18)
(0.149957 -0.0831196 2.01027e-18)
(0.534414 -0.472768 2.08331e-18)
(-0.00660127 -1.21368 -8.00863e-20)
(0.204563 -0.753541 1.70651e-19)
(-0.475712 0.528979 1.45856e-17)
(0.36022 1.13958 1.44746e-17)
(0.48255 0.309766 7.86909e-18)
(0.105626 -0.260795 7.97573e-19)
(0.0311785 -1.12752 -9.91497e-20)
(-0.473708 -1.66182 -3.70176e-20)
(0.339747 0.429268 4.43526e-18)
(0.591301 0.713838 6.74004e-18)
(0.460973 0.790358 2.976e-19)
(-0.125115 0.348572 1.07665e-18)
(-0.219688 -1.39543 -1.50759e-19)
(0.463362 0.401279 8.21578e-18)
(0.291094 0.136525 4.69609e-18)
(0.112768 -0.988947 -1.13412e-19)
(0.175383 -0.58286 7.36213e-19)
(0.188862 -0.709441 7.35748e-19)
(0.276284 1.2078 1.46466e-17)
(0.664941 0.914637 1.57373e-17)
(0.160337 1.26478 1.36498e-17)
(0.0128233 1.27413 1.35773e-17)
(0.479132 0.615246 6.12007e-18)
(0.452419 0.444381 1.20575e-17)
(1.08926 0.846223 6.08366e-18)
(-1.00875 -0.435572 8.72988e-18)
(0.0735719 -0.14137 3.94182e-19)
(-0.3215 -1.47335 -2.18262e-19)
(0.156174 -0.67261 8.83131e-20)
(0.122886 -0.925399 -9.48659e-20)
(0.725423 1.0775 1.4085e-17)
(0.562164 0.662653 1.56647e-17)
(0.105569 -0.50109 2.7973e-18)
(0.0373997 -0.27801 -2.48419e-18)
(0.455653 0.367844 8.91081e-18)
(0.836936 1.95559 1.03377e-17)
(0.0390422 -0.155901 8.86255e-20)
(1.00919 -0.246335 3.05651e-18)
(0.225832 0.0131201 2.87945e-18)
(0.188854 -0.0584582 6.78391e-19)
(0.489423 0.666119 6.98091e-19)
(-0.273766 1.20455 1.01942e-17)
(1.07259 1.82256 5.13857e-18)
(0.432412 0.797122 3.5261e-18)
(0.840752 0.75585 -3.9345e-18)
(0.491689 0.687505 9.33809e-18)
(0.333065 0.27383 3.37793e-18)
(0.111373 -0.280092 4.88066e-19)
(-0.317423 -0.365043 -8.90178e-19)
(0.168726 -0.56499 1.4921e-18)
(0.145026 -0.830032 -1.25813e-19)
(0.41519 -0.0611733 5.8495e-18)
(-0.275896 -0.165194 1.9277e-18)
(0.0956748 -0.279428 1.0629e-19)
(-0.589839 0.967268 1.13496e-17)
(0.545257 -0.730181 6.06908e-19)
(0.544063 0.230893 7.25848e-18)
(0.332115 0.827768 9.25501e-18)
(-1.12292 -1.11113 2.58722e-18)
(0.137557 -0.104365 8.56175e-19)
(0.547403 0.364021 8.28328e-18)
(0.135091 -0.0800615 1.1863e-18)
(0.0342527 -0.248026 -1.97815e-18)
(-0.475011 -0.235586 9.05694e-19)
(0.103184 -0.270606 9.04957e-19)
(1.23105 0.423158 1.22136e-17)
(0.548759 0.751909 7.10154e-18)
(0.0534618 -0.146813 1.19964e-19)
(0.034777 -0.170698 1.34006e-17)
(0.276862 0.99565 9.80009e-18)
(0.336088 0.409845 5.30912e-18)
(0.328442 0.265316 1.31386e-18)
(0.149371 -0.658004 1.53697e-19)
(0.41537 -0.547696 3.36466e-18)
(-0.231237 -0.31486 1.21009e-18)
(0.270857 0.1161 2.6083e-18)
(0.141111 -0.788122 -9.86055e-20)
(0.27304 0.214684 4.17829e-18)
(0.515018 0.405061 9.03554e-18)
(0.121267 1.10694 1.03397e-17)
(0.12861 -0.553962 1.21867e-18)
(-0.241258 1.19076 9.25614e-18)
(0.0719043 -0.201025 -3.59483e-19)
(0.465455 0.717494 -6.29388e-19)
(-0.0245734 -1.028 -4.017e-20)
(0.0908165 -0.0918137 1.38092e-18)
(0.452637 0.428499 4.45736e-18)
(-1.25385 -0.0742803 4.11741e-18)
(1.13406 0.552888 5.18571e-18)
(0.00631992 1.24682 8.6228e-18)
(-0.431368 -0.0974634 4.3005e-19)
(-0.181998 -0.35936 -1.08259e-18)
(-0.170294 -1.13882 9.91861e-20)
(-0.0302796 -0.176498 2.50934e-19)
(0.133288 -0.731684 2.57309e-19)
(0.0769418 -0.230346 5.114e-20)
(0.476711 0.585062 6.92684e-18)
(0.101827 -0.128901 4.15826e-20)
(0.238211 -0.317441 2.08159e-17)
(-0.412744 -0.153146 5.83957e-19)
(-0.380565 -0.292418 -4.13438e-19)
(0.00426842 -0.970776 -5.67948e-20)
(-0.55269 1.22379 7.03441e-18)
(0.33228 -0.504367 -1.16126e-18)
(-0.605535 1.12929 8.59881e-18)
(0.0197587 -0.166493 -1.92658e-19)
(-0.41346 0.00873423 1.36972e-19)
(-0.236515 -1.20067 1.25874e-19)
(0.81647 1.69189 1.17296e-17)
(0.0848508 -0.285709 1.23414e-18)
(0.195316 -0.044617 1.83041e-18)
(0.770769 -0.0330276 5.49827e-18)
(0.512165 0.58646 1.46011e-17)
(0.140577 -0.645858 5.53068e-19)
(0.421637 0.42479 9.26399e-19)
(-0.0340501 -0.156119 2.00195e-20)
(0.48597 0.752013 8.16956e-18)
(-0.812884 -1.51088 -1.89242e-18)
(0.0580231 -0.185737 6.22893e-19)
(0.34912 -0.464296 -1.54652e-19)
(0.361279 0.236106 3.07961e-18)
(-0.840491 0.659565 1.04567e-17)
(0.742473 1.04851 1.59026e-17)
(0.539842 0.739232 6.89328e-19)
(-0.382414 -0.0683364 3.2668e-19)
(0.0953568 -0.272454 -3.42414e-19)
(0.0669498 -0.883216 -4.22394e-20)
(0.124821 -0.70967 3.01671e-19)
(0.448736 -0.688988 5.1115e-18)
(0.459945 0.573026 5.16243e-18)
(0.945677 1.63508 7.18468e-18)
(0.0353462 -0.491917 4.46875e-18)
(-0.0738985 -0.288375 1.54266e-18)
(-1.22868 0.0706609 5.66252e-18)
(0.624221 0.822048 1.75403e-17)
(0.0585331 -0.171141 1.0936e-18)
(-1.49776 -0.862921 -1.25648e-18)
(0.706788 0.255588 5.40007e-18)
(0.31162 -0.517458 -6.85838e-19)
(0.00680856 -0.170454 3.0078e-19)
(0.157056 -0.0855492 1.44944e-18)
(-0.393589 -0.0427893 2.58152e-19)
(0.573285 0.365173 9.84315e-18)
(0.0862521 -0.285334 1.14888e-18)
(0.17136 -0.0340459 2.9299e-18)
(0.0751979 -0.841347 -1.39059e-20)
(0.226572 0.472596 4.64016e-18)
(0.157805 0.872503 3.97589e-18)
(0.236332 0.0213132 1.26614e-18)
(0.559165 0.540318 9.21896e-18)
(-0.210793 0.456395 1.7085e-18)
(-0.532121 -1.26635 2.18382e-20)
(0.409638 0.392257 3.61687e-18)
(-0.747584 -1.01805 -3.7495e-19)
(0.195844 0.0630955 1.91912e-18)
(0.340463 0.480275 4.86994e-18)
(0.0602128 -0.134497 6.50848e-20)
(0.0240327 0.938104 3.10828e-18)
(0.574192 0.102107 -1.60678e-19)
(0.797062 1.17854 1.5356e-17)
(-0.047945 -0.262265 1.22098e-18)
(-0.193019 1.11137 3.09799e-18)
(0.0272461 -0.146407 -1.27067e-19)
(0.134274 -0.631072 -4.46362e-19)
(0.514095 0.716691 8.30911e-18)
(0.042213 -0.167777 1.16232e-18)
(0.180422 0.0596341 1.78031e-18)
(-0.248725 -0.298924 3.66308e-19)
(0.132907 -0.54484 1.00242e-18)
(0.0936415 -0.784225 1.58795e-20)
(-0.416277 1.12624 1.50249e-18)
(0.0857047 -0.294521 1.31224e-18)
(0.471194 0.687899 5.91495e-18)
(-1.54344 -0.570826 -1.41184e-19)
(0.103083 -0.11505 2.17544e-19)
(0.197818 -0.032897 1.07322e-18)
(0.314489 0.115053 1.38247e-18)
(0.109383 -0.690447 4.91937e-19)
(0.513683 0.863287 -2.10231e-18)
(0.407695 -0.495169 7.75167e-19)
(-0.638006 -1.2849 -3.35894e-19)
(0.0914304 -0.759772 5.79291e-20)
(0.96722 0.956665 6.51076e-18)
(-1.27919 -1.18917 -2.58912e-18)
(-0.336547 -0.222664 -1.77659e-19)
(-0.0235527 -0.234739 5.35954e-19)
(-0.134141 -0.971868 3.33714e-20)
(-0.18016 -1.01154 7.50575e-20)
(-1.43125 0.43845 3.92331e-18)
(-1.04338 0.977922 3.21324e-18)
(0.430168 0.525647 4.24964e-18)
(0.831502 1.91492 9.24116e-18)
(-0.77786 1.08406 2.26491e-18)
(0.145961 -0.236447 3.33533e-19)
(-0.0307285 -0.905118 -1.71135e-20)
(-0.177111 -0.293934 5.87879e-19)
(0.0842565 -0.255605 -4.65625e-19)
(0.695883 1.88075 1.27912e-17)
(0.362608 -0.686487 5.8242e-18)
(0.670146 0.747766 8.07492e-18)
(0.0419599 -0.137907 4.28727e-20)
(-0.370439 -1.05173 2.85292e-19)
(-0.0085563 -0.224445 4.96594e-19)
(0.113576 -0.618657 1.50663e-18)
(0.260354 0.0304612 6.22618e-19)
(0.339898 0.224296 1.60938e-18)
(0.0884718 -0.731946 3.58422e-19)
(-0.0019205 -0.158295 1.12674e-20)
(0.206147 0.355257 3.78965e-18)
(0.565214 0.717741 -3.22436e-19)
(-0.339898 -0.135705 -1.7892e-20)
(0.0333678 0.232931 2.41536e-18)
(0.0696274 0.457246 1.55996e-18)
(0.62303 0.810256 8.7363e-18)
(-0.00976997 -0.868432 -9.24115e-21)
(0.147783 -0.0811813 5.19296e-19)
(0.0787355 -0.123052 9.56408e-20)
(-0.280287 -0.241376 1.8417e-19)
(0.0648767 0.60639 5.1039e-19)
(0.169009 -0.231933 -3.56778e-19)
(0.412622 0.755319 6.07444e-18)
(0.492732 0.782609 1.59646e-17)
(-0.0943135 0.827508 4.89349e-19)
(0.0134032 -0.147557 -1.98966e-19)
(-0.444906 -1.07355 2.99877e-19)
(0.340915 -0.0367266 2.50397e-17)
(0.105416 -0.609789 2.18252e-18)
(-1.66675 -0.314816 1.17828e-18)
(0.105583 -0.679846 6.82985e-19)
(-0.100624 -0.264824 5.06983e-19)
(-1.36972 -0.99354 -2.27291e-18)
(0.0163286 0.228434 2.51217e-18)
(0.0185341 -0.26805 2.84413e-18)
(-0.332029 -0.0695647 2.20743e-19)
(0.582967 0.628949 -4.16591e-19)
(0.0380013 -0.817276 4.71145e-20)
(-0.22241 0.865846 1.14174e-19)
(0.00935022 -0.202032 8.35744e-19)
(0.114862 -0.266624 1.51596e-18)
(0.294814 0.118506 7.87636e-19)
(-1.28942 0.831519 1.13666e-18)
(0.404141 0.639792 4.6578e-18)
(-0.994172 1.00461 1.28023e-18)
(-0.045932 0.166316 6.54128e-19)
(-1.6138 0.198744 1.69792e-18)
(-0.000399416 -0.147203 -8.20817e-20)
(-0.31263 -0.161303 -1.46595e-19)
(-0.511338 0.967878 -1.96321e-19)
(0.0835583 -0.719948 1.06448e-18)
(-0.267887 0.0942971 2.67197e-18)
(0.3947 -0.782698 5.71065e-18)
(0.0474526 -0.280677 8.87198e-19)
(0.183731 -0.041554 -4.36258e-19)
(-0.078229 -0.249055 3.16613e-19)
(0.119599 -0.0955608 6.77223e-19)
(0.0448028 -0.792532 2.07312e-20)
(0.372593 0.336301 1.97117e-18)
(-0.229095 0.47383 5.68032e-19)
(0.982612 0.670455 5.65243e-18)
(0.106589 -0.269322 6.47806e-19)
(0.110629 -0.26662 7.21709e-19)
(0.809915 1.13146 1.64546e-17)
(-0.28077 -0.414087 4.49484e-18)
(-0.312657 -0.0917063 2.3038e-19)
(0.429816 -0.263435 5.06814e-20)
(-1.67247 -0.0623536 1.02938e-18)
(-0.171954 -0.533703 3.45633e-18)
(-0.688899 0.898609 -2.28724e-19)
(-0.719676 -0.82734 7.50664e-20)
(0.0605494 -0.764266 2.79292e-20)
(0.324325 0.206595 8.35929e-19)
(-0.0407337 -0.222951 -5.14624e-19)
(0.574353 0.928836 6.85394e-18)
(0.235072 0.0132116 -9.38888e-22)
(-0.194282 -0.248339 -8.76285e-19)
(0.0716465 0.66858 3.85955e-18)
(-1.513 -0.742002 -2.87303e-19)
(0.338572 0.827549 5.22905e-18)
(0.113407 -0.277337 1.05786e-18)
(-0.0945511 0.57738 2.32288e-19)
(0.718488 0.791406 -9.10288e-19)
(-0.139619 -0.888924 4.55325e-21)
(0.155185 -0.0591055 -8.11397e-19)
(0.413586 0.794304 4.68565e-18)
(-0.150665 -0.246282 -3.98205e-19)
(-0.078786 0.437485 5.54536e-19)
(-0.0241689 -0.149014 -8.8478e-20)
(0.092161 -0.667933 8.94758e-19)
(0.611258 1.74906 7.75345e-18)
(0.0292325 -0.0577682 7.68879e-18)
(0.955961 -1.11215 5.57806e-19)
(0.062929 -0.58613 3.07467e-18)
(-1.08726 -1.10122 -1.90774e-18)
(-0.204421 0.369885 8.59828e-19)
(-0.322977 -0.928013 1.61578e-19)
(0.102333 -0.275096 -1.74816e-19)
(-0.0286846 -0.210919 -1.77381e-19)
(0.0212009 -0.130212 -2.8834e-19)
(-0.268844 -0.914558 1.03622e-19)
(-0.158675 0.638465 1.66114e-20)
(0.260883 0.0778857 4.16249e-19)
(0.0605001 -0.751901 2.73956e-19)
(-0.106747 -0.863985 -3.61095e-21)
(-0.965732 0.309532 1.41839e-18)
(-0.197157 0.357891 1.86559e-19)
(0.0470087 -0.121744 1.16027e-19)
(0.537374 0.577624 -2.45671e-18)
(0.551442 0.596782 7.6563e-20)
(0.3594 0.416318 2.13994e-18)
(0.103229 -0.222565 3.79611e-18)
(0.0714311 -0.704685 1.12507e-18)
(-0.638615 -1.03124 1.98343e-19)
(0.0978844 -0.275443 6.76614e-19)
(-1.59513 -0.484072 -3.78336e-20)
(-0.331057 0.742833 1.5105e-20)
(0.200031 -0.0149534 -2.6272e-19)
(0.068467 -0.576099 1.72979e-18)
(-0.0319887 -0.827765 1.98554e-20)
(0.114029 -0.272985 7.43212e-19)
(-0.395726 0.0249531 1.25307e-19)
(0.0798552 -0.105221 9.57037e-20)
(-0.0931313 -0.222478 1.33043e-19)
(-1.54371 0.145044 1.63841e-19)
(-0.249114 -0.190736 -1.16645e-19)
(0.34402 0.293787 8.98327e-19)
(0.145999 -0.00500613 2.49595e-18)
(-0.00584171 -0.135729 4.0154e-21)
(0.842652 1.22949 1.57846e-17)
(-0.462326 -0.909665 3.84739e-19)
(-0.211563 -0.201235 -2.90471e-19)
(-0.953338 0.795603 6.3938e-19)
(-0.0155625 -0.806746 5.51198e-20)
(0.229281 0.0420573 4.25713e-20)
(-1.25898 0.682015 2.21439e-19)
(-0.451094 0.733357 6.66322e-20)
(-0.074622 -0.212191 8.24127e-20)
(-1.23135 -0.866355 -6.51964e-19)
(0.056901 -0.736687 9.47964e-19)
(0.11412 -0.078571 2.10134e-19)
(0.177825 0.871054 2.95338e-18)
(0.288053 0.142968 7.73042e-19)
(0.449077 0.944905 4.18396e-18)
(0.0883344 -0.657685 1.23955e-18)
(-1.45418 0.269373 -7.96409e-20)
(0.0223846 -0.782349 -6.63997e-20)
(0.209448 0.817068 -2.40145e-18)
(0.465187 -0.748946 3.93857e-18)
(-0.3695 -0.0239238 1.51931e-19)
(-0.167763 0.659564 1.08116e-18)
(0.379552 0.51682 1.97265e-18)
(0.845145 0.507894 -3.82813e-18)
(0.0110659 -0.12978 -4.31653e-19)
(-0.251163 0.591815 -1.90403e-19)
(0.25625 0.0993112 6.95445e-19)
(-1.47954 -0.19891 9.36987e-19)
(0.0327982 -0.122955 2.05111e-19)
(0.634192 1.08498 6.41578e-18)
(-0.682714 0.720958 -1.73396e-19)
(-0.149346 -0.199255 3.67033e-19)
(0.0699922 -0.69388 2.23135e-18)
(-1.31032 -0.729057 -3.34016e-20)
(-0.175711 0.48218 2.15855e-19)
(-0.00263815 -0.128068 2.24925e-20)
(0.145019 -0.0453659 3.4361e-20)
(-0.267147 -0.125368 3.49273e-19)
(0.0623421 -0.649252 2.06863e-18)
(-1.35436 0.532109 6.70456e-20)
(-0.538657 -0.904867 4.12381e-19)
(-0.188417 0.534593 4.10461e-19)
(-0.259221 -0.570203 4.31805e-18)
(-0.0270706 -0.133035 -7.88967e-20)
(-0.270478 0.590427 -3.77302e-19)
(-0.240995 -0.142026 -3.24784e-20)
(0.341264 0.368495 1.03393e-18)
(-0.121376 -0.196748 3.55574e-19)
(-0.0414552 -0.188941 6.78572e-20)
(0.02836 -0.769549 -6.17025e-19)
(0.0605269 -0.110705 8.20386e-20)
(-0.0481543 -0.123487 2.92702e-20)
(0.56705 1.83762 9.70042e-18)
(0.181962 -0.00201865 8.38066e-20)
(-0.270286 -0.50315 3.60819e-18)
(0.0522498 -0.725752 1.38322e-19)
(-0.0512469 -0.141949 1.34203e-20)
(-0.0340809 0.198688 1.24851e-18)
(-0.243073 0.43727 9.48884e-19)
(0.0714477 -0.281013 8.73325e-19)
(0.0911653 -0.0879683 1.53762e-19)
(-1.439 -0.0385441 1.46786e-19)
(0.0131818 -0.566815 3.03048e-18)
(-0.216504 0.49426 2.81901e-19)
(0.294772 0.210268 4.45368e-19)
(-0.34762 0.605408 1.0927e-19)
(0.686892 -0.814754 2.84548e-18)
(-0.775087 0.65887 5.2509e-19)
(-1.05532 0.683986 -6.71664e-20)
(0.204901 0.0481659 -1.22331e-19)
(0.0397438 -0.754331 6.02184e-19)
(0.246703 -0.0109219 2.22236e-17)
(-0.616682 -0.748876 2.30955e-19)
(-0.241524 -0.831632 2.35201e-20)
(-0.201265 -0.823381 6.57648e-21)
(-0.108869 -0.811541 -3.69522e-21)
(-1.34176 -0.463173 -1.43152e-18)
(-0.0217954 -0.125924 -1.15829e-19)
(-0.950552 -0.875099 9.30654e-20)
(-0.0783323 -0.180863 6.93999e-19)
(0.117465 -0.577381 2.08005e-18)
(0.120363 -0.0569043 2.49633e-19)
(-0.27357 -0.0662541 2.21815e-19)
(0.294216 0.65857 1.27322e-18)
(0.274366 0.166354 5.27689e-19)
(-0.352247 -0.822826 9.41995e-20)
(-0.188268 -0.156116 -3.92938e-19)
(-0.147203 0.665107 5.24911e-19)
(-0.405979 -0.820554 1.40512e-19)
(0.0201094 0.760634 9.46349e-19)
(0.825971 -0.799355 -5.64765e-18)
(-0.0841899 -0.798431 5.51789e-20)
(-0.0192091 0.858573 -1.1412e-19)
(-0.252051 -0.0837667 2.67968e-19)
(-0.503203 0.617802 -1.66773e-19)
(-0.16144 -0.161675 -1.20264e-19)
(0.290752 0.464587 6.92365e-19)
(0.153831 -0.0182339 2.61331e-19)
(0.0558541 -0.681969 1.98205e-18)
(0.030162 -0.614632 2.71569e-18)
(-1.04304 -0.79466 -4.41724e-19)
(0.225531 0.100897 -4.15086e-20)
(0.250913 -0.24377 -6.00195e-19)
(-0.0279174 -0.783569 7.59703e-20)
(-0.0637426 -0.173163 5.32248e-19)
(0.0396453 -0.747478 9.31129e-19)
(0.816713 1.18857 1.66894e-17)
(0.617185 0.784793 7.00752e-18)
(-0.228214 0.559106 2.38575e-19)
(0.178928 0.0296479 -2.18042e-19)
(-1.35365 -0.310764 -7.37846e-20)
(0.273899 0.290385 2.14039e-19)
(0.0178994 -0.116359 -1.74737e-19)
(-0.259627 0.521106 -4.95995e-19)
(0.522663 0.587956 -1.07961e-18)
(-1.29011 0.0652255 -2.10581e-20)
(0.0361625 -0.109528 1.21846e-19)
(-0.2308 0.538002 3.69985e-19)
(-0.592934 0.58384 -4.75438e-20)
(0.0411954 -0.705399 2.33976e-18)
(-1.19382 0.856561 9.23662e-19)
(-0.0139151 -0.772795 8.59936e-20)
(-0.892135 0.12199 1.33613e-18)
(-0.3152 -0.0353966 1.22906e-19)
(-0.226511 0.496634 1.74352e-19)
(0.200932 0.0805938 -1.43335e-19)
(-0.305521 0.532749 -1.28316e-18)
(-0.115514 -0.159567 8.51638e-19)
(-1.13368 -0.596609 2.50543e-19)
(-0.00620764 -0.119277 1.1357e-19)
(0.259676 0.239456 1.72906e-19)
(0.0316972 -0.163811 4.00898e-19)
(0.0601237 -0.0951954 1.17022e-19)
(-1.16586 0.427665 2.67471e-19)
(0.160952 0.256453 1.37348e-17)
(-0.0394756 -0.120648 -9.39059e-21)
(-0.134232 -0.194011 3.64415e-18)
(-0.09603 -0.157506 5.98693e-19)
(-1.25744 -0.141635 6.92822e-19)
(0.117783 -0.294353 1.32748e-18)
(0.0191217 -0.762741 4.95209e-19)
(0.0856328 -0.0720842 2.99106e-19)
(1.0564 -0.957997 4.50371e-19)
(-0.209088 -0.106781 -3.81237e-19)
(-0.40904 0.539383 -3.02006e-19)
(-0.548967 -0.779205 2.06428e-19)
(0.228965 0.162717 -2.49742e-19)
(0.0311401 0.583803 1.21387e-19)
(-0.186871 -0.117791 -2.05639e-19)
(0.0337205 -0.731269 1.93718e-18)
(0.110311 -0.0419526 -1.52264e-19)
(0.0579879 -0.680438 2.00549e-18)
(0.138524 0.562303 2.30645e-19)
(-0.799008 -0.781273 -7.91962e-19)
(0.0763845 -0.314861 1.00612e-18)
(-0.215197 0.453116 -7.10181e-21)
(-0.105602 0.57517 1.00812e-19)
(-0.938584 0.540613 5.48293e-19)
(-0.000694758 0.122314 5.72251e-18)
(-1.17509 -0.489775 -4.7825e-19)
(-0.157503 0.536027 1.14257e-19)
(-0.0220333 -0.115044 -3.74864e-19)
(0.1374 -0.00345448 -9.85866e-21)
(0.204985 0.386352 7.53569e-20)
(-0.741202 0.529453 3.18835e-19)
(0.210395 0.140452 -2.76288e-19)
(0.10087 -0.259615 -9.76322e-20)
(0.0969798 -0.274966 5.41245e-19)
(0.0252183 -0.11085 4.54537e-20)
(0.62067 0.62706 5.45632e-18)
(-0.477994 0.524835 -9.79078e-19)
(0.0210514 -0.756501 6.44413e-19)
(0.156274 0.0412515 7.80127e-20)
(0.0448671 -0.100037 6.39789e-20)
(0.0444546 -0.704807 2.36334e-18)
(0.0100764 -0.116303 -1.1239e-19)
(-1.18321 0.342383 1.66874e-19)
(-1.24408 0.187676 2.76816e-20)
(-0.0628207 -0.147032 -3.20541e-20)
(0.199562 0.316149 1.07775e-21)
(-0.144543 -0.126969 -1.42969e-19)
(-0.00260167 -0.114535 2.44143e-20)
(-1.21507 -0.0523115 -4.98183e-20)
(0.0668354 -0.0804303 4.39052e-19)
(0.528388 0.529635 -1.23588e-18)
(-0.92518 -0.657277 -7.01791e-19)
(0.750052 -0.7977 1.46769e-18)
(-0.1823 -0.767723 -5.92643e-21)
(0.112876 -0.249796 -6.60387e-19)
(0.171064 0.0905373 -1.65063e-19)
(-0.124624 -0.130523 -3.60834e-20)
(-1.18238 -0.311871 -9.87705e-19)
(-0.249043 0.479566 2.98392e-20)
(-0.151231 -0.765377 3.22001e-20)
(-0.0818914 -0.766648 2.0789e-19)
(-0.272376 0.488867 9.14122e-20)
(-0.202649 0.50068 3.5992e-19)
(0.0890043 -0.0529336 -2.41438e-19)
(0.199898 0.231948 -6.00978e-20)
(-0.313615 -0.754333 -4.51025e-22)
(-0.601813 -0.644189 8.98306e-19)
(-0.271749 -0.757155 2.91044e-21)
(0.444986 1.39953 -1.71425e-18)
(0.0288668 -0.728235 3.02471e-18)
(0.0294572 -0.745371 1.99051e-18)
(-0.345901 0.488945 -1.11077e-19)
(0.113389 -0.0178499 -1.00265e-19)
(-0.601419 0.490237 -6.82285e-21)
(0.641956 0.23079 5.4199e-19)
(0.1125 -0.283256 2.82709e-19)
(0.0877748 -0.314855 1.0491e-18)
(-0.0176598 -0.111191 -2.50812e-19)
(-0.0633522 -0.761197 8.26327e-19)
(-0.976086 0.462526 4.97312e-19)
(-0.220353 -0.0576554 4.99756e-19)
(-0.200832 -0.0712556 2.4504e-19)
(0.13329 0.0252266 2.30835e-19)
(0.765957 -0.9123 9.17512e-19)
(0.117609 -0.270291 1.09489e-18)
(0.190256 0.202695 -1.94876e-19)
(-0.0364675 -0.106718 2.69857e-20)
(-0.982977 -0.57759 -3.03385e-19)
(0.821705 -0.999537 -6.66012e-19)
(-0.80331 0.468668 4.55256e-19)
(-1.18341 -0.203994 -1.84501e-19)
(0.0928297 0.433746 -1.07843e-20)
(-0.0209246 -0.756306 4.49626e-19)
(-0.0623629 0.480491 -2.56594e-20)
(0.000447993 0.498634 -2.85395e-20)
(-0.397014 0.479466 2.8728e-19)
(0.149585 0.0728805 -1.11962e-19)
(-0.427073 -0.726917 -5.88773e-20)
(-0.0892877 -0.129292 -8.25086e-20)
(0.169873 0.146087 -2.18602e-19)
(0.293971 -0.569529 -6.26534e-19)
(1.10662 -0.878542 1.96872e-18)
(0.115593 0.376946 -1.46961e-20)
(-0.479728 -0.707666 -1.53854e-19)
(-0.660371 0.45479 4.03167e-20)
(0.0264234 -0.1012 3.6646e-20)
(-0.131379 0.470799 8.93088e-20)
(-0.0303944 -0.105109 -1.19907e-20)
(0.0425858 -0.0880151 2.97514e-20)
(0.0967626 -0.279886 5.96983e-19)
(-0.0751418 -0.127944 -1.03598e-19)
(0.0276183 -0.746065 2.03341e-18)
(-0.748912 -0.660881 -1.07018e-18)
(0.13682 0.293818 -2.86198e-20)
(-0.00400966 -0.748414 1.5371e-18)
(-0.163824 -0.0889674 2.98085e-19)
(-1.04198 -0.427666 -4.29582e-19)
(-0.145675 -0.0969107 1.38571e-19)
(0.153672 0.126309 -1.67647e-19)
(0.0601784 -0.0672666 -2.18903e-20)
(-0.162396 0.462021 4.19888e-19)
(-0.497333 0.457112 -1.22484e-19)
(-0.256096 -0.0338598 9.1527e-20)
(-1.11107 -0.0788481 -1.00038e-19)
(0.0780829 -0.039573 -4.85076e-19)
(0.140955 0.259417 -3.88255e-20)
(-0.206873 -0.508318 3.61632e-18)
(-0.294285 0.448687 1.46259e-19)
(0.0970978 -0.00442967 -6.28075e-20)
(0.376709 -0.111357 2.53814e-17)
(-0.0514207 -0.0927385 4.75294e-20)
(0.0148245 -0.107824 -4.73093e-20)
(0.0343711 -0.762763 1.47787e-18)
(-0.237439 0.454381 6.14389e-21)
(-1.0663 -0.337337 -2.39002e-19)
(-0.190015 0.412557 -5.30544e-19)
(0.111335 0.0366835 -8.02572e-20)
(-1.13299 0.067761 -1.45542e-19)
(-0.00217534 -0.518685 3.21669e-18)
(-0.305207 -0.663213 2.17511e-18)
(0.14278 0.200483 -9.7722e-20)
(-0.331943 0.442508 3.5323e-19)
(-0.804837 -0.608059 -3.91349e-19)
(0.311534 -0.52947 -1.48732e-18)
(-0.553134 0.429917 -1.19015e-21)
(-0.111436 -0.10392 1.22411e-19)
(0.030725 -0.093743 1.9969e-20)
(0.121364 0.0825519 -1.30971e-19)
(-0.0050123 -0.110657 8.96508e-20)
(0.0409413 -0.549946 2.57582e-18)
(0.00176465 0.408913 -1.38189e-20)
(-0.29749 0.270096 9.35331e-19)
(-0.0163935 -0.106198 -2.39963e-20)
(-0.0661148 0.425027 -1.27057e-21)
(-1.03708 0.291145 5.97601e-20)
(0.0371572 0.393286 -9.66684e-21)
(-0.0964282 -0.106504 4.18276e-21)
(-0.895186 0.366385 7.56757e-20)
(-0.258816 0.0111238 8.52505e-19)
(-0.301572 0.0490748 -2.3034e-19)
(1.13568 -0.766459 2.00294e-18)
(-0.0579645 -0.106931 4.80822e-20)
(0.136162 0.17819 -1.07066e-19)
(-0.240818 -0.70624 5.66954e-20)
(0.0450922 -0.0757687 4.71276e-21)
(0.0752951 0.329218 -4.42486e-21)
(-0.108308 0.413704 3.75211e-20)
(-0.0432437 -0.0939629 7.23392e-20)
(-1.05388 -0.205946 1.47881e-21)
(-0.207108 -0.71219 -1.80667e-21)
(-0.134313 -0.729243 2.15889e-19)
(0.0584533 0.247623 4.48434e-18)
(-0.415065 0.423806 5.48796e-20)
(0.0601841 -0.0506278 -5.40492e-19)
(0.0035763 -0.589141 2.67944e-18)
(0.0273958 -0.76676 1.50951e-18)
(-1.08484 -0.0216691 -1.76284e-19)
(-0.761494 0.382835 8.2599e-20)
(-0.890246 -0.49221 -3.46833e-19)
(0.0766183 -0.0182585 -4.19442e-20)
(0.0180484 -0.104399 8.34237e-21)
(0.0844195 0.296046 -2.12448e-21)
(-0.109837 -0.731669 2.04576e-19)
(-0.0566949 -0.740789 2.76507e-19)
(-0.158854 -0.0594959 7.17017e-20)
(0.0907867 0.0213023 -6.19731e-20)
(-1.05318 -0.131838 -6.9005e-20)
(-0.260389 -0.0172764 8.26637e-20)
(-0.175435 -0.0488036 -1.57128e-19)
(-0.0262774 -0.0980125 4.54142e-20)
(0.118859 0.131593 -8.63937e-20)
(0.0345308 -0.681995 2.14168e-18)
(0.0972602 0.242268 -1.07314e-20)
(0.101879 0.0657099 -1.1008e-19)
(0.377738 -1.08176 -8.2582e-19)
(-0.0465225 0.239046 2.11825e-17)
(-0.462519 0.403219 1.45135e-19)
(-0.0466307 -0.738593 -2.55233e-19)
(-0.928874 -0.420652 -3.77453e-19)
(-1.09068 0.131161 -2.92091e-19)
(-0.656821 -0.604454 -2.70521e-19)
(-0.333438 -0.679866 -5.72298e-20)
(-0.0683047 -0.1071 -2.26289e-20)
(-0.647552 0.380129 5.09136e-20)
(0.13177 -0.274845 5.23028e-19)
(-0.244748 0.411556 4.06873e-20)
(-0.16229 0.412995 -1.34961e-19)
(-0.224863 -0.0212697 6.59085e-20)
(0.0226284 -0.732643 2.67767e-18)
(0.101132 0.220621 -2.47488e-20)
(0.0678068 0.155028 3.29497e-17)
(-0.127721 -0.0738095 -2.92763e-19)
(-0.275522 0.407046 7.75354e-20)
(-0.0179426 -0.722781 1.25614e-18)
(0.103844 0.113678 -7.0367e-20)
(-0.376139 -0.664966 -7.82937e-20)
(0.00876092 -0.109793 -2.81845e-20)
(-0.0127445 -0.105606 3.5042e-20)
(-0.113307 -0.0799031 -1.5523e-19)
(1.00422 -0.779538 -2.51682e-20)
(-1.04939 0.232789 5.35628e-20)
(-0.345352 0.392743 -2.33863e-19)
(0.0838965 -0.255371 5.04157e-19)
(0.313659 -0.038971 3.40381e-19)
(-0.916726 0.310952 5.60725e-20)
(-0.799675 0.336596 -6.18948e-19)
(-0.0215151 -0.0990511 2.41961e-20)
(-0.956072 -0.300484 -4.7589e-20)
(-0.00206653 -0.108601 1.29486e-19)
(-0.197466 0.368772 3.00064e-20)
(0.0257846 -0.087598 -2.97257e-21)
(-0.205021 -0.0290232 3.2114e-20)
(0.0988521 0.176315 -3.35028e-20)
(-0.0593016 0.36934 1.09186e-20)
(0.0230595 0.335133 4.52043e-21)
(0.0129283 -0.758235 3.1355e-18)
(0.0362008 -0.0676233 -4.66586e-20)
(-0.0242237 0.370904 3.90075e-21)
(0.077597 -0.275304 5.39056e-19)
(0.0596838 -0.412059 -1.47779e-19)
(-1.00489 -0.0489835 -2.94717e-19)
(0.410294 -0.198567 6.88791e-19)
(0.0377922 0.313215 3.83415e-21)
(0.0472584 -0.0409455 -1.83879e-19)
(-0.0366359 -0.085495 8.25381e-20)
(-0.690901 0.343379 5.34688e-19)
(-0.746923 -0.516328 -1.3918e-19)
(-0.385398 0.377268 -7.71901e-19)
(0.0163675 -0.10095 -9.70561e-21)
(-0.549469 0.365327 6.85757e-20)
(0.0590522 -0.00735912 2.29902e-20)
(0.055721 0.267004 -6.11121e-22)
(0.258132 -0.20666 -1.0957e-18)
(0.03081 -0.746368 2.22736e-18)
(-1.01696 0.0525173 -1.30362e-18)
(0.068392 0.0320572 -3.55567e-20)
(-0.525502 -0.588443 -3.8008e-19)
(-0.0855289 -0.0864079 3.69624e-19)
(-0.970577 -0.231365 -8.48299e-22)
(0.135002 0.384014 3.84215e-18)
(0.108111 -0.321683 1.03893e-18)
(-0.96388 -0.137519 -8.83461e-20)
(0.0919455 0.158799 -2.73664e-20)
(-0.179303 -0.676323 -7.04133e-21)
(0.0419237 0.0698979 6.13527e-19)
(-0.0728216 0.1364 1.75125e-19)
(-0.115417 0.372351 1.87075e-20)
(0.0626685 0.247178 -1.26921e-20)
(0.0747835 0.0758251 -4.95035e-20)
(0.134496 -0.291963 1.23366e-18)
(-0.790653 -0.463028 -1.61855e-19)
(-0.0742012 -0.0887368 1.96155e-19)
(-0.0301179 -0.0882161 6.20442e-20)
(-0.353482 0.118649 1.31756e-18)
(0.0127186 -0.78125 2.90487e-18)
(-0.151486 -0.685526 8.01481e-19)
(0.0686378 0.209507 -1.12564e-20)
(-0.146678 0.368865 5.82236e-20)
(-0.255406 -0.646534 3.18626e-20)
(-0.987874 -0.0073125 -5.09871e-19)
(-0.988544 0.0906941 -4.22312e-19)
(-0.964945 -0.0848616 -1.65736e-19)
(0.0103138 -0.108675 -9.3123e-20)
(-0.592173 0.335666 8.31142e-20)
(0.0163453 -0.0965281 1.68322e-21)
(-0.475864 -0.617664 -1.02581e-18)
(-0.949772 0.198742 4.8366e-20)
(-0.463846 0.346525 1.2681e-19)
(-0.124289 -0.0494323 -1.96009e-20)
(-0.137843 -0.040903 -6.40545e-20)
(-0.844529 -0.360765 -2.63057e-19)
(0.0730139 0.12086 -1.97844e-21)
(-0.284023 0.360366 9.52221e-20)
(0.0240735 -0.0789742 -2.25916e-20)
(0.0243685 -0.22513 1.22403e-18)
(-0.224312 0.367157 9.01191e-20)
(0.0324335 -0.0546949 -1.16272e-19)
(-0.958807 0.158418 6.78536e-19)
(0.0417614 -0.0233192 2.50388e-21)
(-0.76015 0.274662 4.78129e-20)
(0.0673751 -0.357681 3.33844e-19)
(-0.0922507 -0.707279 1.23019e-20)
(0.114774 -0.227737 2.50494e-19)
(0.562569 -0.132747 5.82519e-21)
(-0.31845 0.349101 2.88253e-19)
(-0.856923 0.251017 4.18254e-20)
(0.0500997 0.0149728 -1.31504e-20)
(-0.187537 -0.0176975 4.81826e-20)
(0.135887 -0.217028 9.16307e-19)
(0.069557 0.194694 1.79902e-20)
(-0.0468638 -0.0692113 -2.99329e-19)
(-0.0101979 -0.10615 1.39516e-21)
(0.0568146 0.0583786 -3.14296e-20)
(0.0096045 -0.107717 -4.75323e-20)
(-0.291158 -0.631479 -1.46898e-21)
(-0.0266522 0.320236 8.99625e-21)
(-0.0733802 -0.712884 6.6955e-19)
(-0.09858 -0.0620102 1.94871e-19)
(-0.016093 -0.0974719 7.77333e-21)
(-0.0343062 -0.733112 3.09806e-19)
(0.0222907 0.278071 2.66557e-21)
(-0.871285 -0.301772 -2.46936e-19)
(-0.00473091 0.312301 7.89887e-21)
(-0.00291105 -0.111276 3.79447e-19)
(-0.0873626 -0.06712 1.51474e-19)
(-0.518797 0.388603 1.04778e-18)
(-0.665852 0.282075 3.03398e-19)
(-0.944132 0.0377018 -4.08202e-21)
(-0.162056 -0.0241431 -1.23388e-19)
(-0.870803 0.212198 3.67635e-20)
(0.0224579 -0.822723 2.18367e-18)
(-0.0750574 0.335771 1.27852e-20)
(-0.893066 -0.208173 -3.522e-20)
(-0.388527 0.325536 -2.2131e-20)
(0.030175 0.261412 -6.2574e-22)
(-0.891469 0.136817 2.87559e-19)
(0.0582962 0.104465 2.58814e-20)
(-0.786712 0.238167 7.58309e-20)
(0.294277 -0.164752 -3.38709e-19)
(-0.504497 0.321693 1.21415e-19)
(-0.0391948 -0.0734489 -1.83734e-19)
(-0.938584 -0.0264574 -2.16373e-19)
(-0.906709 -0.155566 -4.27251e-20)
(-0.179618 0.328042 5.6997e-20)
(0.0609339 0.161144 1.37837e-20)
(-0.0765556 -0.572731 1.94794e-18)
(-0.106449 0.330405 1.39821e-20)
(0.0395737 0.230227 -4.72045e-20)
(0.34175 -0.15183 1.18133e-19)
(-0.618603 -0.517895 -3.56539e-20)
(-0.828621 0.169288 3.32778e-20)
(-0.0470531 -0.722029 6.78301e-19)
(-0.698455 0.24905 2.58795e-19)
(0.0486275 -0.397201 2.21443e-18)
(0.00508461 -0.11362 -1.94194e-19)
(-0.909115 -0.0852907 -1.09825e-19)
(0.319078 -0.486099 -9.65357e-19)
(0.0344115 -0.356859 2.0196e-18)
(-1.09383 0.0128752 5.7309e-19)
(0.0442203 0.218317 -9.41735e-20)
(-0.187723 -0.62721 -1.39075e-18)
(0.334551 -0.144244 4.76599e-19)
(-0.0223244 -0.0848023 3.95449e-20)
(-0.900045 0.104505 2.29104e-19)
(-0.425986 0.305046 6.14727e-20)
(-0.15036 0.348812 -2.88287e-19)
(-0.934264 0.000809032 -1.88434e-19)
(-0.752422 0.188512 6.55187e-20)
(-0.840479 0.146431 3.44252e-20)
(0.0523438 0.147644 1.67941e-20)
(-0.230928 0.324569 8.02311e-20)
(-0.324565 -0.874079 1.42774e-18)
(-0.929485 0.0602142 3.49522e-19)
(-0.217984 -0.61108 -3.01501e-19)
(-0.0128561 -0.101429 -9.83123e-21)
(-0.577072 0.277642 1.00493e-19)
(-0.662556 -0.477072 2.78618e-21)
(-0.00770739 -0.109066 2.59254e-20)
(-0.260233 0.317314 8.6262e-20)
(-0.153086 0.330438 5.31592e-20)
(-0.0558278 -0.0776415 -3.45377e-19)
(-0.124495 -0.659601 -3.29377e-20)
(-0.0645867 -0.0745794 -4.09207e-19)
(-0.729804 -0.393154 2.7863e-20)
(0.0247811 -0.509868 2.07089e-18)
(0.0526141 -0.546066 2.35951e-18)
(0.281546 -0.279972 -7.30236e-19)
(-0.000975308 -0.112859 2.61627e-19)
(-0.857589 0.091167 9.80998e-20)
(-0.150877 -0.015067 -2.26972e-20)
(-0.321583 0.301359 2.70336e-19)
(-0.775646 0.158987 4.32191e-20)
(0.0613252 -0.345984 1.35282e-18)
(-0.611599 0.24835 8.34884e-20)
(0.0428732 0.191815 1.33691e-19)
(-0.918478 -0.0489154 -1.18998e-19)
(-0.375339 -0.589936 -8.78262e-20)
(-0.507956 0.423176 3.17024e-18)
(0.0097842 -0.498128 1.6122e-18)
(-0.824554 0.105165 2.90707e-20)
(-0.855236 -0.136209 -4.22264e-20)
(-0.00501444 -0.762004 1.44537e-18)
(-0.0123837 0.158655 1.63563e-17)
(-0.047077 0.219491 1.81841e-17)
(-0.0955946 -0.0419875 1.73659e-19)
(0.216951 -0.183611 -6.0896e-19)
(-0.838971 0.103634 7.13867e-19)
(-0.106449 -0.0348466 1.04115e-19)
(-0.011639 0.275306 7.2101e-21)
(-0.806828 -0.259182 -4.99635e-19)
(-0.0455331 0.294845 1.37894e-20)
(-0.671466 0.196437 1.09371e-19)
(-0.83086 -0.210031 -4.06222e-20)
(-0.355452 0.285059 2.13635e-19)
(0.261865 -0.210595 2.7002e-17)
(-0.185033 0.290093 5.63283e-20)
(0.0760726 -0.390129 -5.1513e-19)
(0.259722 -0.463203 3.18259e-19)
(-0.763518 -0.344785 9.18579e-20)
(-0.875238 -0.0967042 -5.34116e-20)
(0.221629 -0.138127 -3.00961e-19)
(0.00380292 -0.520161 2.13622e-18)
(-0.0707439 0.293611 1.89845e-20)
(-0.0176673 -0.0900048 2.67568e-20)
(0.00113169 0.265799 4.01357e-21)
(0.00700391 -0.106212 -7.99269e-20)
(-0.0292971 -0.0682206 1.66307e-20)
(0.0107398 -0.0937691 6.2903e-20)
(-0.495328 0.267735 1.28226e-19)
(-0.126252 -0.0197606 -2.28118e-19)
(0.186631 -0.19614 -1.38899e-19)
(0.094303 -0.215524 -5.22162e-19)
(0.0149006 -0.0747494 -1.22365e-20)
(-0.504626 -0.508327 -6.70843e-19)
(0.396107 -0.0845008 1.0582e-19)
(-0.699042 0.167354 7.76665e-20)
(0.0157837 0.241171 -5.22678e-21)
(0.0488916 -0.312062 6.87289e-19)
(0.0194659 -0.0487884 -4.40806e-20)
(-0.752894 0.112635 1.9264e-20)
(0.0247316 -0.0151821 1.77428e-20)
(-0.101614 -0.670915 -7.06717e-19)
(-0.000653947 -0.302297 1.85138e-17)
(0.0292389 0.0256985 -1.25286e-20)
(0.0405147 0.182806 4.37173e-20)
(0.454179 0.0268553 2.6743e-17)
(-0.793508 0.0821025 -7.70849e-21)
(-0.897056 0.0326331 -2.57664e-19)
(0.496067 -0.0953468 5.58171e-19)
(0.00745655 -0.533196 2.20566e-18)
(0.0331934 0.0733051 -3.04283e-20)
(-0.139722 0.293594 3.79575e-20)
(-0.0746898 -0.0542061 3.1483e-19)
(-0.529857 0.241913 9.76935e-20)
(-0.114337 0.29765 2.95336e-20)
(-0.926015 0.0207985 8.79283e-19)
(0.021504 0.231474 -9.73103e-21)
(-0.906698 -0.0477942 5.13469e-22)
(-0.420228 0.25465 7.05614e-20)
(0.427499 0.55742 3.55049e-18)
(-0.263238 0.274076 7.60065e-20)
(0.00486794 -0.113144 -1.29427e-19)
(-0.926407 -0.0133608 -6.65152e-19)
(0.075949 -0.233507 -1.92304e-20)
(-0.591368 0.196266 1.77457e-20)
(-0.152534 -0.600648 -3.2418e-20)
(-0.211 0.284774 5.29039e-20)
(-0.0660957 -0.0590635 1.18645e-19)
(0.15122 0.423475 3.50973e-18)
(-0.118411 -0.0131473 -1.30446e-19)
(0.268728 -0.114419 -1.85697e-19)
(0.0329095 0.1236 1.78417e-19)
(-0.416708 -0.567011 -1.84844e-19)
(-0.290941 -0.569545 5.51816e-20)
(-0.293063 0.261765 1.61673e-19)
(0.0244095 0.211891 -2.06751e-19)
(-0.621069 0.168735 2.13232e-20)
(-0.0230674 -0.0746135 2.87377e-20)
(-0.676224 0.118193 3.52004e-20)
(-0.453771 0.231926 9.64014e-20)
(0.013031 -0.567821 1.90866e-18)
(-0.126838 -0.617533 5.12897e-19)
(-0.786215 -0.176138 -3.80839e-20)
(-0.0360616 -0.0493091 -2.81895e-19)
(-0.882462 0.0583316 8.95547e-19)
(-0.0527159 -0.701117 1.40906e-19)
(-0.717697 0.089734 2.21623e-20)
(-0.86596 -0.0801115 1.48922e-20)
(-0.815019 -0.136274 -1.62462e-20)
(-0.351794 0.23815 4.64401e-21)
(0.00102852 -0.116433 3.39824e-20)
(-0.167772 0.254683 6.53008e-20)
(-0.04521 0.260203 2.23525e-20)
(-0.00317142 -0.112999 1.96666e-20)
(-0.514546 0.191651 -1.01512e-19)
(-0.54729 -0.475088 -2.79963e-19)
(-0.0300984 -0.743315 5.10563e-19)
(-0.944215 0.0216957 3.03546e-19)
(-0.21596 -0.558748 4.8321e-19)
(-0.743165 -0.247758 1.40165e-19)
(0.0273743 0.169206 2.01779e-20)
(-0.943049 -0.0247615 -4.8396e-20)
(-0.104463 0.26288 5.80479e-20)
(-0.0277718 0.25832 1.26703e-20)
(-0.00573085 -0.104049 -3.45732e-20)
(-0.21293 0.246596 4.76686e-20)
(0.0263303 0.207289 -1.74334e-19)
(-0.949217 0.0012871 1.08128e-19)
(-0.383373 0.218704 7.74562e-20)
(0.0250915 -0.247646 4.56444e-19)
(-0.143678 0.260521 8.15807e-20)
(-0.0361499 -0.719167 -2.77252e-19)
(-0.0814284 0.26677 7.82067e-20)
(-0.619836 -0.406035 8.19997e-20)
(-0.238999 0.237058 5.22921e-20)
(-0.911914 -0.0516862 6.77206e-21)
(0.165326 -0.173322 1.79059e-21)
(-0.712831 -0.290727 8.45783e-19)
(0.158754 -0.132873 -4.88708e-20)
(-0.656629 -0.366197 7.31258e-20)
(-0.0291314 -0.055242 -1.76196e-19)
(-0.544983 0.166004 -2.37833e-21)
(0.360012 -0.0313417 1.06969e-19)
(-0.921239 0.0429821 5.6038e-19)
(-0.828323 0.0428243 -2.11774e-19)
(-0.00134111 -0.539858 1.19224e-18)
(-0.00627259 0.242519 4.55031e-21)
(0.284595 -0.0667977 2.83132e-20)
(-0.16896 0.221321 2.96851e-20)
(-0.600968 0.119357 1.24035e-19)
(0.188024 -0.111533 -6.09447e-20)
(-0.0960675 -0.0165751 3.93191e-20)
(-0.0909305 -0.0115708 -2.41134e-21)
(0.186932 0.479587 -1.63143e-18)
(-0.290617 0.218886 -3.12892e-19)
(-0.247124 -0.537391 1.10694e-19)
(-0.326336 -0.548322 3.33919e-20)
(0.139835 -0.186408 2.01197e-19)
(-0.147228 -0.554616 1.07662e-18)
(-0.174791 -0.533226 4.7347e-19)
(-0.00819958 -0.0911393 3.48486e-20)
(-0.441764 0.183952 -2.52141e-19)
(-0.07974 -0.0313107 3.26041e-19)
(-0.236729 0.198597 3.49127e-20)
(-0.129574 0.228808 1.32865e-19)
(-0.641008 0.0926154 2.91015e-20)
(-0.192185 0.213027 5.0687e-20)
(0.00191372 0.236391 2.57742e-21)
(-0.0712788 -0.0377676 2.53194e-19)
(-0.0729118 -0.654547 -5.84025e-20)
(0.0185791 0.205107 -9.22013e-21)
(-0.319447 0.202767 -6.39018e-19)
(-0.10817 0.2348 -6.64577e-21)
(-0.0909289 -0.598783 3.28062e-19)
(-0.0747446 0.23655 1.633e-19)
(0.1126 -0.166044 -5.23622e-20)
(0.00131441 -0.0676947 -3.59979e-20)
(-0.809358 -0.106552 2.50149e-20)
(0.0453034 -0.233132 4.69783e-19)
(0.00360781 -0.0577465 -1.09998e-19)
(-0.373857 0.173539 9.20046e-20)
(0.00601794 -0.0431189 1.04477e-19)
(-0.262498 0.185249 1.92533e-19)
(-0.707423 -0.203028 -1.09243e-19)
(0.00844359 -0.0234936 -8.204e-21)
(-0.471964 0.160325 -7.47393e-19)
(-0.761936 0.0466975 2.78218e-20)
(0.0109856 0.0019244 1.40411e-20)
(-0.189497 0.179102 -1.1581e-20)
(-0.10572 -0.534686 1.74742e-19)
(-0.0112754 -0.0741591 3.46336e-20)
(0.0131718 0.0336866 -1.05584e-20)
(0.0145986 0.0701792 -3.32675e-22)
(-0.0554614 0.239797 5.21865e-20)
(0.349151 0.403215 3.99718e-18)
(-0.212252 0.167703 1.61713e-21)
(-0.741993 -0.165816 -2.14831e-20)
(0.00888476 0.222663 4.99585e-20)
(-0.150919 0.191773 -3.1283e-19)
(-0.862625 -0.0750912 3.19808e-20)
(0.13981 -0.267056 1.76901e-19)
(0.172178 -0.293168 1.21965e-17)
(0.0803715 -0.029192 1.40526e-17)
(0.0150287 0.108996 -9.46816e-20)
(-0.0287409 0.233695 1.24007e-20)
(-0.527533 0.117575 2.02566e-19)
(-0.311679 0.160987 -6.19954e-20)
(-1.04225 -0.0217998 6.45402e-20)
(-0.129841 0.200127 -1.94595e-19)
(0.180473 -0.0659715 1.28616e-19)
(-1.04989 0.0050667 3.41946e-19)
(-0.0963641 0.207523 -3.54418e-19)
(-0.25565 0.147309 1.53861e-19)
(-1.04664 -0.00284825 1.67416e-19)
(-0.0153046 -0.0526705 1.15049e-19)
(-0.0544672 -0.0508756 -1.04335e-19)
(0.089202 -0.182822 -5.55312e-20)
(0.0146967 0.145792 6.0422e-20)
(-1.00803 -0.0357978 -9.01377e-20)
(-0.402956 0.152209 3.76101e-19)
(-0.0679578 -0.0105832 -9.2137e-20)
(-0.081109 -0.565975 1.25657e-19)
(-0.147694 0.162157 -2.85273e-19)
(-0.205665 0.133792 3.10537e-19)
(-0.163406 -0.484907 -5.2376e-19)
(-0.0778325 0.213584 -2.457e-19)
(-8.41495e-05 -0.0740741 -9.10811e-20)
(-0.00328524 -0.078108 1.67751e-20)
(-0.566037 0.0919802 6.44924e-19)
(-0.338912 0.142156 1.71823e-20)
(-0.00607375 -0.0764279 -9.40999e-20)
(-0.651996 -0.269707 1.63779e-19)
(0.009454 0.229095 -4.96676e-20)
(-0.167992 0.151628 -3.88866e-19)
(0.012872 0.221328 9.45546e-20)
(0.254706 -0.0327405 6.30805e-20)
(-0.760386 0.0228841 7.88443e-19)
(-0.724594 -0.0153688 8.76328e-19)
(-0.680714 0.0496471 -5.16597e-20)
(-0.0475822 -0.0556335 -1.14824e-19)
(-0.0687401 -0.627638 8.468e-19)
(-0.617977 -0.307091 8.76559e-20)
(-0.227969 0.119276 4.99682e-19)
(-0.280522 0.130849 7.43956e-20)
(-0.443204 -0.468368 5.66423e-20)
(-0.0911897 -0.496692 -2.49717e-19)
(-0.0504395 0.215629 2.34021e-20)
(-0.517815 -0.407052 3.41826e-19)
(-0.11418 0.17469 1.92903e-19)
(-0.00768291 -0.0709197 -3.72351e-20)
(-0.423244 -0.404835 2.27615e-19)
(-0.117987 -0.463987 -3.21912e-19)
(-0.0167852 0.232588 1.28793e-20)
(-0.0169045 -0.0169535 1.51862e-19)
(-0.237479 -0.48435 6.79936e-20)
(0.0130758 0.175851 1.78897e-21)
(-0.554816 -0.373506 8.43051e-20)
(0.161075 -0.314017 6.98307e-19)
(0.0273705 -0.20087 4.3525e-19)
(0.0544862 -0.163583 2.2158e-19)
(-0.19236 -0.460011 -2.19231e-19)
(-0.0955503 0.183175 8.65856e-20)
(-0.161168 0.121692 -5.30901e-21)
(-0.269575 0.0930232 3.7199e-20)
(-0.588744 0.0224241 -7.12428e-20)
(-0.326989 0.100892 5.92866e-21)
(0.170987 -0.0370969 -2.40278e-19)
(-0.0693322 -0.0151306 -1.48374e-20)
(-0.0192083 -0.748211 2.04962e-19)
(-0.180964 0.108523 -1.01279e-19)
(-0.525507 -0.313678 4.97937e-20)
(-0.624047 -0.218669 -3.12518e-20)
(-0.0674073 0.191049 4.43909e-22)
(-0.26901 -0.458997 1.02663e-19)
(-0.217484 0.0851103 5.37028e-20)
(-0.951191 -0.0477358 2.59492e-20)
(-0.0353533 0.219334 1.23026e-20)
(-0.0100266 -0.647076 2.92475e-19)
(0.0282011 -0.635138 2.62042e-19)
(-0.0530742 -0.679992 -3.37712e-20)
(-0.00955559 -0.0624166 1.74133e-19)
(-0.456724 0.113627 -1.56143e-19)
(-0.0426762 -0.591356 3.31979e-20)
(-0.128424 0.138449 -2.17221e-19)
(-0.316517 -0.488087 1.52758e-19)
(-0.00428091 0.224865 1.26784e-20)
(-0.662144 -0.184439 -7.32305e-20)
(-0.38957 0.107937 1.59839e-19)
(-0.740302 -0.125004 2.00624e-20)
(0.119326 -0.108432 -5.83078e-20)
(-0.459665 -0.374116 2.41497e-19)
(0.0103857 0.196271 1.76744e-20)
(-0.0113836 -0.0500284 -8.68029e-20)
(-0.110072 0.148977 -1.48225e-19)
(-0.745033 -0.00978852 -9.81868e-20)
(-0.0479136 -0.0103856 -3.3232e-20)
(-0.436586 -0.316337 6.61244e-20)
(-0.242289 0.0679618 1.72715e-20)
(-0.297592 0.0740717 1.85809e-20)
(-0.697998 0.0279448 3.63273e-19)
(-0.0812958 0.161719 6.00161e-20)
(-0.527628 0.0252694 -3.17475e-20)
(-0.598699 0.049869 -1.92313e-19)
(-0.561015 -0.280461 4.58099e-20)
(-0.351395 -0.46197 1.98005e-19)
(-0.764904 0.00607143 2.03341e-19)
(-0.0488525 -0.512082 -8.73417e-20)
(-0.0517251 0.197717 3.93716e-21)
(-0.75518 -1.61178e-05 8.89207e-20)
(-0.403869 -0.497068 1.16996e-19)
(-0.170428 0.078006 -4.54186e-20)
(0.03072 -0.145662 4.42087e-19)
(-0.121141 0.112112 9.66924e-20)
(-0.797511 -0.0929116 3.07488e-20)
(-0.138821 0.0995628 7.56282e-20)
(-0.0353934 -0.661103 2.85646e-19)
(-0.0171688 0.218644 2.21888e-20)
(-0.369858 -0.374907 3.02085e-19)
(-0.0103493 -0.0164821 7.95145e-20)
(-0.0189021 -0.040459 1.64057e-19)
(-0.472167 -0.285357 2.82317e-20)
(0.10256 -0.120446 -1.60394e-19)
(-0.493252 0.0892978 -4.85017e-19)
(-0.35085 -0.319775 2.86759e-19)
(-0.176368 -0.410455 -8.31354e-19)
(-0.253812 -0.406249 -2.29305e-21)
(-0.192168 0.0622952 -3.09459e-20)
(-0.358165 0.0799901 -3.4123e-20)
(-0.71337 -0.0177853 6.81072e-20)
(-0.206502 -0.38315 -3.122e-19)
(-0.539084 -0.226632 2.41263e-21)
(-0.0649617 0.170742 2.92109e-20)
(-0.285843 -0.378005 -1.48143e-19)
(-0.0924825 0.128653 8.78415e-20)
(-0.0998997 -0.421443 -1.89092e-19)
(0.0836265 -0.0717726 3.08003e-19)
(0.0924881 -0.0417802 3.02491e-19)
(-0.127754 0.0724628 4.31266e-20)
(-0.335314 -0.40414 2.27902e-19)
(-0.128624 -0.388541 -2.7923e-19)
(-0.0562087 -0.0305381 -1.16736e-19)
(0.234442 0.520173 2.90449e-18)
(-0.30331 0.0412085 2.02542e-20)
(-0.471028 0.0247221 -5.06821e-20)
(-0.45409 -0.231179 2.00177e-20)
(-0.662968 -0.135932 1.93445e-20)
(-0.24238 0.0381137 4.38227e-21)
(-0.385872 -0.289299 1.7062e-19)
(0.00206519 0.241496 -8.65914e-21)
(0.00693916 0.206459 -9.58344e-20)
(-0.146705 0.0577159 1.76504e-20)
(-0.100606 0.0930418 7.60536e-20)
(-0.0758683 0.139433 4.55348e-20)
(-0.0302254 0.203931 6.09045e-21)
(-0.0243476 -0.439668 -4.73781e-20)
(-0.0269295 -0.388422 -5.2846e-20)
(0.00145273 0.226483 1.98279e-20)
(-0.0546393 -0.424721 -3.01083e-19)
(-0.369995 0.0442033 -2.42018e-19)
(-0.186975 0.0353518 -1.16855e-20)
(-0.0889045 0.068712 4.74589e-20)
(-0.0503723 -0.036455 -1.1614e-19)
(-0.0845504 0.105147 7.76417e-20)
(-0.369478 -0.236158 2.31389e-19)
(-0.0414021 0.182033 1.30247e-22)
(0.0620357 -0.0778262 -3.2785e-19)
(0.0418542 -0.090133 4.64749e-20)
(-0.5788 -0.194697 -1.2189e-20)
(-0.10519 0.0545908 3.31167e-20)
(-0.18805 -0.332796 2.92124e-19)
(-0.875141 -0.0555354 2.10388e-20)
(-0.667041 -0.0243753 8.06691e-21)
(-0.494085 -0.200268 7.24805e-21)
(-0.268046 -0.32579 -8.67695e-19)
(-0.423635 0.0851841 1.06409e-19)
(-0.22006 -0.303642 -7.94623e-20)
(-0.0187984 0.212683 4.4958e-21)
(-0.139436 -0.309282 -7.14183e-20)
(-0.301624 -0.295533 -4.72182e-19)
(-0.136203 0.0334094 9.11093e-21)
(-0.0292572 -0.330564 1.60113e-20)
(-0.0506336 0.154566 1.48178e-20)
(-0.0261521 -0.718097 2.1818e-19)
(-0.00868095 0.223711 3.85208e-20)
(-0.21634 0.0161428 1.6236e-21)
(-0.108564 -0.34144 -5.31097e-19)
(-0.261532 0.0181323 -9.66569e-20)
(-0.518666 0.0487289 -1.11708e-19)
(-0.415295 0.0235343 -1.99954e-19)
(-0.285375 -0.243746 -5.45841e-19)
(-0.0209423 -0.483901 1.55152e-19)
(-0.408818 -0.205026 4.97239e-20)
(-0.0611935 -0.329304 -4.74073e-20)
(-0.0583981 0.122727 2.36291e-20)
(-0.721445 -0.104217 3.32928e-20)
(-0.17419 0.0143465 -6.2623e-21)
(-0.0889769 0.0325363 -1.21764e-20)
(-0.0645986 0.0881488 5.95999e-20)
(-0.00845174 0.237562 1.17232e-19)
(-0.0137921 0.222005 -3.30729e-20)
(-0.00217042 0.193349 -3.22163e-20)
(-0.580439 -0.141596 3.20778e-20)
(-0.028722 -0.0112127 -2.22469e-19)
(-0.494799 -0.144949 1.81035e-20)
(-0.134462 0.0129109 5.23676e-21)
(-0.06655 0.0524413 -6.99733e-20)
(-0.323123 -0.211903 -2.66761e-19)
(-0.119075 -0.257826 5.02289e-19)
(-0.0317705 -0.265877 -9.36234e-20)
(-0.542912 -0.0306692 2.87339e-20)
(-0.786169 -0.0595845 4.00403e-20)
(-0.690045 -0.0610963 6.05944e-20)
(-0.442057 0.046772 4.8808e-20)
(-0.0687598 -0.226666 5.00882e-19)
(-0.309938 0.0201283 -1.00219e-21)
(-0.0961722 0.0118381 -3.6377e-21)
(-0.152302 -0.227647 2.23704e-19)
(-0.406821 -0.148961 4.83599e-20)
(-0.202215 -0.252633 1.6422e-19)
(-0.0282407 0.193543 -2.96021e-22)
(-0.0345938 -0.194335 3.11942e-20)
(-0.0577342 0.0110168 -7.52414e-20)
(-0.0424851 0.0334376 1.89083e-19)
(-0.053157 0.0648707 -5.4483e-20)
(-0.316503 -0.155724 1.61495e-19)
(-0.224417 -0.164605 1.52009e-19)
(-0.0362339 0.167902 5.09891e-21)
(-0.638351 -0.110338 4.23529e-20)
(-0.2374 -0.221517 7.35914e-20)
(-0.0430721 0.137075 1.42613e-20)
(-0.038291 -0.106915 6.97731e-20)
(-0.0851845 -0.102602 -6.01943e-20)
(-0.0489535 0.10234 2.95206e-20)
(-0.0135562 -0.526069 1.99465e-19)
(-0.278079 -0.0714509 1.22591e-19)
(-0.172464 -0.0409433 -8.17207e-20)
(-0.162961 -0.0766354 4.52697e-20)
(-0.132995 -0.167281 1.25327e-19)
(-0.272449 -0.129964 1.62419e-19)
(0.0373542 -0.0171809 -3.90827e-19)
(-0.0178548 0.0200928 -2.34041e-19)
(-0.0136917 -0.0213443 -3.94226e-19)
(0.00886914 -0.0111382 -9.11159e-20)
(-0.0406914 -0.0322171 -3.18465e-19)
(0.01515 -0.0295154 -2.36815e-19)
(-0.00694255 0.154671 -2.52523e-21)
(-0.0229327 0.167283 3.69645e-21)
(-0.361354 0.021968 7.15772e-20)
(-0.0187365 0.19809 -8.96078e-21)
(-0.00477876 0.176847 -1.89854e-20)
(0.000549252 0.203724 9.99878e-20)
(-0.0267206 0.130663 1.01612e-20)
(-0.00872345 0.127462 4.08293e-21)
(0.00354742 0.20821 -2.76288e-21)
(-0.00352473 0.244029 -2.33492e-20)
(-0.489731 -0.0630579 1.42073e-19)
(-0.329824 -0.0332794 -2.0429e-19)
(-0.608664 -0.028565 1.93343e-20)
(-0.254161 -0.0362298 2.37212e-19)
(-0.386287 -0.0662625 -5.00142e-20)
(-0.402371 -0.0319899 2.80038e-19)
(-0.590742 -0.0617394 -1.11864e-20)
(-0.0794864 -0.041568 5.10843e-20)
(-0.0224077 0.00687408 5.15937e-20)
(-0.00899791 0.0221775 4.43308e-21)
(-0.0341147 0.0423037 1.05523e-19)
(-0.011269 0.059294 1.20804e-19)
(-0.0102434 0.0955947 1.04952e-20)
(-0.030296 0.0890616 2.805e-20)
(-0.473434 -0.0314535 -8.55817e-20)
(-0.172449 -0.136717 1.17106e-19)
(0.297009 -0.286623 -1.41581e-19)
(-0.36846 -0.121961 4.34674e-20)
(-0.551121 -0.113636 2.25654e-20)
(-0.461137 -0.11677 4.68937e-20)
(-0.0440016 -0.0155002 -5.81025e-20)
(-0.00754657 -0.0125005 -1.65619e-20)
(0.183988 -0.254363 1.07146e-19)
(0.459026 -0.00919583 2.54836e-17)
(0.13866 -0.360816 1.2686e-18)
(0.00812591 -0.00836008 1.10937e-19)
(-0.0347101 -0.0301172 -1.48758e-19)
(0.254334 0.221701 3.89288e-18)
(-0.464557 0.266867 9.33547e-19)
(-0.0324109 -0.0325385 -1.36014e-19)
(-0.0176955 -0.0163275 1.70142e-19)
(0.49268 0.920259 -4.25829e-18)
(0.371999 -0.34161 -2.26327e-19)
(0.173941 -0.358741 7.86474e-19)
(0.0255016 -0.291714 4.94525e-19)
(-0.0141189 0.00764397 7.81455e-20)
(0.03574 -0.406704 7.043e-19)
(0.203443 0.097034 3.73013e-18)
(0.711894 0.964634 -1.13804e-18)
(0.16755 -0.270457 -6.51297e-20)
(0.434096 0.706281 3.87054e-18)
(0.0355889 -0.612481 9.0857e-19)
(0.28802 0.946799 -2.22265e-18)
(0.265385 0.509885 2.77581e-18)
(0.186184 -0.299658 8.33129e-20)
(-0.0161442 0.124002 2.58419e-18)
(-0.0249083 0.168335 2.46555e-18)
(0.672432 -0.0679859 1.10469e-18)
(0.623945 0.0189464 1.0421e-18)
(0.841942 -0.489939 -6.00212e-19)
(0.715436 0.0627093 1.11408e-18)
(0.65268 0.0131586 1.04149e-18)
(0.553477 0.0204949 1.01012e-18)
(0.127638 -0.260137 5.17021e-19)
(0.11453 -0.429385 9.70752e-19)
(0.266462 -0.40365 6.54075e-19)
(-0.239742 0.0210203 1.18882e-17)
(-0.137196 0.0255907 1.52772e-17)
(-0.187918 0.0492766 1.54394e-17)
(0.265292 -0.579162 7.34411e-19)
(0.341316 0.543825 2.07316e-18)
(0.137982 -0.0275914 2.54107e-18)
(-0.243014 -0.109602 1.11862e-17)
(0.342386 1.25804 -1.58741e-18)
(-1.91287 0.524405 -1.43396e-18)
(0.283884 -0.380627 5.09476e-19)
(0.242625 -0.317126 2.26557e-19)
(0.806105 -0.878767 -6.62224e-19)
(0.347513 -0.227155 2.06681e-17)
(0.336371 -0.421081 -2.88561e-19)
(0.269412 0.0967931 2.73403e-17)
(0.629593 0.434593 -3.45405e-18)
(0.332053 0.448148 -2.56646e-18)
(-0.172924 -0.076933 8.99332e-18)
(0.809968 -0.0599214 1.19851e-18)
(0.980737 0.0805325 6.59574e-19)
(0.876917 -0.165057 5.35212e-19)
(0.949675 0.0673766 1.25349e-18)
(0.986709 0.0684839 -6.0239e-19)
(0.907498 0.0340163 1.124e-18)
(0.0259087 0.181791 -1.06081e-18)
(-0.0474065 0.321523 -9.07885e-19)
(0.128857 -0.253357 2.09348e-19)
(0.361168 0.505908 2.23058e-18)
(-0.0227522 0.138039 2.35851e-17)
(0.356187 -0.451484 -1.38228e-18)
(1.01819 0.527303 6.57505e-19)
(-0.254123 0.061636 1.88083e-17)
(-1.71577 0.847232 -1.72679e-18)
(-0.131844 0.109126 2.24353e-17)
(0.666034 1.26176 -2.04707e-18)
(-0.388719 0.0239865 1.72104e-17)
(0.452874 0.548984 1.97661e-18)
(-0.178401 0.1129 2.22845e-17)
(0.628351 1.22257 -2.20677e-18)
(-0.557629 0.505705 -1.69399e-18)
(-0.154167 0.0608273 1.37265e-17)
(0.618099 1.28912 -1.44572e-18)
(-0.022338 0.0548162 2.1492e-17)
(0.466753 1.14478 -2.69815e-18)
(-0.243245 -0.1182 1.68796e-17)
(0.377946 -0.790173 6.03317e-19)
(0.749325 1.14078 -2.51803e-18)
(0.593491 0.581133 2.37297e-18)
(-0.0695117 0.107699 3.78673e-18)
(0.106905 -0.244234 2.1723e-17)
(0.587593 -0.949649 3.59347e-19)
(-0.0454363 -0.14972 2.05927e-17)
(0.446102 1.43594 -2.76682e-18)
(-0.0284219 -0.160971 1.27667e-17)
(-0.300685 0.165007 -2.8908e-18)
(0.702842 0.599215 1.22938e-18)
(0.759629 -1.10199 3.85218e-20)
(0.60143 1.0769 -3.77064e-19)
(0.511246 1.29346 -4.21505e-18)
(0.0952065 0.154702 -1.01043e-18)
(0.649117 0.689543 1.55617e-18)
(0.443247 -0.703452 3.66115e-19)
(0.563262 1.28124 -1.09187e-18)
(0.402555 -0.868741 -1.60631e-19)
(0.47013 0.550577 1.76253e-18)
(-0.0244587 0.537141 1.51278e-18)
(0.407935 0.495558 1.69725e-18)
(0.539594 -0.841269 2.48129e-19)
(0.431499 -0.140575 2.38497e-17)
(0.225367 0.144181 2.76642e-18)
(0.509328 -0.0757494 2.50344e-17)
(0.346057 0.0473284 3.03684e-17)
(0.20958 0.115512 2.65893e-17)
(0.347854 0.581123 1.90388e-18)
(0.280238 0.211713 2.21638e-18)
(0.45516 0.127477 -1.53062e-18)
(0.494448 0.0367305 -9.95879e-19)
(0.703899 -0.962365 7.00571e-19)
)
;

boundaryField
{
    patch0
    {
        type            noSlip;
    }
}


// ************************************************************************* //
