/*--------------------------------*- C++ -*----------------------------------*\
  =========                 |
  \\      /  F ield         | OpenFOAM: The Open Source CFD Toolbox
   \\    /   O peration     | Website:  https://openfoam.org
    \\  /    A nd           | Version:  8
     \\/     M anipulation  |
\*---------------------------------------------------------------------------*/
FoamFile
{
    version     2.0;
    format      ascii;
    class       volScalarField;
    location    "0.2";
    object      nut;
}
// * * * * * * * * * * * * * * * * * * * * * * * * * * * * * * * * * * * * * //

dimensions      [0 2 -1 0 0 0 0];

internalField   nonuniform List<scalar> 
1924
(
0.00283301
0.00285119
0.0027777
0.00279869
0.0027966
0.00274686
0.00279828
0.00272218
0.00279784
0.00280352
0.0027583
0.00281024
0.00244525
0.00280403
0.00287785
0.00287385
0.00245095
0.00284438
0.00281187
0.00286283
0.00210931
0.00283203
0.00268975
0.00288045
0.00285321
0.00286093
0.00286334
0.00290086
0.00254252
0.00287017
0.00259939
0.00285853
0.00249718
0.00252309
0.00288123
0.00277141
0.00284876
0.00263286
0.00282674
0.00252621
0.0028595
0.00225361
0.00286123
0.0026472
0.00287523
0.00240655
0.00281966
0.00291764
0.00198297
0.00195298
0.00281261
0.00227653
0.00280543
0.00279586
0.00232723
0.00288325
0.00279845
0.00290595
0.00289788
0.00285578
0.00272847
0.00287395
0.00271804
0.00281387
0.00276265
0.00292509
0.00286306
0.00276613
0.00240516
0.00277867
0.00210542
0.00286909
0.00280365
0.00288741
0.00288948
0.0024355
0.00292751
0.00290939
0.00291777
0.00277662
0.00292086
0.00286322
0.00285509
0.00207559
0.00274866
0.00280827
0.00291514
0.00288172
0.00193275
0.00205843
0.00286547
0.00286005
0.00232769
0.00242885
0.00209483
0.00266774
0.0029204
0.00291637
0.00285812
0.0023653
0.0025844
0.002101
0.0028612
0.00285944
0.00248085
0.00293474
0.0023904
0.00253487
0.00285233
0.00233121
0.00291723
0.00238832
0.00280647
0.00287741
0.00292166
0.00199474
0.00261711
0.00286951
0.00285537
0.00292867
0.00271508
0.000826985
0.002089
0.002036
0.0028637
0.00258938
0.00244727
0.00291667
0.00233313
0.000862994
0.00291783
0.00240733
0.000276023
0.00288089
0.00222616
0.00241739
0.00258558
0.00239812
0.00288935
0.00283021
0.00292203
0.00286852
0.000228395
0.000221514
0.00257984
0.00269129
0.0025356
0.00220938
0.00285007
0.00285127
0.00279183
0.000415633
0.00225045
0.00240898
0.00260855
0.0026078
0.000822428
0.00263894
0.00290506
0.000314654
0.00288414
0.00242145
0.00243134
0.000842486
0.00275668
0.00249105
0.00262272
0.000616756
0.00293017
0.00233927
0.00251571
0.00257663
0.00293542
0.00285722
0.00290784
0.00230349
0.00287072
0.000496585
0.00280887
0.00244542
0.00256292
0.00286926
0.002914
0.00266818
0.00196449
0.00285671
0.00224586
0.0027151
0.00292895
0.0028982
0.00241505
0.00261774
0.00290605
0.00247555
0.00265593
0.000423489
0.00280776
0.00232742
0.00239691
0.00231726
0.000536093
0.00288736
0.00244107
0.00262311
0.00267599
0.00261911
0.00251499
0.00219541
0.00218669
0.000189169
0.000858683
0.00234575
0.00289149
0.0027232
0.00275388
0.00292882
0.00284735
0.00247199
0.00255917
0.00291801
0.00256889
0.00285263
0.00250166
0.00288944
0.00267759
0.00283111
0.00289216
0.00293286
0.00273038
0.00233431
0.000380011
0.00286162
0.00245275
0.000445239
0.00285052
0.000182537
0.00289515
0.00262982
0.00249356
0.000431345
0.00286521
0.00248538
0.00289849
0.00221166
0.000438552
0.00211975
0.00271653
0.00290598
0.00291734
0.00293491
0.00285465
0.000749175
0.00277663
0.0023598
0.00292907
0.00288818
0.00285827
0.00254881
0.002558
0.00267981
0.00266953
0.0025647
0.0028545
0.00292722
0.00285919
0.00287047
0.0023832
0.00293337
0.00241614
0.000543679
0.00238803
0.0028197
0.00242761
0.00271334
0.00285901
0.00291943
0.00275988
0.00285998
0.00237742
0.00237745
0.000622776
0.000313996
0.00286493
0.0027956
0.00275553
0.00290135
0.00289953
0.000755813
0.00275803
0.00255813
0.00258687
0.00281421
0.00286556
0.00289152
0.00196378
0.00278188
0.00288517
0.00228704
0.00292851
0.00288843
0.000437085
0.00240848
0.00289984
0.0028455
0.00280523
0.0028234
0.00253108
0.00290296
0.00262669
0.0028911
0.00217273
0.0028494
0.00282624
0.002852
0.00292244
0.00253308
0.00266887
0.0027948
0.00266111
0.00273911
0.0028382
0.00240929
0.00244248
0.00283727
0.00286102
0.0029266
0.00265768
0.00277589
0.00288614
0.00289094
0.00241065
0.00285874
0.00285589
0.00283978
0.0029061
0.00286742
0.00285585
0.0026982
0.00284298
0.00249746
0.00292957
0.00285982
0.00285758
0.00229823
0.00288075
0.00286572
0.00036441
0.00285988
0.00284449
0.00285033
0.00285834
0.000407134
0.000570509
0.00289089
0.00223649
0.00293233
0.00202636
0.00284152
0.00269263
0.00251462
0.00286823
0.00288279
0.00289392
0.00285654
0.00285755
0.00254706
0.00285738
0.00249447
0.00285843
0.00276046
0.00290242
0.00276625
0.00281647
0.00286462
0.00285564
0.000475263
0.00288
0.00287754
0.00285666
0.00285955
0.00286159
0.00293242
0.00273155
0.00279584
0.0024316
0.00290539
0.0028816
0.00285632
0.00285564
0.00262225
0.000507504
0.00285541
0.00279591
0.00285611
0.00279948
0.000174576
0.00285479
0.00285549
0.00290353
0.00286587
0.00274088
0.00291977
0.0024107
0.00243995
0.000197997
0.00285323
0.00291238
0.00285611
0.00277428
0.00285455
0.00286665
0.00285421
0.00286082
0.00267596
0.00286679
0.00284325
0.00292
0.0028815
0.00283894
0.00289256
0.00288417
0.00254033
0.00291515
0.00229952
0.0028537
0.00289219
0.00292224
0.00273622
0.00285407
0.00285212
0.0028532
0.00292276
0.00285238
0.0028505
0.00283705
0.00285251
0.00289517
0.00260993
0.00276495
0.00285281
0.00247928
0.00285185
0.00282141
0.00270601
0.00285591
0.000190831
0.00286581
0.00291369
0.00283107
0.00285323
0.00287274
0.00285245
0.00283619
0.00290089
0.0028516
0.002853
0.00290328
0.00287452
0.0028487
0.00285954
0.00292621
0.00285151
0.00258701
0.00284838
0.00241568
0.00285309
0.002853
0.002871
0.00279795
0.00290481
0.0028508
0.00284983
0.00279775
0.00290621
0.00263972
0.0029277
0.00272103
0.00287609
0.00285547
0.00286256
0.00286262
0.00285375
0.00285003
0.00285284
0.00285008
0.00285019
0.0028492
0.00286063
0.00284951
0.00291416
0.00260979
0.00284962
0.00284808
0.00287393
0.00288219
0.00291264
0.00285683
0.00285051
0.00284912
0.00283642
0.00288484
0.00287195
0.00256201
0.00284906
0.00243566
0.00284167
0.0028754
0.00284834
0.00284823
0.0028925
0.0029188
0.00291521
0.00285042
0.00285153
0.00285043
0.00285031
0.002848
0.00286195
0.00284136
0.00285982
0.00284476
0.00287313
0.0029181
0.00289544
0.00285995
0.00286581
0.0028503
0.00281411
0.00284794
0.0028731
0.00284453
0.0028808
0.00284669
0.0028415
0.00250345
0.00285004
0.00286747
0.00272358
0.002582
0.00284696
0.00284645
0.00283964
0.00282869
0.00291598
0.00290256
0.00284693
0.00271201
0.00278711
0.00285233
0.00290799
0.00284692
0.00284784
0.00286235
0.00284413
0.00284627
0.00284794
0.00282348
0.00282955
0.0028152
0.002694
0.00284619
0.00284311
0.00246787
0.00284782
0.00263444
0.00279294
0.00291974
0.00287181
0.00274558
0.00284516
0.00290514
0.00284741
0.00284599
0.00284803
0.00288073
0.00284789
0.00284596
0.00244967
0.00288231
0.00285527
0.00284485
0.00285499
0.00285646
0.00284795
0.00277117
0.002833
0.00287577
0.00284239
0.00290826
0.00285644
0.00284513
0.00284264
0.000615712
0.00279801
0.00283497
0.00288497
0.00284776
0.00293136
0.00284984
0.00284291
0.00249462
0.0028735
0.00287159
0.00270856
0.00284313
0.00288085
0.00286562
0.00291237
0.00275652
0.00283764
0.00284457
0.00286716
0.00284927
0.00291697
0.00284378
0.0028519
0.0028662
0.0025175
0.00264996
0.00279859
0.00289158
0.00290963
0.00285021
0.00284343
0.0028737
0.00280292
0.00284901
0.0028529
0.00286509
0.00285511
0.00285729
0.00284443
0.00293017
0.0028425
0.00284179
0.00257395
0.00284426
0.00274483
0.00284497
0.00289396
0.0028455
0.00284576
0.00284209
0.0028435
0.00283979
0.00286784
0.00284258
0.00285956
0.00284498
0.00271596
0.00283935
0.00284574
0.0027806
0.00286955
0.0028515
0.00284583
0.00283926
0.00291079
0.0028431
0.00285537
0.00284968
0.00284805
0.00286136
0.00289649
0.00284577
0.00268042
0.00284211
0.00285514
0.00283901
0.00284087
0.00284108
0.00290197
0.00265399
0.00291166
0.0028659
0.00289723
0.00287262
0.00285918
0.00283415
0.00285479
0.00287581
0.00287352
0.00284924
0.00284741
0.00284144
0.00287495
0.00284564
0.00272043
0.00288142
0.00285044
0.00286127
0.00287009
0.00286465
0.002842
0.00283748
0.00286801
0.00285484
0.00288011
0.00283998
0.00284012
0.00288782
0.00283849
0.00284264
0.00251253
0.00277727
0.00284275
0.00284368
0.00284171
0.00288334
0.00283845
0.00283722
0.00283996
0.00284369
0.00273898
0.00284086
0.00286276
0.00284387
0.00283727
0.00286608
0.00271164
0.00286661
0.00285127
0.00290086
0.00285288
0.0028571
0.000432922
0.000240901
0.00260299
0.00262587
0.00288442
0.00284386
0.00285099
0.00278782
0.00283915
0.0028472
0.00284033
0.00284551
0.00284322
0.00284887
0.00283658
0.00279731
0.00284389
0.0028865
0.000412464
0.00284548
0.000534186
0.00283781
0.00285298
0.00283673
0.00288399
0.00283917
0.0028384
0.00287711
0.00269363
0.00277392
0.00286977
0.00255511
0.00266426
0.00274427
0.00284962
0.00262703
0.00284384
0.00285585
0.0028703
0.00283833
0.00284987
0.00283966
0.00283714
0.00284717
0.00284059
0.00285303
0.00284038
0.0028201
0.002842
0.00253098
0.00287261
0.00283613
0.00283925
0.00284837
0.00284172
0.00283621
0.00287148
0.00287518
0.00246182
0.00288318
0.00271773
0.00285854
0.00284113
0.00286599
0.00282768
0.00284878
0.00283163
0.00286793
0.00284202
0.00283643
0.00286762
0.00287404
0.00272333
0.0028412
0.00283183
0.00264653
0.00267637
0.00283823
0.00253996
0.00285762
0.00286127
0.00266149
0.00285132
0.00284217
0.00283548
0.00276765
0.00287355
0.00282718
0.000456459
0.00283171
0.00284725
0.002847
0.00282799
0.0028375
0.00285588
0.00283039
0.00286992
0.00286141
0.00283408
0.0028436
0.00287158
0.0028348
0.00284504
0.00284216
0.00284672
0.00285452
0.0028358
0.00283137
0.00283848
0.0028357
0.00283817
0.00286348
0.00284544
0.00285185
0.000173913
0.00287561
0.000512816
0.0028391
0.00283727
0.00211001
0.00282741
0.00283924
0.00283411
0.00284821
0.00282782
0.00287735
0.00284209
0.00284036
0.00284999
0.00285285
0.00284018
0.00282618
0.00283089
0.00276677
0.00277125
0.00284468
0.00285978
0.00284024
0.00254032
0.00282936
0.00284047
0.00278791
0.00283664
0.00284157
0.00284344
0.002846
0.00282771
0.00282633
0.0028713
0.00283031
0.00249735
0.00282991
0.00283411
0.000477487
0.0028397
0.0025236
0.00282734
0.00284682
0.00259591
0.00283679
0.00283493
0.0028405
0.00286886
0.00284193
0.00284337
0.00282964
0.0028042
0.000583757
0.00285457
0.002865
0.00286605
0.00286458
0.00284952
0.00282579
0.00285546
0.00284082
0.00273921
0.00282677
0.0025884
0.0028363
0.0028334
0.00286116
0.00281903
0.00283733
0.00285958
0.0028371
0.00247947
0.00286117
0.000209536
0.00265234
0.00284054
0.00282604
0.00283576
0.00282608
0.00277384
0.00269235
0.00285396
0.00282887
0.0027702
0.00283554
0.00284035
0.00279923
0.00286741
0.00287794
0.00283785
0.00282528
0.00284804
0.00283412
0.00281262
0.00283879
0.00259999
0.00284363
0.00281301
0.00283797
0.00284044
0.00275836
0.000322635
0.0028245
0.00277961
0.00053817
0.0028385
0.00282441
0.00283885
0.00283345
0.00285068
0.00281037
0.00283264
0.000257697
0.00281305
0.0028423
0.000300647
0.00282337
0.000231335
0.00283504
0.00284477
0.00280102
0.00276491
0.00281276
0.00288497
0.00275431
0.00283898
0.00285588
0.00282806
0.00283532
0.00277759
0.00273647
0.00281221
0.00273993
0.00283484
0.00285449
0.00246285
0.00283555
0.00283603
0.0028411
0.00228801
0.00284921
0.00283622
0.0028091
0.00281143
0.00283326
0.00283979
0.00282356
0.0026403
0.00250137
0.00280146
0.00283286
0.00283891
0.00275766
0.00281048
0.00280133
0.00271743
0.00280077
0.00284124
0.0028416
0.00283475
0.00283184
0.00281056
0.00279816
0.00284281
0.00280081
0.00266262
0.00285143
0.00289197
0.00285747
0.0026685
0.00280937
0.00281858
0.0028458
0.00283715
0.00285335
0.00282458
0.00283723
0.00283667
0.00279995
0.00282721
0.00285845
0.00285124
0.00285922
0.000266595
0.00270121
0.00269537
0.00283742
0.00279882
0.00283839
0.00289965
0.00284105
0.00267662
0.00279824
0.00280699
0.00284024
0.00257018
0.00263917
0.00279748
0.00289184
0.00281658
0.00282266
0.00280515
0.00285008
0.00288451
0.002839
0.00284383
0.00283237
0.00272317
0.00283433
0.00283391
0.00283737
0.002796
0.00285545
0.00282676
0.00280815
0.00292476
0.00287102
0.00283099
0.0028542
0.00283767
0.00275817
0.00283497
0.00279463
0.0027582
0.00243898
0.00282826
0.00266702
0.00285157
0.00282628
0.00270867
0.00274265
0.00284669
0.00276809
0.0027945
0.00275783
0.00283515
0.00283695
0.000534012
0.00283784
0.00275698
0.00282174
0.000533414
0.00283588
0.00275572
0.00268997
0.0027953
0.00275815
0.0026308
0.00283566
0.00284474
0.0028341
0.00275413
0.00283688
0.000575626
0.000517443
0.00280692
0.00283584
0.00285043
0.00292533
0.00283627
0.00280237
0.00272586
0.00275233
0.0027541
0.000664338
0.00283145
0.00232564
0.00275217
0.00283296
0.00283632
0.00283011
0.00281068
0.00283542
0.000187104
0.000200438
0.00287426
0.0028166
0.00279311
0.00285176
0.00272482
0.00282531
0.00283336
0.00278697
0.00283859
0.00284782
0.00282051
0.00232407
0.00283548
0.00272324
0.000590542
0.00260642
0.0028333
0.00283433
0.00284722
0.00272117
0.00272658
0.00282078
0.00279849
0.00269089
0.00262715
0.00271874
0.00283406
0.000232206
0.00255316
0.00274645
0.00275026
0.00061129
0.00280564
0.0027161
0.000510514
0.000425938
0.00283483
0.00266004
0.00284536
0.00283213
0.00285013
0.00285338
0.00281721
0.00283313
0.00281689
0.00283437
0.00283394
0.000250873
0.000593808
0.00279173
0.000482626
0.0027316
0.00283435
0.00254683
0.00271336
0.00285281
0.0027266
0.00272183
0.00275834
0.00288463
0.00283258
0.00283403
0.00247396
0.00290544
0.00283201
0.00283101
0.00271598
0.00283914
0.00272109
0.00283285
0.00261092
0.00052964
0.00274823
0.00283052
0.00282432
0.000605941
0.00261056
0.00282919
0.00240996
0.000493156
0.00281756
0.00264311
0.0028198
0.00260948
0.00273538
0.00282987
0.00284711
0.00283338
0.00261116
0.00283184
0.00260769
0.0028043
0.00271459
0.0025226
0.00281684
0.00260537
0.00284933
0.00279113
0.00283462
0.00223336
0.00272739
0.00281774
0.00271098
0.00282098
0.000182571
0.000192864
0.00283198
0.00279043
0.00260271
0.00280983
0.00284544
0.00279746
0.00270606
0.00232925
0.000608322
0.00279983
0.00274621
0.00283237
0.00284355
0.00280485
0.00280348
0.00280507
0.00261485
0.00282863
0.00252292
0.00285043
0.00281794
0.0028305
0.00261562
0.0025378
0.00283929
0.00259961
0.00283259
0.00252123
0.000246046
0.00283288
0.00251875
0.00280594
0.00251536
0.00281662
0.000512742
0.00268906
0.0026041
0.00071033
0.00283196
0.00281738
0.00251128
0.000246454
0.00263583
0.00270884
0.00270752
0.00260127
0.00250679
0.00252524
0.0028468
0.00282332
0.00262952
0.00271809
0.00259225
0.00245377
0.002803
0.00283485
0.0028188
0.00260785
0.00274357
0.00258258
0.00281574
0.00275828
0.00052628
0.00280589
0.000587556
0.00282823
0.00281768
0.00282914
0.00278915
0.00276274
0.00250213
0.00280515
0.00264263
0.00282732
0.00268558
0.00275807
0.002805
0.00283122
0.00259647
0.000248206
0.00282956
0.0027441
0.00261607
0.0028463
0.00276166
0.00243121
0.00280432
0.000261333
0.00253292
0.00275692
0.00293404
0.000298539
0.00270523
0.00270698
0.00280482
0.00291622
0.00257952
0.00273071
0.00282598
0.000420167
0.00272502
0.00276137
0.00272921
0.0024981
0.00283113
0.000242314
0.00272393
0.00282188
0.00250691
0.00281475
0.00284467
0.00251731
0.00283053
0.00283094
0.00276593
0.0027132
0.00276697
0.00283865
0.000268949
0.000282141
0.00277738
0.00252124
0.00261744
0.000241182
0.00282779
0.00272857
0.000521429
0.00280336
0.00259315
0.00272379
0.002848
0.000460483
0.000261995
0.00260946
0.00275574
0.000565214
0.000196979
0.000197821
0.00260051
0.00268465
0.00252042
0.00252193
0.00280174
0.00281714
0.00281775
0.00276116
0.00280458
0.00282463
0.000266154
0.00282928
0.000227239
0.0002392
0.00283441
0.00272252
0.0025779
0.000251756
0.00282231
0.00249452
0.0027879
0.000530171
0.00255365
0.000532093
0.00281366
0.000524086
0.00268297
0.00243894
0.000533987
0.00284472
0.000576089
0.00272826
0.0027422
0.000504506
0.000535566
0.00261039
0.000536687
0.00264638
0.000546416
0.000537307
0.0024952
0.00269157
0.00252087
0.00253949
0.000390177
0.000242696
0.000537327
0.00282841
0.00269279
0.0028023
0.00282717
0.00260831
0.00270523
0.00259804
0.0028125
0.00282159
0.00282638
0.000530948
0.00260243
0.0023714
0.00276077
0.0027386
0.00282891
0.00271086
0.00225121
0.000235976
0.00255245
0.000536714
0.00284743
0.00283908
0.00282326
0.00258999
0.0027278
0.00247422
0.00261148
0.00280114
0.0002561
0.00268496
0.00275417
0.00248818
0.000521845
0.00241524
0.00252157
0.00259513
0.00272116
0.0028113
0.000525738
0.00282617
0.00280054
0.000523185
0.00276021
0.00284302
0.000560458
0.00252395
0.00280701
0.00280326
0.000535162
0.00251223
0.00282111
0.00278663
0.000521444
0.00282455
0.00249276
0.0025176
0.00279992
0.000238577
0.00282553
0.00232203
0.00281659
0.00283699
0.00282166
0.00250908
0.00258454
0.00281552
0.00246172
0.00283273
0.00242893
0.00272715
0.000272928
0.000550094
0.000529071
0.000258233
0.00274048
0.000564963
0.00282087
0.00261223
0.00245394
0.000522604
0.000231004
0.00263264
0.00281
0.00282024
0.00284148
0.00255891
0.00271024
0.00275223
0.000520585
0.0027595
0.00249768
0.00280826
0.00281884
0.00252168
0.00281892
0.00270363
0.00257005
0.00245895
0.000532915
0.00279864
0.00281485
0.00252543
0.00279922
0.00238509
0.000225711
0.00259243
0.0004985
0.0002243
0.00275867
0.00022273
0.00279711
0.00275121
0.000220924
0.00272633
0.000530412
0.000219027
0.00280461
0.00257204
0.000519532
0.000217205
0.000215649
0.00278528
0.00284743
0.00279442
0.00271877
0.0025873
0.00281171
0.00250679
0.00280549
0.000264631
0.00026057
0.000214508
0.00273898
0.00261271
0.00275767
0.000522033
0.00281022
0.000549247
0.00053185
0.00279686
0.00275619
0.000525265
0.000514115
0.00263294
0.00232282
0.000213868
0.00052058
0.00272539
0.000226205
0.00246404
0.00279419
0.00275287
0.00271998
0.00278341
0.000227221
0.000226538
0.0025215
0.00272432
0.000225645
0.00280008
0.00053089
0.00278733
0.00249059
0.000261901
0.000211048
0.0002263
0.000531479
0.00263057
0.00239607
0.00281239
0.00272057
0.00272299
0.00284015
0.00249883
0.00273752
0.00283411
0.00278982
0.00022427
0.0028294
0.00259348
0.00270211
0.00048287
0.00280406
0.000214189
0.0028297
0.0027952
0.000233567
0.000491217
0.00275406
0.00277871
0.00274307
0.00261217
0.000227406
0.00261281
0.000250785
0.000520407
0.000501672
0.00271407
0.00280745
0.00274611
0.00273516
0.00281381
0.00260995
0.00051971
0.00270054
0.000248117
0.00022947
0.00231543
0.000222303
0.00261296
0.000510661
0.00276608
0.00283259
0.00258506
0.00271377
0.002613
0.00258814
0.00227266
0.00282489
0.000214639
0.000218936
0.00276319
0.00022981
0.000221268
0.00280011
0.0025174
0.00251903
0.000237961
0.00272841
0.000226429
0.00053252
0.00279485
0.00283352
0.000232319
0.000519578
0.00269858
0.00023045
0.00284153
0.0026022
0.000227734
0.00271381
0.00250356
0.00269443
0.000500002
0.00258326
0.00281659
0.000196364
0.000208988
0.00278715
0.00223553
0.00252113
0.00278794
0.00271532
0.0027923
0.00251274
0.0025199
0.00022966
0.00274164
0.00273841
0.00269408
0.0027968
0.00270609
0.00250873
0.000526602
0.000235165
0.00257748
0.00281949
0.00259378
0.00244524
0.00229357
0.000536245
0.000225282
0.00272763
0.00258121
0.000536966
0.0027756
0.00052938
0.000214795
0.00249785
0.00263859
0.00267961
0.0025818
0.000221275
0.000226073
0.00248875
0.000527083
0.000535402
0.000537262
0.00250724
0.00249659
0.00263403
0.00271202
0.00257976
0.000479648
0.00021877
0.00270582
0.00245332
0.00268891
0.000518581
0.00022955
0.00269444
0.00276075
0.00252058
0.00270219
0.00248552
0.00256671
0.00275425
0.000535917
0.00022801
0.00257409
0.000487545
0.00248717
0.000218081
0.00249627
0.000219639
0.000533536
0.000224012
0.00268377
0.000210874
0.00267876
0.000530954
0.00255504
0.00249742
0.000216452
0.000528919
0.00249599
0.00052775
0.000527633
0.000213939
0.00257082
0.000215238
0.00255667
0.000214512
0.00233146
0.00265443
0.00244475
0.000227751
0.000228622
0.000517278
0.00051581
0.000534501
0.000528828
0.000221163
0.000211401
0.00248523
0.0025378
0.00261746
0.00248375
0.0002246
0.000204006
0.000502
0.00232537
0.00250898
0.00245073
0.00248015
0.00248734
0.00260505
0.00246889
0.000216626
0.000512767
0.00243253
0.000215091
0.000504842
0.000212664
0.000493506
0.00230879
0.00238343
0.000199637
0.000406033
0.000178896
0.000173733
0.000431138
0.000200387
0.000212392
0.000527684
0.000222632
0.000527706
0.000213275
0.000214418
0.000526549
0.000211116
0.000214709
0.000528336
0.000511695
0.000223225
0.000229213
0.00021922
0.00050906
0.000225873
0.000513931
0.000198972
0.000174241
0.000174963
0.000496653
0.000202684
0.000208792
0.000520721
0.00022759
0.0022875
0.00291971
0.00242749
0.00247296
0.00245375
0.000513463
0.000204867
0.0027806
0.00279235
0.00267371
0.00017306
0.00231788
0.00285382
0.00256436
0.00231144
0.00049064
0.000462363
0.00292928
0.00273207
0.000243942
0.000177703
0.000249866
0.00285514
0.002022
0.00280426
0.00279014
0.00026266
0.00268502
0.00230559
0.00280199
0.000156359
0.00015366
0.00025486
0.000227168
0.000287841
0.000221874
0.000245801
0.000235467
0.00278317
0.000525663
0.00269184
0.000223077
0.000213673
0.000224212
0.000543921
0.00239628
0.00285446
0.000257195
0.000191809
0.000195545
0.00274764
0.00278991
0.000419009
0.00263609
0.00293155
0.00254917
0.00202586
0.00047303
0.000275492
0.000654478
0.00045509
0.000680043
0.000487081
0.000449733
0.000468067
0.000156839
0.000154336
0.00274129
0.00240558
0.00217109
0.00293371
0.000261023
0.00046116
0.000423463
0.00222391
0.0023506
0.000527349
0.002497
0.00244766
0.00237771
0.00274571
0.000223888
0.00216892
0.00256045
0.00239273
0.000561214
0.0029123
0.00242265
0.00251996
0.000188196
0.00263447
0.00290459
0.00256751
0.000377451
0.000254415
0.00275193
0.0026084
0.00289632
0.00200815
0.00222401
0.000180546
0.00268234
0.00291248
0.00214526
0.00290923
0.00275509
0.000432018
0.00282025
0.00290772
0.00262066
0.00285471
0.00270816
0.0023575
0.00239274
0.000144059
0.00284211
0.000383964
0.000186512
0.00289988
)
;

boundaryField
{
    patch0
    {
        type            nutkWallFunction;
        Cmu             0.09;
        kappa           0.41;
        E               9.8;
        value           nonuniform List<scalar> 
4010
(
0.000303268
0.000303268
0.000323525
0.000323525
0.000311475
0.000311475
0.000315345
0.000315345
0.000317661
0.000317661
0.00031409
0.00031409
0.000320052
0.000320052
0.000312621
0.000312621
0.000319738
0.000319738
0.000315783
0.000315783
0.000316425
0.000316425
0.000321228
0.000321228
0.000232494
0.000232494
0.000320974
0.000320974
0.000327241
0.000327241
0.000326829
0.000326829
0.000275298
0.000275298
0.000324655
0.000324655
0.00025307
0.00025307
0.000326367
0.000326367
0.000194701
0.000194701
0.000323541
0.000323541
0.000307264
0.000307264
0.000327936
0.000327936
0.000325001
0.000325001
0.000325446
0.000325446
0.000325743
0.000325743
0.000328582
0.000328582
0.000276866
0.000276866
0.00025771
0.00025771
0.00029699
0.00029699
0.00032536
0.00032536
0.000277212
0.000277212
0.000287242
0.000287242
0.000326958
0.000326958
0.000316403
0.000316403
0.000324799
0.000324799
0.000299445
0.000299445
0.000254245
0.000254245
0.000289044
0.000289044
0.000325518
0.000325518
0.00020724
0.00020724
0.000325519
0.000325519
0.000302726
0.000302726
0.000258132
0.000258132
0.000256266
0.000256266
0.000253421
0.000253421
0.000263802
0.000263802
0.000183906
0.000183906
0.000181114
0.000181114
0.000320288
0.000320288
0.000209544
0.000209544
0.000321395
0.000321395
0.000318625
0.000318625
0.00024715
0.00024715
0.000324727
0.000324727
0.000251717
0.000251717
0.000260577
0.000260577
0.000260037
0.000260037
0.000324958
0.000324958
0.000311172
0.000311172
0.00032684
0.00032684
0.000310192
0.000310192
0.000253247
0.000253247
0.000315219
0.000315219
0.000326488
0.000326488
0.000325716
0.000325716
0.000315738
0.000315738
0.000258857
0.000258857
0.000316639
0.000316639
0.000244749
0.000244749
0.000326339
0.000326339
0.000252414
0.000252414
0.000259046
0.000259046
0.000259193
0.000259193
0.000277979
0.000277979
0.000318387
0.000318387
0.00026133
0.00026133
0.00026298
0.00026298
0.000316431
0.000316431
0.000331577
0.000331577
0.000325694
0.000325694
0.000256445
0.000256445
0.000192013
0.000192013
0.000288785
0.000288785
0.000320627
0.000320627
0.000329941
0.000329941
0.00032765
0.00032765
0.000179338
0.000179338
0.000236347
0.000236347
0.000325959
0.000325959
0.000325364
0.000325364
0.000261003
0.000261003
0.000273643
0.000273643
0.000193826
0.000193826
0.000305527
0.000305527
0.000311637
0.000311637
0.00033117
0.00033117
0.000325189
0.000325189
0.000272591
0.000272591
0.000290452
0.000290452
0.000194164
0.000194164
0.000325502
0.000325502
0.00032531
0.00032531
0.000283958
0.000283958
0.000333102
0.000333102
0.000246527
0.000246527
0.000291566
0.000291566
0.000324611
0.000324611
0.000263829
0.000263829
0.000312226
0.000312226
0.000247535
0.000247535
0.000319054
0.000319054
0.000258264
0.000258264
0.000263116
0.000263116
0.000185682
0.000185682
0.000296067
0.000296067
0.000326388
0.000326388
0.000324863
0.000324863
0.000327106
0.000327106
0.000281755
0.000281755
8.29765e-05
8.29765e-05
0.00019291
0.00019291
0.000237369
0.000237369
0.000325785
0.000325785
0.000296615
0.000296615
0.000277019
0.000277019
0.000331057
0.000331057
0.000254613
0.000254613
8.63012e-05
8.63012e-05
0.000312772
0.000312772
0.000248642
0.000248642
3.05418e-05
3.05418e-05
0.000258534
0.000258534
0.000204729
0.000204729
0.000269173
0.000269173
0.000295957
0.000295957
0.000247603
0.000247603
0.000328692
0.000328692
0.0003217
0.0003217
0.0003269
0.0003269
0.000326277
0.000326277
2.56932e-05
2.56932e-05
2.56932e-05
2.53934e-05
2.53934e-05
2.53934e-05
0.000286902
0.000286902
0.000243236
0.000243236
0.000292436
0.000292436
0.000255257
0.000255257
0.000324388
0.000324388
0.000324437
0.000324437
0.000251267
0.000251267
4.43654e-05
4.43654e-05
4.43654e-05
0.00025526
0.00025526
0.000249031
0.000249031
0.000299958
0.000299958
0.000299348
0.000299348
8.25465e-05
8.25465e-05
0.000301401
0.000301401
0.00031165
0.00031165
3.44132e-05
3.44132e-05
0.000258811
0.000258811
0.000278355
0.000278355
0.000251663
0.000251663
8.44112e-05
8.44112e-05
0.000248394
0.000248394
0.00028475
0.00028475
0.000299673
0.000299673
6.35223e-05
6.35223e-05
0.000328151
0.000328151
0.000242413
0.000242413
0.000284306
0.000284306
0.000296826
0.000296826
0.000333208
0.000333208
0.000325091
0.000325091
0.000316769
0.000316769
0.000268069
0.000268069
0.000257754
0.000257754
5.99764e-05
5.99764e-05
0.00032012
0.00032012
0.000257048
0.000257048
0.000297593
0.000297593
0.000326366
0.000326366
0.000261686
0.000261686
0.000305537
0.000305537
0.00018236
0.00018236
0.000256575
0.000256575
0.000256151
0.000256151
0.000312594
0.000312594
0.000331276
0.000331276
0.000259918
0.000259918
0.000280597
0.000280597
0.000301998
0.000301998
0.000322787
0.000322787
0.000276583
0.000276583
0.000304505
0.000304505
4.51381e-05
4.51381e-05
4.51381e-05
0.000321093
0.000321093
0.000266787
0.000266787
0.000279527
0.000279527
0.000215358
0.000215358
5.86214e-05
5.86214e-05
0.000260925
0.000260925
0.000275657
0.000275657
0.000303209
0.000303209
0.000302444
0.000302444
0.000302351
0.000302351
0.00029174
0.00029174
0.000202587
0.000202587
0.000241155
0.000241155
1.79624e-05
1.79624e-05
1.79624e-05
8.58987e-05
8.58987e-05
0.000243029
0.000243029
0.000328766
0.000328766
0.000311224
0.000311224
0.000316516
0.000316516
0.000316453
0.000316453
0.000324115
0.000324115
0.000286908
0.000286908
0.000296874
0.000296874
0.000331158
0.000331158
0.000296915
0.000296915
0.000256305
0.000256305
0.000287441
0.000287441
0.000328518
0.000328518
0.000308726
0.000308726
0.000323203
0.000323203
0.000329009
0.000329009
0.000332985
0.000332985
0.000312523
0.000312523
0.000218925
0.000218925
4.51481e-05
4.51481e-05
0.000325559
0.000325559
0.000285912
0.000285912
5.32042e-05
5.32042e-05
0.000324794
0.000324794
2.09298e-05
2.09298e-05
2.09298e-05
0.00032909
0.00032909
0.000304335
0.000304335
0.000287528
0.000287528
4.59053e-05
4.59053e-05
4.59053e-05
0.000325953
0.000325953
0.000288189
0.000288189
0.000329442
0.000329442
0.000204029
0.000204029
4.66067e-05
4.66067e-05
0.00019617
0.00019617
0.000312688
0.000312688
0.000313865
0.000313865
0.000265916
0.000265916
0.000333182
0.000333182
0.000256365
0.000256365
7.58764e-05
7.58764e-05
0.000317196
0.000317196
0.000246139
0.000246139
0.000331944
0.000331944
0.000328327
0.000328327
0.00032517
0.00032517
0.000297053
0.000297053
0.000295781
0.000295781
0.000309334
0.000309334
0.000306792
0.000306792
0.000295252
0.000295252
0.00032482
0.00032482
0.000315539
0.000315539
0.000325299
0.000325299
0.000257618
0.000257618
0.000235236
0.000235236
0.000332987
0.000332987
0.000275324
0.000275324
5.66642e-05
5.66642e-05
0.000227921
0.000227921
0.000253542
0.000253542
0.0002498
0.0002498
0.000313892
0.000313892
0.000325294
0.000325294
0.000331593
0.000331593
0.000316852
0.000316852
0.000325614
0.000325614
0.000255082
0.000255082
0.000231516
0.000231516
6.43296e-05
6.43296e-05
3.43623e-05
3.43623e-05
3.43623e-05
0.000325901
0.000325901
0.00031933
0.00031933
0.000249799
0.000249799
0.000260174
0.000260174
0.000329689
0.000329689
7.6491e-05
7.6491e-05
0.00031679
0.00031679
0.000297369
0.000297369
0.000298275
0.000298275
0.000253212
0.000253212
0.000326078
0.000326078
0.000328676
0.000328676
0.000182894
0.000182894
0.000250467
0.000250467
0.000328005
0.000328005
0.000209276
0.000209276
0.000332362
0.000332362
0.000328347
0.000328347
4.6465e-05
4.6465e-05
4.6465e-05
0.000278824
0.000278824
0.000329562
0.000329562
0.00032393
0.00032393
0.000321105
0.000321105
0.000322998
0.000322998
0.000265176
0.000265176
0.000329891
0.000329891
0.000305699
0.000305699
0.000259431
0.000259431
0.000200286
0.000200286
0.000324243
0.000324243
0.000322365
0.000322365
0.000324855
0.000324855
0.000331393
0.000331393
0.000286302
0.000286302
0.000307602
0.000307602
0.000320203
0.000320203
0.000305906
0.000305906
0.00031356
0.00031356
0.000255069
0.000255069
0.00025361
0.00025361
0.000282911
0.000282911
0.000255038
0.000255038
0.000325695
0.000325695
0.000332341
0.000332341
0.000308009
0.000308009
0.000319246
0.000319246
0.000326441
0.000326441
0.000328871
0.000328871
0.000254509
0.000254509
0.000325275
0.000325275
0.000325069
0.000325069
0.000324276
0.000324276
0.000329826
0.000329826
0.000326203
0.000326203
0.000324971
0.000324971
0.000309925
0.000309925
0.00032406
0.00032406
0.000289477
0.000289477
0.000332656
0.000332656
0.000256843
0.000256843
0.000325171
0.000325171
0.000210134
0.000210134
0.000327545
0.000327545
0.000325997
0.000325997
4.07861e-05
4.07861e-05
0.000325396
0.000325396
0.000323761
0.000323761
0.000324967
0.000324967
0.000325171
0.000325171
4.35459e-05
4.35459e-05
5.91381e-05
5.91381e-05
0.000328612
0.000328612
0.000205398
0.000205398
0.00033294
0.00033294
0.000187473
0.000187473
0.00032436
0.00032436
0.000311987
0.000311987
0.000289284
0.000289284
0.000326259
0.000326259
0.000327765
0.000327765
0.000328932
0.000328932
0.000325047
0.000325047
0.00032509
0.00032509
0.000294987
0.000294987
0.000325095
0.000325095
0.000283364
0.000283364
0.000325504
0.000325504
0.000316171
0.000316171
0.000329829
0.000329829
0.000316763
0.000316763
0.000322456
0.000322456
0.000325894
0.000325894
0.00032492
0.00032492
5.72223e-05
5.72223e-05
0.000327472
0.000327472
0.000327211
0.000327211
0.000324994
0.000324994
0.000325365
0.000325365
0.000325576
0.000325576
0.000332921
0.000332921
0.000314982
0.000314982
0.000319299
0.000319299
0.000268974
0.000268974
0.00033014
0.00033014
0.000261002
0.000261002
0.000325027
0.000325027
0.000324915
0.000324915
0.000302997
0.000302997
5.31306e-05
5.31306e-05
0.000324883
0.000324883
0.000320537
0.000320537
0.000325009
0.000325009
0.000320086
0.000320086
1.6157e-05
1.6157e-05
1.6157e-05
0.000324822
0.000324822
0.000324876
0.000324876
0.000330056
0.000330056
0.000326016
0.000326016
0.000247318
0.000247318
0.00033145
0.00033145
0.000220301
0.000220301
0.00027961
0.00027961
2.24958e-05
2.24958e-05
2.24958e-05
0.000324708
0.000324708
0.00033087
0.00033087
0.000325011
0.000325011
0.000319082
0.000319082
0.000324796
0.000324796
0.000326073
0.000326073
0.000324731
0.000324731
0.000326059
0.000326059
0.000308465
0.000308465
0.000326288
0.000326288
0.000323704
0.000323704
0.000331663
0.000331663
0.000327636
0.000327636
0.000323497
0.000323497
0.000327342
0.000327342
0.000327917
0.000327917
0.000294654
0.000294654
0.000331155
0.000331155
0.000210292
0.000210292
0.000324702
0.000324702
0.000328757
0.000328757
0.000331411
0.000331411
0.000246917
0.000246917
0.00032472
0.00032472
0.000324582
0.000324582
0.000324708
0.000324708
0.000331953
0.000331953
0.000324612
0.000324612
0.000324356
0.000324356
0.000323637
0.000323637
0.000324616
0.000324616
0.000329071
0.000329071
0.000240864
0.000240864
0.000317117
0.000317117
0.000324613
0.000324613
0.000287628
0.000287628
0.000324543
0.000324543
0.000321874
0.000321874
0.000244261
0.000244261
0.000324995
0.000324995
2.17681e-05
2.17681e-05
2.17681e-05
0.000325986
0.000325986
0.000330718
0.000330718
0.000323439
0.000323439
0.000324715
0.000324715
0.000326723
0.000326723
0.000324551
0.000324551
0.000323298
0.000323298
0.000329816
0.000329816
0.000324515
0.000324515
0.000325137
0.000325137
0.000329924
0.000329924
0.000326913
0.000326913
0.00032417
0.00032417
0.000325369
0.000325369
0.000332323
0.000332323
0.000324474
0.000324474
0.000294797
0.000294797
0.000324141
0.000324141
0.00024562
0.00024562
0.000324702
0.000324702
0.000324696
0.000324696
0.000326625
0.000326625
0.000320262
0.000320262
0.000260724
0.000260724
0.000324428
0.000324428
0.000324289
0.000324289
0.000251642
0.000251642
0.00033023
0.00033023
0.000305644
0.000305644
0.000332477
0.000332477
0.000245721
0.000245721
0.000327289
0.000327289
0.000324951
0.000324951
0.000325679
0.000325679
0.000325655
0.000325655
0.00032521
0.00032521
0.000324387
0.000324387
0.000324681
0.000324681
0.000324332
0.000324332
0.000324366
0.000324366
0.000324289
0.000324289
0.000325485
0.000325485
0.000324327
0.000324327
0.000330225
0.000330225
0.000270475
0.000270475
0.000324336
0.000324336
0.000324113
0.000324113
0.000326189
0.000326189
0.000327717
0.000327717
0.000330905
0.000330905
0.000325093
0.000325093
0.000324438
0.000324438
0.000324278
0.000324278
0.000254998
0.000254998
0.000327996
0.000327996
0.000326645
0.000326645
0.000298101
0.000298101
0.000324246
0.000324246
0.000275083
0.000275083
0.000323544
0.000323544
0.00032701
0.00032701
0.000324195
0.000324195
0.000324139
0.000324139
0.000328801
0.000328801
0.000331533
0.000331533
0.000331175
0.000331175
0.00032443
0.00032443
0.000324783
0.000324783
0.000324434
0.000324434
0.000324422
0.000324422
0.000324141
0.000324141
0.000325787
0.000325787
0.000324198
0.000324198
0.0003254
0.0003254
0.000323788
0.000323788
0.000326773
0.000326773
0.000331489
0.000331489
0.000329111
0.000329111
0.000325597
0.000325597
0.000326051
0.000326051
0.000264568
0.000264568
0.000320641
0.000320641
0.000324154
0.000324154
0.000326797
0.000326797
0.000323763
0.000323763
0.000327678
0.000327678
0.000323986
0.000323986
0.000323668
0.000323668
0.00028695
0.00028695
0.000324396
0.000324396
0.000326407
0.000326407
0.000314065
0.000314065
0.00029513
0.00029513
0.000324051
0.000324051
0.000323979
0.000323979
0.000255304
0.000255304
0.000322115
0.000322115
0.000331134
0.000331134
0.000329863
0.000329863
0.000324069
0.000324069
0.000244919
0.000244919
0.000251108
0.000251108
0.000324631
0.000324631
0.000330467
0.000330467
0.000324065
0.000324065
0.000324166
0.000324166
0.00032566
0.00032566
0.000323731
0.000323731
0.000323997
0.000323997
0.000324322
0.000324322
0.000321633
0.000321633
0.000322171
0.000322171
0.000253265
0.000253265
0.000243499
0.000243499
0.000323972
0.000323972
0.000323623
0.000323623
0.000284419
0.000284419
0.000324166
0.000324166
0.000306216
0.000306216
0.000319383
0.000319383
0.000331664
0.000331664
0.000319054
0.000319054
0.000247561
0.000247561
0.000323849
0.000323849
0.000330136
0.000330136
0.000324119
0.000324119
0.000323968
0.000323968
0.000324189
0.000324189
0.00032708
0.00032708
0.000324177
0.000324177
0.000324005
0.000324005
0.000280563
0.000280563
0.000327741
0.000327741
0.000324915
0.000324915
0.000323833
0.000323833
0.000324905
0.000324905
0.000325568
0.000325568
0.000324182
0.000324182
0.000316082
0.000316082
0.000322586
0.000322586
0.000327057
0.000327057
0.00032355
0.00032355
0.000330477
0.000330477
0.000256598
0.000256598
0.000323878
0.000323878
0.000323582
0.000323582
6.34208e-05
6.34208e-05
0.0003189
0.0003189
0.000322757
0.000322757
0.000328023
0.000328023
0.000324165
0.000324165
0.000332805
0.000332805
0.000324377
0.000324377
0.0003236
0.0003236
0.000287049
0.000287049
0.000326818
0.000326818
0.000326606
0.000326606
0.000244737
0.000244737
0.000323643
0.000323643
0.000327585
0.000327585
0.000325968
0.000325968
0.000330901
0.000330901
0.000315886
0.000315886
0.000323081
0.000323081
0.000323821
0.000323821
0.000326156
0.000326156
0.000324373
0.000324373
0.000330972
0.000330972
0.000323726
0.000323726
0.000324588
0.000324588
0.000326154
0.000326154
0.000289212
0.000289212
0.000303416
0.000303416
0.000252042
0.000252042
0.000328724
0.000328724
0.000330626
0.000330626
0.000324936
0.000324936
0.000323701
0.000323701
0.00032695
0.00032695
0.000252465
0.000252465
0.000324265
0.000324265
0.000324691
0.000324691
0.0003259
0.0003259
0.000324882
0.000324882
0.000325142
0.000325142
0.000323818
0.000323818
0.000332701
0.000332701
0.00032356
0.00032356
0.000323508
0.000323508
0.000295365
0.000295365
0.000323799
0.000323799
0.00024746
0.00024746
0.000323874
0.000323874
0.000328979
0.000328979
0.000323932
0.000323932
0.000323958
0.000323958
0.000323552
0.000323552
0.000323721
0.000323721
0.000323353
0.000323353
0.00032623
0.00032623
0.000323616
0.000323616
0.000325376
0.000325376
0.000323877
0.000323877
0.000313797
0.000313797
0.000323258
0.000323258
0.000323957
0.000323957
0.000316478
0.000316478
0.000326457
0.000326457
0.000324527
0.000324527
0.000323967
0.000323967
0.000323245
0.000323245
0.000330736
0.000330736
0.000323679
0.000323679
0.00032488
0.00032488
0.000324553
0.000324553
0.000324129
0.000324129
0.000324873
0.000324873
0.000329262
0.000329262
0.000323962
0.000323962
0.000242422
0.000242422
0.000323577
0.000323577
0.000324921
0.000324921
0.000323231
0.000323231
0.000323428
0.000323428
0.000323462
0.000323462
0.000329848
0.000329848
0.000300438
0.000300438
0.000330842
0.000330842
0.000326028
0.000326028
0.000329349
0.000329349
0.000326919
0.000326919
0.000325336
0.000325336
0.000322661
0.000322661
0.000324824
0.000324824
0.000327074
0.000327074
0.000326831
0.000326831
0.000324316
0.000324316
0.000324129
0.000324129
0.000323509
0.000323509
0.000326991
0.000326991
0.00032395
0.00032395
0.00024583
0.00024583
0.000327668
0.000327668
0.000324384
0.000324384
0.00025701
0.00025701
0.000326439
0.000326439
0.000326424
0.000326424
0.000323574
0.000323574
0.00032307
0.00032307
0.000326255
0.000326255
0.000324825
0.000324825
0.000327651
0.000327651
0.00032335
0.00032335
0.000323374
0.000323374
0.000328397
0.000328397
0.000323169
0.000323169
0.00032364
0.00032364
0.00028769
0.00028769
0.000316727
0.000316727
0.000323651
0.000323651
0.000323747
0.000323747
0.000323544
0.000323544
0.000327877
0.000327877
0.000323183
0.000323183
0.00032305
0.00032305
0.000323278
0.000323278
0.000323749
0.000323749
0.000247339
0.000247339
0.000323456
0.000323456
0.000325655
0.000325655
0.000323768
0.000323768
0.000323045
0.000323045
0.000326052
0.000326052
0.000244658
0.000244658
0.000326265
0.000326265
0.000324525
0.000324525
0.000329738
0.000329738
0.000324614
0.000324614
0.000325123
0.000325123
5.22276e-05
5.22276e-05
2.59756e-05
2.59756e-05
2.59756e-05
0.000298414
0.000298414
0.000301336
0.000301336
0.000328011
0.000328011
0.000323767
0.000323767
0.000324415
0.000324415
0.0002512
0.0002512
0.000323276
0.000323276
0.000324108
0.000324108
0.000323403
0.000323403
0.000323937
0.000323937
0.0003237
0.0003237
0.000324279
0.000324279
0.000322979
0.000322979
0.000318839
0.000318839
0.000323771
0.000323771
0.000328272
0.000328272
4.8909e-05
4.8909e-05
0.000324582
0.000324582
5.57284e-05
5.57284e-05
0.000323129
0.000323129
0.000324623
0.000324623
0.000323009
0.000323009
0.000327978
0.000327978
0.000323285
0.000323285
0.000323213
0.000323213
0.0003273
0.0003273
0.000243565
0.000243565
0.000250071
0.000250071
0.000326431
0.000326431
0.000232099
0.000232099
0.000304922
0.000304922
0.000247652
0.000247652
0.000324356
0.000324356
0.000237763
0.000237763
0.000323766
0.000323766
0.000324996
0.000324996
0.000326588
0.000326588
0.0003232
0.0003232
0.000324298
0.000324298
0.000323338
0.000323338
0.000323071
0.000323071
0.000324018
0.000324018
0.000323433
0.000323433
0.000324706
0.000324706
0.000323412
0.000323412
0.000253696
0.000253696
0.000323578
0.000323578
0.000289974
0.000289974
0.000326754
0.000326754
0.000322958
0.000322958
0.000323297
0.000323297
0.000324146
0.000324146
0.00032355
0.00032355
0.000322942
0.000322942
0.000326748
0.000326748
0.000326985
0.000326985
0.000284143
0.000284143
0.000328112
0.000328112
0.000249203
0.000249203
0.00032527
0.00032527
0.000323488
0.000323488
0.000326052
0.000326052
0.000254366
0.000254366
0.000324187
0.000324187
0.000322491
0.000322491
0.000326258
0.000326258
0.000323581
0.000323581
0.000323007
0.000323007
0.000326326
0.000326326
0.000326912
0.000326912
0.000311066
0.000311066
0.000323497
0.000323497
0.000322513
0.000322513
0.000302292
0.000302292
0.000307552
0.000307552
0.000323193
0.000323193
0.000230859
0.000230859
0.000325327
0.000325327
0.000325553
0.000325553
0.000240912
0.000240912
0.00032453
0.00032453
0.000323596
0.000323596
0.000322902
0.000322902
0.000312347
0.000312347
0.000326883
0.000326883
0.00025432
0.00025432
5.45967e-05
5.45967e-05
0.000322506
0.000322506
0.00032403
0.00032403
0.00032409
0.00032409
0.000322023
0.000322023
0.00032312
0.00032312
0.000324949
0.000324949
0.000322372
0.000322372
0.00032643
0.00032643
0.000325572
0.000325572
0.000322668
0.000322668
0.000323743
0.000323743
0.00032669
0.00032669
0.000322842
0.000322842
0.00032389
0.00032389
0.000323596
0.000323596
0.000323978
0.000323978
0.000324858
0.000324858
0.000323087
0.000323087
0.000322479
0.000322479
0.000323221
0.000323221
0.000322938
0.000322938
0.00032319
0.00032319
0.000325978
0.000325978
0.000323931
0.000323931
0.000324667
0.000324667
1.9997e-05
1.9997e-05
1.9997e-05
0.000327436
0.000327436
6.18284e-05
6.18284e-05
0.000323283
0.000323283
0.000323099
0.000323099
0.000194655
0.000194655
0.000322063
0.000322063
0.000323298
0.000323298
0.000322779
0.000322779
0.000324213
0.000324213
0.000322105
0.000322105
0.000327226
0.000327226
0.000323589
0.000323589
0.00032332
0.00032332
0.000324556
0.000324556
0.000324687
0.000324687
0.000323393
0.000323393
0.000321947
0.000321947
0.000322438
0.000322438
0.000315639
0.000315639
0.000316161
0.000316161
0.000323854
0.000323854
0.000325402
0.000325402
0.000323399
0.000323399
0.000230852
0.000230852
0.000322269
0.000322269
0.000323423
0.000323423
0.000317871
0.000317871
0.000323036
0.000323036
0.000323453
0.000323453
0.000323652
0.000323652
0.000324079
0.000324079
0.000322099
0.000322099
0.000321965
0.000321965
0.000326564
0.000326564
0.000322387
0.000322387
0.000227353
0.000227353
0.000322492
0.000322492
0.000322731
0.000322731
5.0307e-05
5.0307e-05
0.000323344
0.000323344
0.000229535
0.000229535
0.000322067
0.000322067
0.000324072
0.000324072
0.000235449
0.000235449
0.000323049
0.000323049
0.000322864
0.000322864
0.000323426
0.000323426
0.000326906
0.000326906
0.000323574
0.000323574
0.00032372
0.00032372
0.000322325
0.000322325
0.000319808
0.000319808
6.02827e-05
6.02827e-05
0.000324865
0.000324865
0.000325965
0.000325965
0.000326082
0.000326082
0.000325951
0.000325951
0.000324347
0.000324347
0.000321912
0.000321912
0.000324955
0.000324955
0.000323385
0.000323385
0.000312076
0.000312076
0.000322017
0.000322017
0.000296867
0.000296867
0.000323002
0.000323002
0.000322711
0.000322711
0.000325555
0.000325555
0.00032111
0.00032111
0.000323105
0.000323105
0.000325388
0.000325388
0.000323082
0.000323082
0.000225853
0.000225853
0.000325608
0.000325608
2.13861e-05
2.13861e-05
2.13861e-05
0.000303677
0.000303677
0.000323432
0.000323432
0.000321851
0.000321851
0.000322948
0.000322948
0.000321954
0.000321954
0.000316893
0.000316893
0.000306824
0.000306824
0.000324802
0.000324802
0.000322253
0.000322253
0.000249831
0.000249831
0.000322962
0.000322962
0.000323343
0.000323343
0.000319324
0.000319324
0.000326157
0.000326157
0.000327265
0.000327265
0.000323157
0.000323157
0.000321881
0.000321881
0.000324197
0.000324197
0.000322784
0.000322784
0.000320577
0.000320577
0.000323252
0.000323252
0.000298012
0.000298012
0.00032375
0.00032375
0.000320615
0.000320615
0.000323169
0.000323169
0.000323422
0.000323422
0.000315132
0.000315132
3.7075e-05
3.7075e-05
0.000321832
0.000321832
0.000316861
0.000316861
6.50556e-05
6.50556e-05
0.000323222
0.000323222
0.000321801
0.000321801
0.000323258
0.000323258
0.000322629
0.000322629
0.000324468
0.000324468
0.000320373
0.000320373
0.000322637
0.000322637
2.86581e-05
2.86581e-05
2.86581e-05
0.00032062
0.00032062
0.000323614
0.000323614
3.28507e-05
3.28507e-05
3.28507e-05
0.000321674
0.000321674
2.4668e-05
2.4668e-05
2.4668e-05
0.000322802
0.000322802
0.000323867
0.000323867
0.000252138
0.000252138
0.000315678
0.000315678
0.000320594
0.000320594
0.000328125
0.000328125
0.000314357
0.000314357
0.000323273
0.000323273
0.000325001
0.000325001
0.000322175
0.000322175
0.000322903
0.000322903
0.000316817
0.000316817
0.000312895
0.000312895
0.000320543
0.000320543
0.000313235
0.000313235
0.000322856
0.000322856
0.000324856
0.000324856
0.000224489
0.000224489
0.000322923
0.000322923
0.000322973
0.000322973
0.000323493
0.000323493
0.0002672
0.0002672
0.000324318
0.000324318
0.000322992
0.000322992
0.000320247
0.000320247
0.000320469
0.000320469
0.000322698
0.000322698
0.000323359
0.000323359
0.000321719
0.000321719
0.000239245
0.000239245
0.000227748
0.000227748
0.000319424
0.000319424
0.000323526
0.000323526
0.000323266
0.000323266
0.000314976
0.000314976
0.000320378
0.000320378
0.000319409
0.000319409
0.00031095
0.00031095
0.00031936
0.00031936
0.00032351
0.00032351
0.000323547
0.000323547
0.000322789
0.000322789
0.000322557
0.000322557
0.000320258
0.000320258
0.000319116
0.000319116
0.00032367
0.00032367
0.000319358
0.000319358
0.00030538
0.00030538
0.000324543
0.000324543
0.000328987
0.000328987
0.000325211
0.000325211
0.000241576
0.000241576
0.000320269
0.000320269
0.000321107
0.000321107
0.000323973
0.000323973
0.000323085
0.000323085
0.000324795
0.000324795
0.000321818
0.000321818
0.000323094
0.000323094
0.000323036
0.000323036
0.000319274
0.000319274
0.000322091
0.000322091
0.000325284
0.000325284
0.000324526
0.000324526
0.000325371
0.000325371
2.96121e-05
2.96121e-05
0.000309143
0.000309143
0.000308679
0.000308679
0.000323113
0.000323113
0.000319163
0.000319163
0.000323217
0.000323217
0.000260036
0.000260036
0.000255421
0.000255421
0.000241872
0.000241872
0.000319136
0.000319136
0.000319995
0.000319995
0.000323407
0.000323407
0.000294956
0.000294956
0.000302312
0.000302312
0.000319033
0.000319033
0.000328977
0.000328977
0.000253495
0.000253495
0.000321631
0.000321631
0.000319857
0.000319857
0.000324408
0.000324408
0.00032795
0.00032795
0.000323282
0.000323282
0.000323776
0.000323776
0.000322608
0.000322608
0.000311236
0.000311236
0.000322802
0.000322802
0.00032276
0.00032276
0.000323109
0.000323109
0.000318891
0.000318891
0.000324964
0.000324964
0.000321972
0.000321972
0.000320151
0.000320151
0.00033201
0.00033201
0.000327026
0.000327026
0.000322471
0.000322471
0.000324832
0.000324832
0.000323146
0.000323146
0.000314985
0.000314985
0.000322865
0.000322865
0.000318785
0.000318785
0.000314981
0.000314981
0.000222542
0.000222542
0.000322139
0.000322139
0.000305655
0.000305655
0.000324558
0.000324558
0.000321997
0.000321997
0.000309796
0.000309796
0.000313168
0.000313168
0.000324066
0.000324066
0.00031586
0.00031586
0.000318749
0.000318749
0.000314939
0.000314939
0.000322882
0.000322882
0.00032307
0.00032307
6.45305e-05
6.45305e-05
0.000323174
0.000323174
0.000314852
0.000314852
0.00032154
0.00032154
5.55712e-05
5.55712e-05
0.000322956
0.000322956
0.000314724
0.000314724
0.000242769
0.000242769
0.000318864
0.000318864
0.000314994
0.000314994
0.000301905
0.000301905
0.000322934
0.000322934
0.000323869
0.000323869
0.000322775
0.000322775
0.000314566
0.000314566
0.000323076
0.000323076
5.92827e-05
5.92827e-05
5.42039e-05
5.42039e-05
0.000320028
0.000320028
0.000322954
0.000322954
0.000324443
0.000324443
0.000331965
0.000331965
0.000323003
0.000323003
0.000319449
0.000319449
0.00031159
0.00031159
0.000314383
0.000314383
0.000314639
0.000314639
7.99297e-05
7.99297e-05
0.000322514
0.000322514
0.000269286
0.000269286
0.000314442
0.000314442
0.000322663
0.000322663
0.000323017
0.000323017
0.000322381
0.000322381
0.000320333
0.000320333
0.000322925
0.000322925
1.80445e-05
1.80445e-05
1.80445e-05
1.99923e-05
1.99923e-05
1.99923e-05
0.000327253
0.000327253
0.000320996
0.000320996
0.000318612
0.000318612
0.000324616
0.000324616
0.000311475
0.000311475
0.000321899
0.000321899
0.000322702
0.000322702
0.000318024
0.000318024
0.000323252
0.000323252
0.000324219
0.000324219
0.000321398
0.000321398
0.000261244
0.000261244
0.00032292
0.00032292
0.00031131
0.00031131
7.18021e-05
7.18021e-05
0.000299328
0.000299328
0.000322716
0.000322716
0.000322814
0.000322814
0.00032412
0.00032412
0.000311098
0.000311098
0.000311677
0.000311677
0.000321444
0.000321444
0.000319106
0.000319106
0.000307774
0.000307774
0.000301082
0.000301082
0.000310853
0.000310853
0.000322795
0.000322795
2.45127e-05
2.45127e-05
2.45127e-05
0.000293191
0.000293191
0.000313882
0.000313882
0.000314175
0.000314175
7.52809e-05
7.52809e-05
0.000319898
0.000319898
0.00031059
0.00031059
5.35777e-05
5.35777e-05
5.04728e-05
5.04728e-05
0.000322856
0.000322856
0.000304568
0.000304568
0.000323934
0.000323934
0.000322597
0.000322597
0.000324412
0.000324412
0.000324765
0.000324765
0.00032104
0.00032104
0.000322691
0.000322691
0.000253516
0.000253516
0.000322803
0.000322803
0.00032276
0.00032276
2.71148e-05
2.71148e-05
2.71148e-05
7.24752e-05
7.24752e-05
0.000318477
0.000318477
5.16551e-05
5.16551e-05
0.00031206
0.00031206
0.000322802
0.000322802
0.000292922
0.000292922
0.000310326
0.000310326
0.0003247
0.0003247
0.000311698
0.000311698
0.000311282
0.000311282
0.000314894
0.000314894
0.000328027
0.000328027
0.000322641
0.000322641
0.000322771
0.000322771
0.000225572
0.000225572
0.000260495
0.000260495
0.000322582
0.000322582
0.00032248
0.00032248
0.000310711
0.000310711
0.000323311
0.000323311
0.000311186
0.000311186
0.000322649
0.000322649
0.000299604
0.000299604
6.39947e-05
6.39947e-05
0.000313971
0.000313971
0.000322419
0.000322419
0.000321799
0.000321799
7.37904e-05
7.37904e-05
0.000299548
0.000299548
0.000322287
0.000322287
0.000220223
0.000220223
5.19369e-05
5.19369e-05
0.000321123
0.000321123
0.000239392
0.000239392
0.000321344
0.000321344
0.000299424
0.000299424
0.000312774
0.000312774
0.000322364
0.000322364
0.000324109
0.000324109
0.000322708
0.000322708
0.000299654
0.000299654
0.000322559
0.000322559
0.000299233
0.000299233
0.000319763
0.000319763
0.000245348
0.000245348
0.000290442
0.000290442
0.000321048
0.000321048
0.00029899
0.00029899
0.000324333
0.000324333
0.000318348
0.000318348
0.000322854
0.000322854
0.00021073
0.00021073
0.000246062
0.000246062
0.000321144
0.000321144
0.000310095
0.000310095
0.000321452
0.000321452
1.98056e-05
1.98056e-05
1.98056e-05
1.95257e-05
1.95257e-05
1.95257e-05
0.000322563
0.000322563
0.000318346
0.000318346
0.000298712
0.000298712
0.000252894
0.000252894
0.000323942
0.000323942
0.000319036
0.000319036
0.000309729
0.000309729
0.000269649
0.000269649
7.40532e-05
7.40532e-05
0.000319252
0.000319252
0.00031376
0.00031376
0.000322602
0.000322602
0.000323773
0.000323773
0.000319822
0.000319822
0.000319683
0.000319683
0.000319847
0.000319847
0.000300067
0.000300067
0.000322237
0.000322237
0.000290247
0.000290247
0.000324447
0.000324447
0.000321159
0.000321159
0.000322422
0.000322422
0.000299922
0.000299922
0.000291621
0.000291621
0.000323327
0.000323327
0.000298386
0.000298386
0.000322625
0.000322625
0.00029004
0.00029004
2.7475e-05
2.7475e-05
2.7475e-05
0.000322652
0.000322652
0.000289756
0.000289756
0.000319934
0.000319934
0.000289386
0.000289386
0.000321021
0.000321021
5.38077e-05
5.38077e-05
0.00030757
0.00030757
0.000236349
0.000236349
7.23219e-05
7.23219e-05
0.000322563
0.000322563
0.000321099
0.000321099
0.000288953
0.000288953
2.64791e-05
2.64791e-05
2.64791e-05
0.000238966
0.000238966
0.000309888
0.000309888
0.000309906
0.000309906
0.000298782
0.000298782
0.000288489
0.000288489
0.000290525
0.000290525
0.0003241
0.0003241
0.000321697
0.000321697
0.000301272
0.000301272
0.000310723
0.000310723
0.000297891
0.000297891
0.000282935
0.000282935
0.000319632
0.000319632
0.00032288
0.00032288
0.000321242
0.000321242
0.000299476
0.000299476
0.000313437
0.000313437
0.000296539
0.000296539
0.000320932
0.000320932
0.000315028
0.000315028
6.35941e-05
6.35941e-05
0.000319925
0.000319925
7.14449e-05
7.14449e-05
0.000322189
0.000322189
0.00032114
0.00032114
0.000322284
0.000322284
0.000318216
0.000318216
0.000315487
0.000315487
0.000288032
0.000288032
0.000319849
0.000319849
0.000239459
0.000239459
0.000322104
0.000322104
0.000307644
0.000307644
0.000315007
0.000315007
0.000319842
0.000319842
0.000322484
0.000322484
0.000298059
0.000298059
2.76852e-05
2.76852e-05
2.76852e-05
0.00032232
0.00032232
0.00031355
0.00031355
0.000237238
0.000237238
0.000324028
0.000324028
0.000315371
0.000315371
0.000280585
0.000280585
0.000319764
0.000319764
2.88384e-05
2.88384e-05
2.88384e-05
0.000291368
0.000291368
0.000314891
0.000314891
0.000332997
0.000332997
3.29496e-05
3.29496e-05
3.29496e-05
0.000309143
0.000309143
0.0003097
0.0003097
0.000319782
0.000319782
0.000261476
0.000261476
0.000296615
0.000296615
0.000312166
0.000312166
0.000321967
0.000321967
4.99572e-05
4.99572e-05
0.000311572
0.000311572
0.000315342
0.000315342
0.000312002
0.000312002
0.000287661
0.000287661
0.000322476
0.000322476
2.71296e-05
2.71296e-05
2.71296e-05
0.000311463
0.000311463
0.00032155
0.00032155
0.000288836
0.000288836
0.000320831
0.000320831
0.000323864
0.000323864
0.000289877
0.000289877
0.000322418
0.000322418
0.000322457
0.000322457
0.000315879
0.000315879
0.000310154
0.000310154
0.000315948
0.000315948
0.000323262
0.000323262
3.01544e-05
3.01544e-05
3.01544e-05
3.23011e-05
3.23011e-05
3.23011e-05
0.000250372
0.000250372
0.00029027
0.00029027
0.000300318
0.000300318
2.57302e-05
2.57302e-05
2.57302e-05
0.000322146
0.000322146
0.000311936
0.000311936
5.45246e-05
5.45246e-05
0.000319667
0.000319667
0.000297714
0.000297714
0.000311446
0.000311446
0.000324211
0.000324211
5.5215e-05
5.5215e-05
2.88603e-05
2.88603e-05
2.88603e-05
0.000299469
0.000299469
0.000314774
0.000314774
6.86827e-05
6.86827e-05
2.00358e-05
2.00358e-05
2.00358e-05
2.05962e-05
2.05962e-05
2.05962e-05
0.000298415
0.000298415
0.000242948
0.000242948
0.000290061
0.000290061
0.000290021
0.000290021
0.000319505
0.000319505
0.000321086
0.000321086
0.000321134
0.000321134
0.00031532
0.00031532
0.000319802
0.000319802
0.000321829
0.000321829
2.96799e-05
2.96799e-05
2.96799e-05
0.000322291
0.000322291
2.56005e-05
2.56005e-05
2.56005e-05
2.68238e-05
2.68238e-05
2.68238e-05
0.000322834
0.000322834
0.00031132
0.00031132
0.00023421
0.00023421
2.7258e-05
2.7258e-05
2.7258e-05
0.000321594
0.000321594
0.000287603
0.000287603
0.000318089
0.000318089
6.43188e-05
6.43188e-05
0.000293943
0.000293943
6.4544e-05
6.4544e-05
0.000320719
0.000320719
6.33434e-05
6.33434e-05
0.00024282
0.00024282
0.000222758
0.000222758
6.47599e-05
6.47599e-05
0.000323871
0.000323871
5.97958e-05
5.97958e-05
0.000311906
0.000311906
0.00031336
0.00031336
5.30498e-05
5.30498e-05
6.49295e-05
6.49295e-05
0.000299569
0.000299569
6.50354e-05
6.50354e-05
0.000303051
0.000303051
5.67224e-05
5.67224e-05
6.50728e-05
6.50728e-05
0.000287384
0.000287384
0.000243356
0.000243356
0.000290113
0.000290113
0.000292098
0.000292098
4.19119e-05
4.19119e-05
4.19119e-05
2.60857e-05
2.60857e-05
2.60857e-05
6.50303e-05
6.50303e-05
0.000322204
0.000322204
0.000308198
0.000308198
0.000319558
0.000319558
0.00032208
0.00032208
0.000299361
0.000299361
0.000309524
0.000309524
0.000298287
0.000298287
0.000320602
0.000320602
0.000322531
0.000322531
0.000322002
0.000322002
6.44245e-05
6.44245e-05
0.000298741
0.000298741
0.000217117
0.000217117
0.000315282
0.000315282
0.000312875
0.000312875
0.000322254
0.000322254
0.000310154
0.000310154
0.000222438
0.000222438
2.49936e-05
2.49936e-05
2.49936e-05
0.000232069
0.000232069
6.49052e-05
6.49052e-05
0.000324148
0.000324148
0.000323313
0.000323313
0.00032169
0.00032169
0.000297399
0.000297399
0.00031186
0.00031186
0.000285528
0.000285528
0.000299686
0.000299686
0.000319441
0.000319441
2.81844e-05
2.81844e-05
2.81844e-05
0.000307195
0.000307195
0.000314616
0.000314616
0.000287051
0.000287051
6.30965e-05
6.30965e-05
0.000278652
0.000278652
0.000290191
0.000290191
0.000297993
0.000297993
0.000311183
0.000311183
0.000320479
0.000320479
6.38046e-05
6.38046e-05
0.00032198
0.00032198
0.000319385
0.000319385
6.34664e-05
6.34664e-05
0.000315227
0.000315227
0.000323698
0.000323698
6.81365e-05
6.81365e-05
0.000290457
0.000290457
0.000320021
0.000320021
0.000319667
0.000319667
6.46762e-05
6.46762e-05
0.00028921
0.00028921
0.000321473
0.000321473
0.000317959
0.000317959
6.32392e-05
6.32392e-05
0.000321819
0.000321819
0.000287139
0.000287139
0.000289773
0.000289773
0.000319317
0.000319317
2.67695e-05
2.67695e-05
2.67695e-05
0.000321916
0.000321916
0.000268722
0.000268722
0.000321017
0.000321017
0.000323094
0.000323094
0.000321528
0.000321528
0.000288888
0.000288888
0.000234803
0.000234803
0.000320922
0.000320922
0.000224691
0.000224691
0.000322664
0.000322664
0.00028078
0.00028078
0.000311795
0.000311795
3.02507e-05
3.02507e-05
3.02507e-05
6.66699e-05
6.66699e-05
6.4017e-05
6.4017e-05
2.84798e-05
2.84798e-05
2.84798e-05
0.00031319
0.00031319
5.87625e-05
5.87625e-05
0.000321451
0.000321451
0.000299767
0.000299767
0.000224014
0.000224014
6.31819e-05
6.31819e-05
2.4294e-05
2.4294e-05
2.4294e-05
0.000301232
0.000301232
0.000320347
0.000320347
0.000321389
0.000321389
0.000323555
0.000323555
0.000232693
0.000232693
0.000309935
0.000309935
0.000314338
0.000314338
6.31331e-05
6.31331e-05
0.000315156
0.000315156
0.000287576
0.000287576
0.000320172
0.000320172
0.000321248
0.000321248
0.000290206
0.000290206
0.000321255
0.000321255
0.000309362
0.000309362
0.00029534
0.00029534
0.000283303
0.000283303
6.44001e-05
6.44001e-05
0.000319187
0.000319187
0.000320843
0.000320843
0.000290427
0.000290427
0.000319253
0.000319253
0.000218352
0.000218352
2.35555e-05
2.35555e-05
2.35555e-05
0.000297717
0.000297717
5.24953e-05
5.24953e-05
2.33558e-05
2.33558e-05
2.33558e-05
0.000315072
0.000315072
2.31428e-05
2.31428e-05
2.31428e-05
0.000319033
0.000319033
0.000314312
0.000314312
2.29066e-05
2.29066e-05
2.29066e-05
0.000311713
0.000311713
6.41867e-05
6.41867e-05
2.26675e-05
2.26675e-05
2.26675e-05
0.000319809
0.000319809
0.00029539
0.00029539
6.30031e-05
6.30031e-05
2.24475e-05
2.24475e-05
2.24475e-05
2.22716e-05
2.22716e-05
2.22716e-05
0.000317824
0.000317824
0.000324484
0.000324484
0.000318766
0.000318766
0.000310938
0.000310938
0.000297132
0.000297132
0.000320533
0.000320533
0.000288655
0.000288655
0.000252632
0.000252632
2.94822e-05
2.94822e-05
2.94822e-05
2.90681e-05
2.90681e-05
2.90681e-05
2.21581e-05
2.21581e-05
2.21581e-05
0.000313042
0.000313042
0.000299821
0.000299821
0.000314972
0.000314972
6.31382e-05
6.31382e-05
0.000320382
0.000320382
5.73003e-05
5.73003e-05
6.43836e-05
6.43836e-05
0.000319019
0.000319019
0.000314826
0.000314826
6.35426e-05
6.35426e-05
6.23133e-05
6.23133e-05
0.000302101
0.000302101
0.000213147
0.000213147
2.21168e-05
2.21168e-05
2.21168e-05
6.29612e-05
6.29612e-05
0.000311619
0.000311619
2.36243e-05
2.36243e-05
2.36243e-05
0.000283845
0.000283845
0.000318762
0.000318762
0.000314496
0.000314496
0.000310994
0.000310994
0.000317637
0.000317637
2.37687e-05
2.37687e-05
2.37687e-05
2.36953e-05
2.36953e-05
2.36953e-05
0.000290191
0.000290191
0.000311512
0.000311512
2.35822e-05
2.35822e-05
2.35822e-05
0.000319342
0.000319342
6.41711e-05
6.41711e-05
0.000318055
0.000318055
0.000286923
0.000286923
2.91399e-05
2.91399e-05
2.91399e-05
2.16401e-05
2.16401e-05
2.16401e-05
2.37999e-05
2.37999e-05
2.37999e-05
6.43216e-05
6.43216e-05
0.000301919
0.000301919
0.000276529
0.000276529
0.000320603
0.000320603
0.000311139
0.000311139
0.000311379
0.000311379
0.000323413
0.000323413
0.000287663
0.000287663
0.000312898
0.000312898
0.000322805
0.000322805
0.000318313
0.000318313
2.34028e-05
2.34028e-05
2.34028e-05
0.000322334
0.000322334
0.000297716
0.000297716
0.000309206
0.000309206
5.8385e-05
5.8385e-05
0.000319734
0.000319734
2.21794e-05
2.21794e-05
2.21794e-05
0.000322358
0.000322358
0.000251701
0.000251701
2.62671e-05
2.62671e-05
2.62671e-05
5.18122e-05
5.18122e-05
0.000314566
0.000314566
0.000317169
0.000317169
0.000313509
0.000313509
0.00029979
0.00029979
2.39568e-05
2.39568e-05
2.39568e-05
0.000299848
0.000299848
2.80197e-05
2.80197e-05
2.80197e-05
6.29315e-05
6.29315e-05
6.06036e-05
6.06036e-05
0.000310487
0.000310487
0.000320102
0.000320102
0.000313787
0.000313787
0.000312664
0.000312664
0.000320746
0.000320746
0.000299573
0.000299573
6.28548e-05
6.28548e-05
0.000309049
0.000309049
2.70819e-05
2.70819e-05
2.70819e-05
2.44698e-05
2.44698e-05
2.44698e-05
0.000267775
0.000267775
2.31417e-05
2.31417e-05
2.31417e-05
0.000299852
0.000299852
6.17111e-05
6.17111e-05
0.000315897
0.000315897
0.000322656
0.000322656
0.00029691
0.00029691
0.00031042
0.00031042
0.000299861
0.000299861
0.00029727
0.00029727
0.000209003
0.000209003
0.000321875
0.000321875
2.22276e-05
2.22276e-05
2.22276e-05
2.26852e-05
2.26852e-05
2.26852e-05
0.000315597
0.000315597
2.42878e-05
2.42878e-05
2.42878e-05
2.29436e-05
2.29436e-05
2.29436e-05
0.000319362
0.000319362
0.000289796
0.000289796
0.000289955
0.000289955
2.54356e-05
2.54356e-05
2.54356e-05
0.000311987
0.000311987
2.3822e-05
2.3822e-05
2.3822e-05
6.44534e-05
6.44534e-05
0.000318809
0.000318809
0.000322751
0.000322751
2.46407e-05
2.46407e-05
2.46407e-05
6.27825e-05
6.27825e-05
0.000308855
0.000308855
2.43754e-05
2.43754e-05
2.43754e-05
0.000323555
0.000323555
0.000298793
0.000298793
2.5674e-05
2.5674e-05
2.5674e-05
0.000310515
0.000310515
0.000288318
0.000288318
0.000308485
0.000308485
6.03854e-05
6.03854e-05
0.000296737
0.000296737
0.000321042
0.000321042
1.9566e-05
1.9566e-05
1.9566e-05
2.12804e-05
2.12804e-05
2.12804e-05
0.000318027
0.000318027
0.000205908
0.000205908
0.000290156
0.000290156
0.000318133
0.000318133
0.000310561
0.000310561
0.000318559
0.000318559
0.00028933
0.00028933
0.000290039
0.000290039
2.42687e-05
2.42687e-05
2.42687e-05
0.000313333
0.000313333
0.000312996
0.000312996
0.000308404
0.000308404
0.000319033
0.000319033
0.000309709
0.000309709
0.000288769
0.000288769
5.51769e-05
5.51769e-05
2.64377e-05
2.64377e-05
2.64377e-05
0.000296253
0.000296253
0.000321338
0.000321338
0.000297818
0.000297818
0.000282197
0.000282197
0.000210182
0.000210182
6.49319e-05
6.49319e-05
2.36628e-05
2.36628e-05
2.36628e-05
0.000311895
0.000311895
0.000296546
0.000296546
6.50286e-05
6.50286e-05
0.000316859
0.000316859
6.40031e-05
6.40031e-05
2.22378e-05
2.22378e-05
2.22378e-05
0.000287807
0.000287807
0.000302708
0.000302708
0.000306934
0.000306934
0.000296597
0.000296597
2.30086e-05
2.30086e-05
2.30086e-05
2.36996e-05
2.36996e-05
2.36996e-05
0.000286738
0.000286738
6.3734e-05
6.3734e-05
6.48218e-05
6.48218e-05
6.50756e-05
6.50756e-05
0.000288922
0.000288922
0.000287771
0.000287771
0.000302226
0.000302226
0.000310305
0.000310305
0.000296398
0.000296398
5.0727e-05
5.0727e-05
2.47605e-05
2.47605e-05
2.47605e-05
0.000309599
0.000309599
0.000283173
0.000283173
0.000307889
0.000307889
6.27134e-05
6.27134e-05
2.4254e-05
2.4254e-05
2.4254e-05
0.000308429
0.000308429
0.000315354
0.000315354
0.000290104
0.000290104
0.000309306
0.000309306
0.00028641
0.00028641
0.000295071
0.000295071
0.000314686
0.000314686
6.49239e-05
6.49239e-05
2.39787e-05
2.39787e-05
2.39787e-05
0.00029583
0.00029583
5.87666e-05
5.87666e-05
0.000286574
0.000286574
2.26543e-05
2.26543e-05
2.26543e-05
0.000287545
0.000287545
2.28739e-05
2.28739e-05
2.28739e-05
6.45824e-05
6.45824e-05
2.34861e-05
2.34861e-05
2.34861e-05
0.000307411
0.000307411
2.15091e-05
2.15091e-05
2.15091e-05
0.000306823
0.000306823
6.42485e-05
6.42485e-05
0.000293879
0.000293879
0.000287672
0.000287672
2.24242e-05
2.24242e-05
2.24242e-05
6.40728e-05
6.40728e-05
0.000287723
0.000287723
6.38362e-05
6.38362e-05
6.38323e-05
6.38323e-05
2.20928e-05
2.20928e-05
2.20928e-05
0.000295463
0.000295463
2.21215e-05
2.21215e-05
2.21215e-05
0.000293996
0.000293996
2.21505e-05
2.21505e-05
2.21505e-05
0.000270291
0.000270291
0.000304332
0.000304332
0.000282218
0.000282218
2.39576e-05
2.39576e-05
2.39576e-05
2.41247e-05
2.41247e-05
2.41247e-05
6.25521e-05
6.25521e-05
6.23698e-05
6.23698e-05
6.47057e-05
6.47057e-05
6.40224e-05
6.40224e-05
2.30879e-05
2.30879e-05
2.30879e-05
2.17141e-05
2.17141e-05
2.17141e-05
0.000286587
0.000286587
0.00029205
0.00029205
0.000300507
0.000300507
0.000286235
0.000286235
2.3539e-05
2.3539e-05
2.3539e-05
2.06733e-05
2.06733e-05
2.06733e-05
6.07071e-05
6.07071e-05
0.000269634
0.000269634
0.000289073
0.000289073
0.000282979
0.000282979
0.000285876
0.000285876
0.000286614
0.000286614
0.000299215
0.000299215
0.000284727
0.000284727
2.24541e-05
2.24541e-05
2.24541e-05
6.2071e-05
6.2071e-05
0.00028095
0.00028095
2.24371e-05
2.24371e-05
2.24371e-05
6.1032e-05
6.1032e-05
2.18964e-05
2.18964e-05
2.18964e-05
5.96193e-05
5.96193e-05
0.00026788
0.00026788
0.000275784
0.000275784
2.28044e-05
2.28044e-05
2.28044e-05
4.36929e-05
4.36929e-05
1.7089e-05
1.7089e-05
1.7089e-05
1.7089e-05
2.00897e-05
2.00897e-05
2.00897e-05
2.00897e-05
5.16648e-05
5.16648e-05
2.28623e-05
2.28623e-05
2.28623e-05
2.18623e-05
2.18623e-05
2.18623e-05
6.38591e-05
6.38591e-05
2.32934e-05
2.32934e-05
2.32934e-05
6.38509e-05
6.38509e-05
2.19926e-05
2.19926e-05
2.19926e-05
2.21675e-05
2.21675e-05
2.21675e-05
6.37325e-05
6.37325e-05
2.1678e-05
2.1678e-05
2.1678e-05
2.22164e-05
2.22164e-05
2.22164e-05
6.38914e-05
6.38914e-05
6.18639e-05
6.18639e-05
2.33706e-05
2.33706e-05
2.33706e-05
2.42069e-05
2.42069e-05
2.42069e-05
2.2812e-05
2.2812e-05
2.2812e-05
6.15449e-05
6.15449e-05
2.37404e-05
2.37404e-05
2.37404e-05
6.21377e-05
6.21377e-05
1.99707e-05
1.99707e-05
1.99707e-05
1.63978e-05
1.63978e-05
1.63978e-05
1.65137e-05
1.65137e-05
1.65137e-05
6.00176e-05
6.00176e-05
2.04883e-05
2.04883e-05
2.04883e-05
2.13487e-05
2.13487e-05
2.13487e-05
6.30259e-05
6.30259e-05
2.39804e-05
2.39804e-05
2.39804e-05
0.000265613
0.000265613
0.000263429
0.000263429
0.000280385
0.000280385
0.000285109
0.000285109
0.00028311
0.00028311
6.20858e-05
6.20858e-05
2.07023e-05
2.07023e-05
2.07023e-05
0.00025067
0.00025067
0.000251344
0.000251344
0.000241663
0.000241663
1.62086e-05
1.62086e-05
1.62086e-05
0.000268877
0.000268877
0.000324918
0.000324918
0.000294647
0.000294647
0.000268308
0.000268308
5.92292e-05
5.92292e-05
4.89534e-05
4.89534e-05
0.000327162
0.000327162
0.000246487
0.000246487
2.72613e-05
2.72613e-05
2.72613e-05
1.68337e-05
1.68337e-05
1.68337e-05
2.78673e-05
2.78673e-05
2.78673e-05
0.000324876
0.000324876
0.000187081
0.000187081
0.000252537
0.000252537
0.000319913
0.000319913
2.91727e-05
2.91727e-05
2.91727e-05
0.000306653
0.000306653
0.000211953
0.000211953
0.000252303
0.000252303
1.35504e-05
1.35504e-05
1.35504e-05
1.31535e-05
1.31535e-05
1.31535e-05
2.83835e-05
2.83835e-05
2.83835e-05
2.5539e-05
2.5539e-05
2.5539e-05
3.17266e-05
3.17266e-05
3.17266e-05
2.49794e-05
2.49794e-05
2.49794e-05
2.74583e-05
2.74583e-05
2.74583e-05
2.6397e-05
2.6397e-05
2.6397e-05
0.000250848
0.000250848
5.4931e-05
5.4931e-05
0.000243197
0.000243197
2.49666e-05
2.49666e-05
2.49666e-05
2.38267e-05
2.38267e-05
2.38267e-05
2.52685e-05
2.52685e-05
2.52685e-05
5.66715e-05
5.66715e-05
0.000222225
0.000222225
0.000324767
0.000324767
2.87788e-05
2.87788e-05
2.87788e-05
1.88732e-05
1.88732e-05
1.88732e-05
1.94005e-05
1.94005e-05
1.94005e-05
0.000247828
0.000247828
0.000251324
0.000251324
4.46932e-05
4.46932e-05
0.000238576
0.000238576
0.000306967
0.000306967
0.000232833
0.000232833
0.000187699
0.000187699
5.00067e-05
5.00067e-05
3.06877e-05
3.06877e-05
3.06877e-05
6.70894e-05
6.70894e-05
4.81828e-05
4.81828e-05
6.94698e-05
6.94698e-05
5.12744e-05
5.12744e-05
4.76451e-05
4.76451e-05
4.94479e-05
4.94479e-05
1.82594e-05
1.82594e-05
1.82594e-05
1.80224e-05
1.80224e-05
1.80224e-05
0.00024749
0.00024749
0.000231547
0.000231547
0.000200854
0.000200854
0.000318066
0.000318066
2.89823e-05
2.89823e-05
4.93615e-05
4.93615e-05
5.04702e-05
5.04702e-05
0.000205739
0.000205739
0.000215832
0.000215832
5.52456e-05
5.52456e-05
0.00026801
0.00026801
0.000224204
0.000224204
0.000218559
0.000218559
0.000312982
0.000312982
2.57647e-05
2.57647e-05
2.57647e-05
0.000200053
0.000200053
0.000233296
0.000233296
0.000276753
0.000276753
5.8135e-05
5.8135e-05
0.000330865
0.000330865
0.000277871
0.000277871
0.000289929
0.000289929
1.82527e-05
1.82527e-05
1.82527e-05
0.000237885
0.000237885
0.000330108
0.000330108
0.000232789
0.000232789
4.07936e-05
4.07936e-05
2.85645e-05
2.85645e-05
2.85645e-05
0.000313683
0.000313683
0.000300806
0.000300806
0.000329315
0.000329315
0.000185872
0.000185872
0.000206214
0.000206214
2.07424e-05
2.07424e-05
2.07424e-05
0.000309366
0.000309366
0.0003309
0.0003309
0.000198194
0.000198194
0.000330552
0.000330552
0.000316255
0.000316255
4.58297e-05
4.58297e-05
0.000322117
0.000322117
0.000330417
0.000330417
0.000237531
0.000237531
0.000324949
0.000324949
0.000244682
0.000244682
0.000217336
0.000217336
0.000220102
0.000220102
1.67445e-05
1.67445e-05
1.67445e-05
0.000323965
0.000323965
4.12972e-05
4.12972e-05
2.12999e-05
2.12999e-05
2.12999e-05
0.000329674
0.000329674
)
;
    }
}


// ************************************************************************* //
