/*--------------------------------*- C++ -*----------------------------------*\
  =========                 |
  \\      /  F ield         | OpenFOAM: The Open Source CFD Toolbox
   \\    /   O peration     | Website:  https://openfoam.org
    \\  /    A nd           | Version:  8
     \\/     M anipulation  |
\*---------------------------------------------------------------------------*/
FoamFile
{
    version     2.0;
    format      ascii;
    class       volVectorField;
    location    "0.2";
    object      U;
}
// * * * * * * * * * * * * * * * * * * * * * * * * * * * * * * * * * * * * * //

dimensions      [0 1 -1 0 0 0 0];

internalField   nonuniform List<vector> 
1924
(
(0.774899 -1.37389 1.99828e-18)
(0.799797 -1.59925 2.63888e-18)
(0.0859528 -0.5681 2.72551e-18)
(0.14863 -0.8294 2.49912e-18)
(0.764041 -1.29379 -1.16738e-18)
(-0.239254 -0.337851 5.90148e-18)
(-0.0861837 -0.582158 1.08941e-18)
(-0.538964 -0.0428033 4.31507e-19)
(-0.407845 -0.226957 4.16357e-19)
(0.346556 -0.975452 1.32282e-18)
(-0.711132 0.111119 5.17387e-19)
(-0.688021 -0.0156104 -8.91736e-21)
(0.542284 2.05246 2.76862e-18)
(-0.813099 0.216019 -1.15948e-18)
(-0.354038 0.146099 1.06359e-20)
(-0.313578 0.150532 -2.16206e-19)
(0.480592 1.89139 4.30087e-18)
(-0.783877 0.129872 4.53629e-19)
(0.643256 -1.27213 2.58163e-18)
(-0.754717 0.178156 -6.47512e-19)
(0.561123 1.84032 3.63785e-18)
(0.595228 0.130775 -1.4675e-18)
(-0.0440701 -0.143588 4.90937e-18)
(-0.727235 0.0948976 -6.86236e-19)
(0.475081 0.0854596 -1.8778e-18)
(0.161099 0.304518 2.98776e-20)
(0.109223 0.380776 -4.75972e-20)
(1.05394 -1.53696 9.74648e-18)
(-0.211908 0.984519 1.77502e-19)
(0.18171 -0.459062 -4.74285e-21)
(0.106816 0.46061 9.57543e-18)
(0.395817 0.186512 3.53688e-20)
(-0.474866 1.66137 -1.29585e-17)
(0.428508 1.26801 5.83547e-18)
(0.726099 -1.45105 -4.11392e-18)
(-0.0865255 -0.489619 1.5915e-18)
(0.399374 0.354338 2.07257e-18)
(0.0133146 0.248097 -2.82493e-19)
(0.137229 -0.459882 -2.92875e-19)
(0.311343 1.11582 9.02865e-18)
(0.279424 0.371573 8.51577e-19)
(0.605765 2.00678 2.47969e-18)
(0.247417 0.30122 2.30947e-19)
(0.0491439 0.0185182 6.81212e-18)
(0.601113 -0.627644 3.39554e-18)
(0.00718402 3.33159 1.03304e-17)
(0.537896 -1.21749 7.7639e-18)
(0.580074 -0.661108 -1.0514e-18)
(0.656784 1.89066 1.8747e-18)
(0.449662 1.35811 6.60698e-18)
(-0.893856 -0.329371 2.8987e-18)
(0.58289 2.03923 2.07056e-18)
(0.662545 0.0151079 5.41889e-19)
(-1.02604 -0.164415 3.31014e-18)
(-0.0733186 1.94871 1.64269e-17)
(0.625488 -1.18693 -6.00581e-19)
(0.572479 -1.19928 5.49364e-18)
(0.62137 -0.66653 1.77403e-18)
(0.702462 -0.902765 2.26802e-18)
(-0.0557382 0.229007 -9.819e-20)
(-0.183987 -0.422126 5.96807e-18)
(-0.295078 0.196149 -3.13438e-19)
(-0.182113 -0.369409 7.84137e-18)
(0.120822 -0.417794 -2.71879e-19)
(-0.763155 -0.0228514 1.93923e-18)
(0.62381 -0.787204 -9.86766e-19)
(-0.177177 0.214212 3.79564e-19)
(0.000247078 -0.48057 3.27062e-18)
(-0.155485 2.81905 6.71482e-18)
(-0.92191 -0.494721 2.0269e-18)
(0.447844 0.818092 6.29833e-18)
(-0.259931 0.184101 -3.14613e-19)
(0.114174 -0.43653 -4.64732e-19)
(0.21962 -0.496425 1.74958e-19)
(0.19691 -0.535887 2.20855e-19)
(-0.207953 -0.968611 8.19492e-18)
(0.778254 -1.29401 -9.01242e-20)
(0.246784 -0.562554 3.22081e-19)
(0.483248 -0.501466 4.81382e-19)
(-0.462209 -0.574424 2.8908e-18)
(-0.412498 -0.578137 -2.01232e-18)
(0.0468907 0.351279 -5.92617e-19)
(0.31685 -0.338387 1.52829e-18)
(0.571596 1.62174 7.3258e-18)
(0.541216 -1.66075 -2.20781e-17)
(0.0666283 -0.65072 9.17415e-19)
(0.742125 -1.01439 2.36708e-18)
(-0.384934 0.189258 9.47388e-21)
(0.396977 1.42716 5.07056e-18)
(0.60759 1.59523 1.06716e-17)
(-0.17365 0.246303 1.07163e-18)
(0.0475992 0.303005 -2.71155e-19)
(0.126707 2.42477 1.43231e-17)
(0.094672 -0.261162 8.0701e-18)
(0.568487 1.76228 6.48009e-18)
(-0.770001 0.0634184 1.42591e-18)
(0.517976 -1.0408 -3.54904e-19)
(-0.492459 -0.50136 -1.39855e-18)
(-0.0530339 0.255712 2.77393e-19)
(-0.123725 -0.581246 2.76669e-18)
(-0.174292 1.27931 5.30794e-18)
(0.549535 1.78063 5.83769e-18)
(-0.0661888 0.279888 2.12886e-19)
(0.00336054 0.285409 -4.32456e-19)
(-0.239474 -0.807848 6.58557e-18)
(0.316758 -0.580426 2.16628e-18)
(-0.0505247 2.77828 6.10426e-18)
(-0.603638 -1.31228 6.87362e-18)
(-0.0351278 0.205218 -2.24797e-19)
(0.164173 1.83013 1.18085e-17)
(0.364343 -0.961385 -2.59736e-19)
(-0.0739937 3.01165 7.14151e-18)
(0.504311 -1.0311 -1.23534e-18)
(0.242043 -0.389383 6.49782e-19)
(0.401566 -0.560045 5.12959e-19)
(0.556379 1.15994 1.33284e-17)
(-0.129888 0.550394 4.70966e-18)
(-0.293138 0.112031 -2.27758e-19)
(0.175911 -0.378932 -1.7829e-19)
(0.438063 -0.624381 3.39653e-19)
(1.03424 -1.22923 -3.72536e-18)
(1.36172 0.107181 -2.46304e-18)
(0.541579 1.77797 3.25775e-18)
(0.435352 0.96867 1.14925e-17)
(-0.206014 0.195963 1.14323e-19)
(-0.306631 -0.908305 9.76527e-18)
(0.00604362 -1.09307 8.26555e-18)
(0.266574 -0.57281 3.06927e-19)
(-0.0157709 2.34005 9.28222e-18)
(1.19541 -0.266767 -1.66873e-18)
(0.337303 -0.87185 6.66182e-20)
(-0.101141 2.55739 5.78951e-18)
(-0.778544 -1.23087 9.31008e-18)
(0.318017 -0.375866 9.31417e-19)
(0.529581 1.97807 4.03288e-18)
(0.0840029 0.370739 9.19588e-18)
(-0.181672 1.18514 2.04313e-18)
(-0.109682 2.73025 4.72825e-18)
(-0.676887 0.103998 -1.08132e-18)
(0.580561 -1.12764 -1.40032e-18)
(1.10865 -1.583 -8.30245e-19)
(-0.233251 0.216449 2.47019e-19)
(0.503931 -0.840289 1.78861e-17)
(0.238687 3.22113 1.00055e-17)
(-0.270942 1.24846 1.12397e-17)
(1.08926 -0.317602 -4.81294e-18)
(-0.661255 -0.618974 9.69627e-18)
(0.726641 0.520771 1.01582e-17)
(-0.04374 0.18018 -2.78443e-19)
(0.127081 -0.321177 -1.08038e-19)
(0.198705 -0.335196 1.65614e-18)
(1.13618 0.00660426 -1.58038e-19)
(0.362852 1.45681 8.57533e-18)
(-0.079243 2.54333 8.04709e-18)
(-0.40804 0.578423 1.46489e-17)
(-0.373225 -0.576187 8.12628e-18)
(1.30815 0.283892 -6.80882e-18)
(0.0149946 0.406706 2.6107e-18)
(0.121065 -0.803822 -3.73842e-19)
(0.508155 -0.18113 -6.86592e-19)
(0.245585 -0.418009 5.68992e-19)
(-0.060406 -1.69418 8.66718e-18)
(-0.165641 2.37088 8.74559e-18)
(1.53466 0.0200926 -1.34647e-20)
(0.091194 -0.376093 8.00222e-19)
(-0.0729271 -0.446316 6.90535e-18)
(-0.0785171 -0.432568 2.73068e-18)
(1.25183 0.31284 -5.55567e-18)
(0.630653 -0.693263 2.18993e-20)
(0.062268 1.78911 1.03855e-17)
(-0.268587 0.150773 -1.51574e-17)
(-0.664665 0.937426 6.35546e-18)
(0.169855 -0.694045 3.68767e-19)
(-0.0108151 0.258007 -2.30844e-19)
(0.679372 -1.17318 -2.15592e-19)
(0.393349 1.6062 8.37499e-18)
(0.187713 -0.428562 7.12104e-19)
(-0.0797309 -0.712719 -6.40622e-18)
(-0.173984 -0.581871 7.66608e-19)
(-0.20458 2.27296 7.35006e-18)
(-0.341941 0.713392 1.85856e-17)
(-0.296951 0.0766063 1.3509e-19)
(0.300946 -0.526581 4.65795e-19)
(-0.238347 -0.252872 3.99607e-18)
(0.724804 1.80305 3.84108e-19)
(0.70744 -1.26501 2.02478e-18)
(0.42144 1.81169 8.60518e-18)
(-0.339665 0.536053 6.67024e-18)
(0.502714 -0.715863 8.09979e-19)
(0.296523 -0.461206 4.16927e-19)
(-0.295145 0.56502 1.335e-17)
(-0.730136 0.579206 1.50681e-19)
(0.0710437 -0.751142 -3.95961e-19)
(-0.389932 1.9986 1.09876e-17)
(-0.00380712 0.0206787 2.89816e-19)
(1.12394 -0.016074 -1.09221e-19)
(-0.195992 0.465903 6.40019e-19)
(0.380121 1.57671 1.57388e-17)
(-0.047505 1.16044 1.59009e-17)
(0.662594 1.71035 2.17772e-17)
(0.421128 4.06734 2.20698e-18)
(0.737629 -1.47023 4.22969e-18)
(0.18987 0.515872 1.14745e-17)
(-0.804538 0.786763 1.61257e-18)
(0.486425 -0.59431 -6.11085e-18)
(-0.342337 0.790748 1.61261e-17)
(-0.37068 1.63906 6.43788e-18)
(0.492906 1.91594 6.91284e-18)
(0.535583 1.79514 5.17722e-18)
(-0.00598006 -0.154419 5.89503e-18)
(1.6197 -0.027161 1.88087e-19)
(0.0747604 2.12987 1.06399e-17)
(-0.565246 0.125541 -1.1001e-18)
(-0.10214 0.101589 1.7388e-19)
(-0.258324 0.610624 4.31521e-18)
(0.453828 -0.53415 5.11053e-19)
(-0.0311309 0.161252 -2.03605e-19)
(-0.169108 0.435695 1.31165e-17)
(-0.588262 1.37592 4.58631e-18)
(0.655809 -0.427956 -1.67834e-19)
(-0.475317 0.0083193 1.10221e-17)
(0.392891 -0.320891 2.01748e-18)
(0.121951 -0.0051134 7.52913e-18)
(-0.50681 0.143235 -3.11227e-19)
(-0.82769 0.556629 7.34872e-19)
(-0.144626 0.499267 2.73358e-19)
(-0.203075 -0.579409 -1.49967e-19)
(0.0366002 -0.750946 -1.10433e-18)
(-0.00618759 0.275665 1.47993e-18)
(0.637656 1.69632 2.6654e-17)
(-0.223328 2.94997 1.61883e-17)
(-0.122869 0.247297 -1.13882e-19)
(0.00682971 1.10741 2.30961e-17)
(-0.0420208 -0.983997 5.91483e-18)
(-0.122038 0.427165 -5.59002e-20)
(0.0257325 0.0359915 -3.52834e-19)
(-0.547995 0.0476914 -3.61731e-19)
(-0.452951 1.12022 2.21197e-18)
(0.248649 0.524217 3.9509e-18)
(1.16935 -0.0839954 -2.01885e-19)
(-0.271815 0.0556356 6.18204e-19)
(0.00616671 1.24262 2.55281e-17)
(-0.587753 0.00518716 -5.53169e-19)
(0.509027 1.94615 7.5257e-18)
(0.888226 -0.363966 1.81108e-18)
(0.518343 1.80153 5.30626e-18)
(-0.782044 0.6194 -1.08893e-18)
(0.510192 -1.03397 -1.87873e-20)
(0.29793 -0.544782 6.95409e-19)
(0.0754401 -0.734258 -1.46062e-18)
(0.708897 -1.07485 7.09773e-19)
(1.52975 -0.0710666 4.67039e-21)
(-0.0605293 0.313947 1.65715e-18)
(0.179657 1.72845 1.15945e-17)
(0.369227 -0.716407 1.14453e-18)
(-0.46089 0.0899003 -5.03235e-19)
(0.147094 0.265324 7.00299e-20)
(0.344573 1.27537 2.28965e-17)
(-0.453477 0.228179 1.38555e-17)
(-0.57679 0.937503 1.69034e-18)
(-0.408821 -0.137582 1.35639e-17)
(0.176156 0.322674 7.78891e-19)
(0.00218028 0.231688 1.19248e-19)
(0.365525 -0.553834 7.03874e-19)
(0.338686 0.171389 -4.2767e-20)
(0.160338 -0.544691 1.97849e-19)
(0.666022 2.08847 1.77636e-18)
(0.103507 -0.75052 -3.75401e-19)
(0.161961 -0.967811 9.88964e-18)
(0.134575 -0.732677 3.43786e-17)
(0.763001 1.73857 2.70085e-17)
(0.145148 -0.355606 9.39007e-19)
(0.164061 3.44014 7.08349e-18)
(0.231436 0.890633 9.74037e-18)
(-0.111269 0.228601 -1.63586e-19)
(-0.421818 -0.558349 -1.16162e-18)
(-0.792329 0.479016 -3.75727e-18)
(-0.0957932 0.428864 -1.3891e-19)
(0.0943648 1.91791 1.30646e-17)
(0.427122 1.51077 2.81553e-17)
(0.769761 3.4849 6.97177e-18)
(1.10648 -0.0953667 -8.70408e-19)
(-0.147799 0.259564 1.94649e-19)
(-0.0646933 0.39331 8.23077e-19)
(0.743737 -1.46364 1.71933e-18)
(0.271914 -0.490152 3.3419e-19)
(-0.30664 -0.537751 -1.03011e-19)
(1.44312 -0.196567 -1.6461e-18)
(-0.453496 0.74728 1.02523e-18)
(-0.00572523 1.17088 2.0969e-17)
(0.172 0.574906 1.3502e-18)
(0.12356 -0.486266 -8.33425e-20)
(-0.101418 0.386441 -3.87909e-19)
(-0.47646 0.00426115 -3.89362e-19)
(0.580168 1.19375 1.37272e-17)
(0.0948008 -0.395022 7.32519e-19)
(-0.426671 0.110205 -2.25607e-19)
(0.531041 1.99196 7.3619e-18)
(0.00216717 -0.640541 -1.73943e-20)
(-0.446122 0.035455 -4.43855e-19)
(0.928143 -0.216778 -1.30574e-18)
(0.175245 1.42845 9.32898e-18)
(-0.544955 -0.0600356 -3.19475e-19)
(-0.0360246 0.142657 4.02409e-19)
(-0.685057 0.488388 -1.07869e-18)
(0.15826 0.634666 2.66971e-18)
(0.710225 1.92483 1.84159e-18)
(-0.57133 -0.114693 -3.4343e-19)
(0.408996 1.02729 1.75525e-17)
(0.507335 -0.391802 1.75482e-18)
(0.513238 1.94107 5.35762e-18)
(0.0620615 -0.327627 2.65491e-19)
(-0.0941156 0.396972 9.05411e-19)
(0.482714 -0.0992611 5.91704e-19)
(0.215157 -0.719434 -1.20064e-19)
(0.699694 1.78451 1.85325e-18)
(-0.457927 0.198817 1.35956e-17)
(-0.525567 0.625165 6.90666e-19)
(0.0777469 0.471991 2.15983e-18)
(-0.270313 0.0986851 3.6135e-18)
(0.142194 -0.520472 -3.84922e-20)
(0.756784 1.64194 2.79756e-17)
(-0.00505361 1.53791 6.06739e-18)
(0.124826 -0.382847 6.11595e-19)
(0.0989873 0.461557 4.08681e-19)
(-0.22026 -0.698753 -1.68405e-18)
(-0.120485 0.939751 1.13325e-17)
(0.282027 0.713809 6.86839e-18)
(0.401376 -0.993226 7.74534e-19)
(-0.548121 -0.337219 -7.5216e-19)
(0.274495 1.52653 2.94505e-17)
(-0.154775 0.192434 -6.99589e-20)
(0.42854 -0.169813 7.08983e-19)
(-0.704275 0.359882 -9.54888e-19)
(0.128887 -0.60636 1.32385e-19)
(-0.0861096 0.37314 -5.97666e-19)
(-0.0812572 0.218051 -8.50909e-20)
(0.00213057 0.57409 9.46894e-19)
(-0.129619 0.412825 -3.50538e-19)
(0.0872021 1.12116 1.25757e-18)
(-0.144362 -0.734917 -1.104e-18)
(0.181033 -0.368142 5.16287e-19)
(0.408692 0.0422035 -4.76233e-19)
(0.595455 1.9509 1.20778e-17)
(-0.388419 0.0739246 -1.46861e-19)
(-0.251672 0.143613 -6.60187e-19)
(0.299013 4.47061 1.6308e-17)
(-0.187796 0.166552 3.06673e-19)
(0.0306818 -0.279825 4.80669e-19)
(0.187854 0.511535 1.08518e-18)
(0.243456 0.223306 -2.41968e-19)
(1.0274 -0.948538 -1.43958e-18)
(0.0466199 -0.367986 6.68267e-19)
(-0.443278 -0.0425065 -3.06035e-19)
(0.510857 2.008 5.06685e-18)
(0.000830994 -0.813209 -4.04794e-19)
(1.20782 0.941185 -5.43675e-19)
(-0.42602 0.503689 2.5798e-19)
(0.649988 0.642863 8.87714e-18)
(-0.624084 0.0528402 7.14942e-19)
(-0.103105 0.34186 -7.47591e-21)
(-0.395354 0.00987577 -2.45374e-19)
(-0.465035 -0.0841555 -2.78935e-19)
(-0.112824 0.207512 -3.02839e-19)
(0.268304 0.192346 -1.35032e-19)
(-0.0570293 1.13279 6.83701e-19)
(0.388756 -0.0286191 4.95685e-19)
(0.809239 1.06323 2.54933e-17)
(-0.140119 0.396302 -7.77582e-19)
(-0.0581312 0.501514 6.82065e-19)
(-0.510088 -0.167996 -2.43233e-19)
(-0.277542 0.278529 2.57369e-18)
(0.457099 0.469389 2.51934e-18)
(-0.266504 0.0309044 -4.86467e-19)
(0.0695103 0.250783 -1.04003e-19)
(0.727278 -0.82033 -1.64968e-17)
(-0.373956 0.0324542 -1.73243e-19)
(-0.358441 0.093684 -1.94878e-21)
(0.311185 0.116134 -1.32108e-19)
(-0.199855 0.147494 3.44605e-19)
(-0.226582 0.132735 -5.58933e-19)
(0.0248816 -0.82871 -6.84258e-20)
(-0.0381121 0.845115 6.44732e-18)
(-0.15346 0.282752 9.40788e-19)
(0.567918 1.60447 2.99368e-17)
(-0.519895 -0.233573 -4.749e-19)
(0.115181 -0.57149 2.18163e-19)
(-0.129153 0.191397 -4.15816e-19)
(0.107839 0.25128 -4.4423e-20)
(-0.0691592 0.867916 -1.61516e-19)
(0.0422141 -0.288474 1.84274e-18)
(0.345563 -0.130085 1.0047e-18)
(-0.0677836 0.679111 2.14709e-18)
(-0.149073 0.167376 5.83994e-19)
(-0.14843 0.510174 1.56863e-19)
(-1.39589 -1.44131 6.41346e-18)
(0.157907 0.21311 -2.14129e-19)
(0.313024 0.0612655 -3.93518e-19)
(-0.597694 -0.360722 -1.09784e-18)
(-0.266037 0.111524 -3.83096e-19)
(0.59348 -0.485838 -6.86538e-19)
(-0.118413 -0.813649 8.32873e-19)
(0.620703 1.88881 1.50177e-17)
(-0.355945 -1.27321 7.94796e-18)
(0.850799 0.137801 -2.46845e-18)
(-0.0790153 0.193647 -4.37608e-19)
(-0.529557 -0.377263 -4.05653e-19)
(-0.159883 0.155544 8.11458e-19)
(0.614608 0.42543 8.56463e-19)
(0.181035 0.192506 -8.58163e-20)
(-0.0913008 0.32259 1.78132e-19)
(0.302614 -0.171407 5.55088e-19)
(-0.465562 0.419575 1.72951e-19)
(-0.201829 0.830268 -6.5735e-20)
(-0.173419 0.380978 1.38038e-19)
(-0.0259319 0.126703 3.78062e-19)
(-0.364824 -0.601244 -1.0786e-18)
(-0.369829 -0.0266161 -1.9134e-19)
(0.168163 -0.576577 6.32013e-20)
(0.294114 -0.915548 -9.25735e-20)
(-0.385502 -0.0568036 -2.05611e-19)
(0.883577 0.678323 1.79107e-17)
(-0.481277 -0.471709 7.42449e-20)
(0.50655 2.00809 4.23416e-18)
(0.22457 0.144903 -4.15422e-20)
(-0.418989 -0.125958 -2.05248e-19)
(0.0998188 -0.705622 -3.67714e-19)
(0.0920343 -0.478435 -3.94178e-19)
(0.308305 -0.0244908 3.15146e-19)
(0.0235362 0.211223 2.49224e-19)
(-0.094448 0.186591 -3.38874e-19)
(-0.306955 -0.664707 -1.57333e-18)
(-0.0111646 0.211276 -2.42309e-19)
(0.217981 -0.220947 1.70353e-19)
(-0.167768 0.454204 -3.68819e-19)
(0.0472564 0.215884 -2.08359e-20)
(-0.431351 -0.176331 -1.94356e-19)
(0.460429 1.985 1.58168e-18)
(-0.21735 0.636924 -1.32229e-19)
(0.238504 0.109147 -7.7631e-20)
(0.579062 1.39867 2.71674e-17)
(0.0977352 0.20152 -2.52975e-19)
(-0.153506 0.355195 5.78103e-20)
(0.0810365 -0.427209 7.56733e-19)
(-0.179233 0.13028 3.42977e-19)
(0.662725 -0.102338 -1.16426e-18)
(-0.109216 0.295668 -3.90805e-19)
(0.00271127 -1.20302 1.36333e-18)
(-0.00490428 0.607364 1.42221e-18)
(-0.118909 0.166491 -2.49912e-19)
(-0.324729 0.0654162 4.74046e-20)
(0.288734 -0.0690596 6.44234e-19)
(-0.11518 0.367743 4.87961e-19)
(-0.692205 -0.224114 -7.48467e-19)
(0.119222 0.186872 -5.37607e-19)
(-0.0388047 0.513376 3.67022e-19)
(-0.451091 -0.286285 -3.04119e-19)
(-0.334562 0.0136194 -1.96585e-19)
(0.179907 -0.238421 -2.95856e-19)
(-0.222544 0.1051 -9.99937e-19)
(-0.172376 -0.795203 -1.82635e-19)
(0.253869 0.0439258 -2.54658e-19)
(0.470681 0.937697 1.81702e-18)
(0.129699 -0.278834 -2.13156e-20)
(0.611322 1.74202 1.57494e-17)
(-0.128408 0.156506 -1.72458e-19)
(-0.146718 0.136417 1.71492e-19)
(-0.169551 0.358442 5.65352e-19)
(-0.289669 0.580379 1.57164e-19)
(0.476413 -0.419534 8.36114e-19)
(0.156708 0.154649 3.75072e-19)
(0.246129 -0.133388 7.99011e-19)
(0.113858 -0.539106 -6.39352e-20)
(-0.446144 -0.364358 -3.30658e-19)
(0.893645 0.0174183 9.55731e-18)
(-0.119426 -0.836814 -9.35844e-20)
(0.0839548 -0.439889 3.87461e-19)
(-0.388005 0.345195 2.46253e-19)
(-0.18673 0.114305 3.68379e-19)
(-0.250862 0.0834238 -5.79469e-19)
(-0.0974823 0.270112 2.53639e-20)
(-0.224429 0.431169 -3.38447e-19)
(-0.0617868 0.173937 -2.27681e-19)
(-0.154411 0.124826 1.80074e-19)
(0.249275 0.00641216 -2.29958e-19)
(0.173738 0.132079 1.65503e-19)
(0.050632 0.18248 -3.44457e-20)
(-0.242139 0.0195268 -5.65338e-19)
(-0.00407778 0.185858 -4.3862e-19)
(-0.158117 -0.633634 -6.17998e-19)
(0.571285 1.66201 1.7533e-18)
(0.0133848 0.18642 -1.69999e-19)
(0.216275 -0.157349 8.23181e-19)
(0.140319 -0.783261 1.69864e-20)
(-0.351881 -0.0939468 -1.43611e-19)
(-0.408401 -0.511207 1.01297e-19)
(-0.206239 0.100097 -6.61696e-19)
(-0.0870311 0.163705 -1.57427e-19)
(0.070548 0.176633 -5.8494e-20)
(0.124158 -0.389437 9.15588e-19)
(-0.360764 -0.133272 -1.40042e-19)
(-0.315644 0.0322948 -2.2657e-19)
(0.797722 0.847935 1.95146e-17)
(0.197398 0.0853114 -3.60668e-20)
(0.520385 1.98028 1.7972e-18)
(-0.0304032 0.112406 1.08666e-19)
(-0.327659 -0.038615 -1.49215e-19)
(0.10462 0.155105 -2.68004e-19)
(0.234568 -0.0546401 4.13168e-19)
(-0.378735 -0.224251 -1.33861e-19)
(-0.0283269 -0.917415 6.44784e-19)
(-0.379657 -0.577329 5.67031e-19)
(-0.0987994 0.155707 -1.08467e-19)
(-0.116759 0.385787 1.47056e-19)
(-0.118244 0.139218 -2.5986e-19)
(-0.127149 0.129756 -1.33263e-19)
(0.202435 0.0559517 -6.73507e-20)
(-0.00492427 0.462292 -2.21819e-19)
(-0.280783 0.47092 -1.27167e-19)
(-0.231771 0.0819337 -5.10837e-19)
(0.157092 -0.191716 3.13858e-19)
(-0.315129 -0.0154017 -1.29952e-19)
(-0.289847 -0.725481 -9.61141e-20)
(-0.380013 -0.286614 -1.43614e-19)
(-0.122204 0.380931 -3.79018e-19)
(-0.0393427 0.410224 -3.99288e-20)
(0.0448017 -0.568554 5.2653e-19)
(-0.288713 -0.595682 -1.42957e-18)
(0.120995 0.141594 -3.55658e-20)
(-0.196328 0.331239 4.13701e-19)
(0.0989063 -0.241713 5.45157e-20)
(-0.408374 0.291497 1.45556e-19)
(0.215592 -0.0845906 2.2372e-19)
(-0.00886724 -0.59696 2.3043e-19)
(0.506428 1.38745 1.45817e-17)
(-0.141784 0.10979 7.87883e-20)
(-0.216047 0.392571 -4.68918e-19)
(0.814069 -0.155423 3.70543e-18)
(0.314758 0.677855 2.97681e-18)
(0.148932 0.10775 7.24522e-20)
(0.204981 0.00359512 -4.24314e-19)
(0.129993 -0.390331 7.06686e-19)
(-0.518775 -0.556302 -1.20622e-18)
(-0.0344443 -0.926317 2.03858e-18)
(-0.376077 -0.417451 -1.8173e-19)
(0.0178359 0.162762 -1.84766e-19)
(0.0820754 -0.496478 -1.75806e-19)
(0.103185 -0.403959 6.23363e-20)
(-0.167984 0.102181 3.41917e-19)
(-0.658934 -0.246911 -1.31441e-18)
(0.0337824 0.161383 -1.82762e-19)
(-0.060527 0.153872 3.47272e-20)
(-0.252427 0.0607479 1.58281e-19)
(0.178806 -0.128614 2.62638e-19)
(0.0647718 0.149098 1.56317e-19)
(0.0735458 -0.55065 3.48127e-19)
(-0.242018 -0.582755 -7.57608e-19)
(-0.649428 -0.365355 4.239e-19)
(0.117179 -0.407307 7.19118e-19)
(0.0737449 -0.458812 4.27246e-19)
(0.157116 0.0860979 2.90025e-20)
(0.129394 -0.197692 2.67999e-19)
(-0.940572 -1.43662 8.31317e-18)
(-0.0714786 0.148601 -1.18038e-20)
(0.816467 0.547927 1.18721e-17)
(0.221967 -0.634218 1.52379e-18)
(-0.240441 -0.787324 1.74349e-19)
(0.0167461 -0.700722 -2.35988e-19)
(0.0983177 -0.523869 -4.08656e-19)
(0.195913 -0.0251152 -1.9744e-19)
(-0.363434 -0.491361 -9.43124e-20)
(-0.0121744 0.164872 -1.31169e-19)
(0.0792436 0.140228 1.25398e-19)
(-0.0920257 0.137747 -3.95358e-19)
(-0.0863129 -1.04828 4.47225e-18)
(-0.117548 0.114835 -8.54388e-20)
(-0.149037 -0.567278 -3.28434e-19)
(0.514442 1.77313 1.27525e-17)
(-0.321793 -0.179102 -8.59134e-20)
(0.12797 -0.441576 -7.44211e-19)
(0.169385 0.0435603 -5.14907e-20)
(-0.199995 0.0786003 -8.16494e-19)
(-0.317743 0.43002 -2.20847e-19)
(-0.101079 0.130214 -5.33752e-19)
(-0.597382 -0.165378 4.16548e-19)
(-0.395888 -0.559299 -1.21872e-18)
(-0.31011 -0.10322 -9.01066e-20)
(-0.0127288 -0.266218 -1.97474e-19)
(-0.329826 -0.638636 4.54667e-19)
(0.157565 -0.381885 2.39154e-19)
(0.105896 0.116708 -1.86038e-19)
(0.155348 -0.144425 8.55256e-20)
(0.1823 -0.392022 4.13226e-17)
(-0.571202 -0.23524 5.16575e-19)
(-0.548956 -0.432054 -1.15757e-18)
(-0.323442 -0.230538 -7.74582e-20)
(-0.124692 0.105777 -3.16311e-20)
(0.196619 -0.734803 -2.56414e-19)
(-0.147255 0.0995011 1.37381e-19)
(0.0774974 -0.238799 -1.43272e-19)
(-0.597729 0.00481466 2.76564e-19)
(-0.302838 -0.0713189 -8.67126e-20)
(-0.185105 0.308716 -6.7713e-20)
(0.0799355 -0.399185 9.54749e-19)
(0.176586 -0.0707283 5.16288e-19)
(-0.365993 0.247777 -3.01446e-19)
(-0.0190337 0.368396 -2.22731e-19)
(-0.130757 -0.894374 -4.904e-19)
(0.317582 -0.574923 4.86888e-18)
(-0.0273009 -0.226014 -7.16094e-20)
(0.116135 0.101755 -4.97969e-20)
(-0.284014 0.0177942 -5.89663e-19)
(-0.0806519 -0.557206 -3.98179e-20)
(-0.240343 -0.64748 -1.46072e-18)
(0.167506 0.0188753 -1.61946e-19)
(-0.172942 0.0890387 3.77762e-19)
(-0.120092 0.372653 -3.66162e-19)
(0.463666 0.989552 1.6007e-17)
(-0.528996 -0.108584 4.49641e-19)
(0.111169 -0.392929 -5.10274e-19)
(-0.324191 -0.344822 -5.76904e-20)
(-0.301032 -0.710841 4.94886e-19)
(-0.239288 -0.484277 -1.52639e-20)
(0.133375 0.0686302 2.51069e-20)
(-0.250541 0.354518 -4.15201e-19)
(0.0760888 -0.560331 1.45722e-18)
(-0.258265 -0.514498 1.12862e-18)
(-0.187196 0.0760614 -3.86582e-19)
(-0.0511628 0.336144 4.98258e-22)
(0.0207288 -0.473278 -1.20207e-19)
(-0.220011 0.063203 -2.74111e-19)
(0.0331114 0.138244 -2.31957e-19)
(0.0399114 -0.744015 -1.30399e-18)
(0.0461907 -0.255354 3.8053e-19)
(0.159967 -0.0919532 4.43492e-19)
(-0.556313 -0.0719832 4.02583e-19)
(0.0463301 0.133509 -1.44038e-19)
(0.0980839 -0.437088 1.04052e-18)
(0.00712516 0.144446 -9.97174e-20)
(-0.317293 -0.414282 -2.96852e-20)
(-0.0489277 0.139082 4.00231e-19)
(-0.0685915 0.131854 -6.26233e-20)
(0.161515 -0.0232017 -2.55813e-19)
(0.070877 0.117281 3.71522e-20)
(-0.0236446 0.0993559 2.73328e-19)
(-0.281333 -0.0265041 -3.99577e-20)
(0.13607 0.0488041 7.57604e-21)
(-0.232823 -0.0014825 7.84975e-20)
(-0.00598082 0.144688 -1.57705e-19)
(0.828039 0.142613 5.13419e-18)
(0.111531 -0.164586 2.28702e-19)
(-0.0780128 0.126449 -1.00593e-20)
(0.312144 -0.645104 1.82333e-18)
(-0.138806 0.354596 1.03406e-20)
(-0.194233 -0.501135 2.09268e-19)
(-0.0948438 0.115333 -6.0802e-20)
(0.0755163 -0.199609 8.95061e-21)
(-0.0858591 -0.914254 -1.76301e-18)
(0.0811551 0.106947 -5.24791e-20)
(0.0628093 -0.427386 -3.70704e-19)
(0.219487 -0.521024 -2.88153e-19)
(-0.387874 -0.441509 -3.26267e-19)
(-0.161733 -0.586379 -3.88677e-18)
(-0.302301 -0.556003 9.57463e-20)
(-0.102514 0.108246 -2.58622e-20)
(0.06475 -0.418408 6.32764e-19)
(0.0996975 0.0824934 -2.61855e-20)
(-0.205189 0.0619482 -3.39802e-19)
(0.128053 -0.120919 2.46143e-19)
(0.151422 -0.0452239 7.04899e-20)
(0.139204 0.0125426 -5.56981e-20)
(-0.213939 -0.828427 9.3606e-20)
(0.292516 0.497519 1.38304e-18)
(-0.462356 -0.520221 -1.37105e-18)
(-0.269914 -0.00795031 -2.4658e-20)
(-0.287465 -0.626794 1.43001e-19)
(-0.296925 0.361151 5.89689e-19)
(-0.234255 0.0452531 3.73735e-19)
(-0.466132 -0.317724 -5.94932e-19)
(-0.102185 -0.460155 -2.26491e-19)
(-0.281422 -0.188053 -4.36913e-20)
(-0.280407 -0.144534 -4.75251e-20)
(-0.155721 0.0810816 2.63937e-19)
(-0.135553 0.0881048 7.74212e-20)
(0.105304 0.0674311 -5.61504e-21)
(-0.235726 0.32407 -1.07173e-19)
(-0.115837 0.0938499 -5.09424e-21)
(0.18015 -0.318486 3.86454e-20)
(-0.279346 -0.287561 -1.87847e-20)
(-0.302821 -0.442921 -5.66152e-20)
(0.160363 -0.407162 5.11847e-19)
(-0.197136 0.272766 7.55014e-19)
(-0.352849 -0.436453 9.49691e-20)
(0.0425162 0.112918 -9.72032e-20)
(0.0918761 -0.167854 1.53288e-19)
(-0.269118 -0.0811671 -1.23771e-20)
(-0.0407034 -0.43628 -3.10529e-19)
(-0.0438505 -0.871688 8.22552e-19)
(0.134506 -0.00747681 -1.20394e-19)
(0.114147 0.0376142 7.51356e-21)
(-0.248036 -0.747645 4.52902e-19)
(0.0198068 -0.222466 2.37914e-19)
(0.0206832 0.123186 8.7194e-20)
(0.447651 1.36901 1.22455e-17)
(-0.462568 -0.194478 5.31201e-20)
(0.00942235 0.125423 -2.49951e-21)
(-0.0484783 0.123571 -2.55802e-19)
(0.0524286 0.106066 -2.14746e-20)
(-0.274146 -0.350017 8.79013e-21)
(0.131292 -0.0781544 5.53263e-21)
(0.110705 -0.13126 2.12944e-19)
(-0.396975 -0.342606 -1.82429e-19)
(-0.0577015 0.120007 -3.4568e-19)
(0.21514 -0.314576 -7.94735e-19)
(0.0707119 0.0883289 -1.48616e-20)
(-0.0391262 0.30614 -2.55239e-19)
(-0.0745328 0.112137 6.00698e-20)
(0.0575924 -0.198276 3.21421e-20)
(-0.261849 -0.0554364 1.16835e-20)
(0.819015 -0.756998 2.58412e-18)
(0.00261048 -0.815474 1.52931e-18)
(-0.180347 0.0590618 -3.46821e-19)
(-0.173175 -0.858996 -1.24313e-19)
(-0.193771 -0.416801 5.15486e-20)
(-0.22065 0.047785 -2.77897e-20)
(0.494564 1.25942 1.79604e-17)
(-0.333326 -0.758616 -1.30488e-17)
(-0.459543 -0.101439 2.83786e-19)
(0.322919 0.101287 1.28377e-17)
(-0.260998 -0.481238 1.43057e-19)
(-0.0823615 0.106833 5.94134e-20)
(0.025657 -0.363242 2.36971e-19)
(0.130223 -0.372147 1.67201e-18)
(0.113623 0.0204787 2.71616e-20)
(-0.139099 0.0796746 1.04977e-19)
(0.0774742 0.0772864 -2.71978e-20)
(-0.12134 0.0858746 -7.80097e-22)
(-0.0130903 0.128115 8.91893e-20)
(-0.159867 0.0711646 1.85661e-19)
(0.0302104 -0.209362 1.28961e-19)
(-0.428741 -0.225238 -1.98656e-19)
(-0.0965044 0.0958835 3.57515e-20)
(-0.220009 -0.786097 1.08076e-18)
(-0.436357 0.131695 2.95664e-18)
(-0.583628 -0.189139 3.40571e-19)
(0.0458801 -0.448312 6.02324e-19)
(0.124701 -0.0403135 -4.2777e-19)
(-0.142208 -0.401755 -1.18847e-19)
(0.117607 -0.0928725 1.3028e-19)
(-0.249684 -0.551541 2.45304e-19)
(0.0891402 0.053831 -5.37705e-20)
(-0.0272479 0.0881017 4.78075e-20)
(-0.315698 0.323347 8.15099e-19)
(0.105227 -0.364052 5.73937e-19)
(0.116893 -0.377842 7.12368e-19)
(-0.131955 0.33618 8.18209e-20)
(0.0521009 -0.49543 -1.0727e-18)
(-0.427226 -0.129966 2.93105e-19)
(0.58488 -0.369498 -2.10852e-19)
(-0.170494 0.0580641 -1.55002e-21)
(0.0765484 -0.546497 -2.70095e-20)
(-0.102846 0.0892817 4.20183e-20)
(-0.213174 -0.00950028 4.17052e-19)
(-0.228303 -0.670024 1.73566e-19)
(0.0913625 0.0399598 -8.06725e-20)
(-0.0647272 -0.359816 -8.66529e-19)
(0.046374 0.0888947 -1.31504e-21)
(0.111271 -0.00935811 -8.0339e-20)
(-0.282143 -0.35489 -9.76322e-19)
(0.0201589 0.105529 1.09136e-19)
(-0.195126 0.0483378 -3.48099e-19)
(0.0292142 0.101292 2.40488e-20)
(0.130387 -0.406677 7.50977e-19)
(-0.0564947 0.106414 2.70631e-20)
(0.277547 0.994844 1.11704e-17)
(-0.244457 -0.238545 -7.3807e-21)
(0.115042 -0.056613 -4.42857e-19)
(0.0534557 0.0810805 8.86161e-22)
(-0.223932 -0.354101 -4.2016e-19)
(-0.0401006 0.110504 -1.05475e-20)
(-0.00825314 -0.211652 1.22783e-20)
(-0.0745539 -0.855945 -9.56859e-21)
(-0.254098 0.282926 -4.31399e-19)
(-0.867515 -0.578485 9.212e-18)
(-0.633364 0.188676 -6.5033e-19)
(0.0433916 -0.533261 4.4675e-19)
(-0.229294 0.0283839 -6.5298e-20)
(0.000983474 0.11153 -1.24408e-19)
(-0.244436 -0.117166 1.68834e-21)
(0.124118 -0.386192 -3.24805e-19)
(-0.0254488 -0.337017 -5.73738e-19)
(0.0541065 -0.169518 -2.26887e-19)
(-0.246425 -0.15299 -8.93414e-21)
(-0.0643157 0.102642 4.32468e-20)
(0.0944864 0.0140127 7.15927e-20)
(-0.212968 -0.709852 4.22691e-19)
(-0.23853 -0.293557 1.88432e-20)
(-1.53236 0.348472 2.27783e-18)
(-0.00890858 0.112337 -1.06602e-19)
(0.0784188 -0.143609 1.19539e-19)
(0.110659 0.101504 5.29514e-18)
(0.391291 -0.277239 1.08724e-17)
(0.066268 0.0631205 -5.41734e-20)
(0.0471219 -0.459659 8.26173e-19)
(-0.144561 -0.797564 4.56178e-19)
(-0.242799 -0.0175994 8.4958e-20)
(0.0856777 -0.37739 4.3915e-19)
(-0.183604 0.046949 -4.99365e-19)
(-0.0786534 0.0946234 7.0074e-20)
(0.105519 -0.025364 -1.99578e-19)
(-0.555035 -0.805523 -4.30371e-20)
(-0.222704 -0.412267 1.28576e-19)
(0.131393 -0.386845 7.0468e-19)
(-0.60715 0.0349297 1.85433e-19)
(0.091731 -0.112675 3.98968e-20)
(-0.142039 -0.330477 4.92073e-20)
(-0.156036 0.0611119 1.18503e-19)
(-0.343341 -0.266647 1.20924e-21)
(0.0700321 0.0523052 -1.18211e-19)
(0.250877 -0.349553 5.1446e-19)
(0.0111897 -0.184884 8.14747e-20)
(-0.15168 0.312598 -4.02299e-19)
(-0.234236 -0.0643455 7.38203e-20)
(-0.29291 -0.280646 -1.80836e-19)
(-0.114094 0.0762766 -2.66041e-19)
(-0.211926 -0.479782 2.70629e-19)
(0.0918353 -0.000231658 1.38901e-20)
(-0.130702 0.0706087 1.8337e-21)
(-0.0853386 0.0894551 6.81211e-20)
(-0.101191 -0.318579 -4.90636e-20)
(-0.206523 0.0362028 -1.89365e-19)
(-0.175625 -0.730707 5.66378e-19)
(0.0966779 -0.0806699 -1.69106e-19)
(0.026405 0.0859743 2.22111e-20)
(0.0763655 0.0308667 2.42271e-20)
(0.0332915 0.080627 1.72697e-20)
(-0.0623346 -0.802478 3.50032e-19)
(-0.14647 0.0568557 6.44993e-20)
(-0.190732 -0.597717 1.17321e-19)
(0.304118 1.11485 -1.85725e-18)
(-0.650624 -0.177856 -2.22523e-19)
(-0.556912 -0.0359514 1.61715e-19)
(0.01063 0.0942626 -1.64598e-19)
(0.0461199 0.0673512 5.61177e-21)
(1.19599 0.710629 -5.3548e-18)
(0.0410985 -0.168512 -3.72174e-19)
(0.00254103 0.0966189 -2.28718e-19)
(0.0761846 0.0185877 1.79866e-20)
(-0.1666 0.0457874 1.2719e-19)
(0.0645875 -0.145687 1.66575e-19)
(-0.290437 0.277742 -2.31103e-19)
(-0.0975043 0.0789375 7.22087e-20)
(-0.209955 -0.283424 3.78001e-19)
(-0.113388 -0.758979 1.46563e-18)
(-0.195786 0.0373354 -7.41857e-20)
(-0.0408873 0.0979329 4.54669e-20)
(0.0202402 -0.176258 9.07027e-20)
(0.0943036 -0.0506311 9.97357e-20)
(-0.363981 -0.176078 5.05338e-19)
(0.0173982 -0.727664 2.05563e-18)
(-0.136067 0.0617592 2.84919e-20)
(-0.228139 -0.042333 1.3032e-19)
(-0.048323 0.0957739 7.05356e-20)
(0.0569294 -0.536424 1.07383e-18)
(-0.020407 -0.185103 -3.64208e-20)
(-0.0624585 0.0907929 -1.95989e-20)
(-0.329638 -0.196974 8.49486e-20)
(0.050693 0.0592225 -5.63225e-21)
(-0.167053 -0.281724 2.72547e-19)
(-0.0456651 -0.283796 -5.36046e-19)
(-0.180699 -0.641211 -2.12641e-19)
(0.0787101 -0.119849 4.84683e-20)
(-0.0554507 -0.175748 5.26852e-21)
(-0.230016 0.257232 3.35914e-19)
(0.0864819 -0.0244605 7.67457e-21)
(0.0426709 -0.513436 -1.85556e-19)
(-0.152887 -0.699329 -7.37396e-19)
(-0.0521922 -0.205956 -1.27565e-21)
(-0.160397 0.378334 2.91944e-18)
(-0.0144032 0.0996593 1.26825e-19)
(0.0353675 -0.414297 2.98659e-19)
(0.0855053 -0.0912041 -1.47611e-19)
(-0.159796 0.0472478 1.5636e-19)
(0.0792093 -0.575716 -7.42368e-19)
(-0.0224782 0.0774123 2.5651e-20)
(0.0588425 0.0420613 -4.96094e-20)
(-0.0691626 0.0869598 2.2941e-20)
(-0.758701 -0.0314398 -4.79304e-19)
(-0.102989 0.0728595 1.10497e-19)
(-0.119114 0.0692846 -3.69315e-19)
(0.0752612 -0.00319988 -2.21252e-20)
(-0.163748 -0.668265 8.19779e-19)
(0.900953 2.91153 6.15962e-18)
(-0.202388 -0.0309026 2.70022e-19)
(-0.213585 -0.19474 7.92079e-21)
(-0.208102 -0.2409 2.52659e-20)
(-0.190389 -0.344819 1.05709e-19)
(-0.176581 0.0369838 -7.15353e-19)
(-0.0082725 -0.175962 -5.43508e-20)
(-0.212701 0.0182135 6.10868e-20)
(-0.105214 -0.263637 3.68686e-19)
(-0.233482 -0.495582 1.22275e-18)
(0.0855997 -0.062849 9.28384e-20)
(-0.378078 -0.0954812 1.34719e-19)
(0.028968 0.0679341 1.80989e-20)
(0.0602975 0.0320266 -2.06937e-20)
(-0.214956 -0.123412 1.28523e-20)
(-0.259653 -0.2202 -4.82329e-19)
(0.0100984 0.080851 -6.58125e-20)
(-0.21393 -0.0940118 1.71427e-20)
(0.0165938 0.0773941 -1.14698e-20)
(0.0374374 -0.476997 3.00011e-19)
(-0.176848 -0.406837 2.50403e-19)
(-0.0336432 1.40304 -1.15626e-18)
(-0.344178 -0.118267 2.69313e-19)
(-0.0816624 0.0788866 1.01737e-20)
(-0.220548 -0.228172 -2.56759e-19)
(0.0338212 0.0620112 1.69757e-20)
(0.0803867 -0.0370032 5.63222e-20)
(-0.0434688 -0.637649 1.03485e-18)
(0.12897 -0.646573 4.40631e-18)
(-0.203467 0.0233993 1.68851e-19)
(0.0626036 0.0132481 -1.15372e-19)
(0.33332 -0.335979 -1.05617e-18)
(-0.150501 -0.523196 3.96258e-19)
(-0.0747754 -0.254263 1.68624e-19)
(-0.151426 -0.639432 7.43592e-19)
(-0.140031 0.292135 -5.43568e-19)
(-0.309905 0.240363 -3.21827e-19)
(-0.00404044 0.0859494 3.54645e-20)
(0.0715861 -0.0149286 -7.56618e-20)
(-0.1686 0.0362266 -5.06007e-19)
(0.0427576 0.0487411 3.59129e-20)
(0.038526 -0.147121 -1.1774e-20)
(-0.0481375 0.0845467 -1.9264e-19)
(0.0825357 0.41741 9.88644e-18)
(-0.144055 0.0459919 5.59799e-20)
(0.0546379 -0.128196 8.47041e-20)
(-0.0112665 0.0870506 5.55878e-20)
(-0.0874945 0.073899 4.64265e-20)
(-0.0841612 -0.579281 1.02074e-18)
(-2.0121 1.49763 8.46713e-19)
(-0.140463 -0.572191 6.18654e-19)
(-1.38725 -0.0351859 2.46952e-18)
(-0.472269 -0.0497852 6.75469e-20)
(-0.0347566 0.0870592 2.99869e-20)
(0.0608539 0.00281507 -5.12174e-20)
(-0.054573 0.082038 -2.47395e-19)
(-0.157936 -0.228575 7.10432e-19)
(-0.185561 0.0282284 2.95778e-19)
(0.00686083 -0.157473 1.67763e-19)
(0.0452425 0.0408234 5.35646e-20)
(0.0190334 -0.279306 5.59215e-19)
(0.0648128 -0.105362 -1.78368e-20)
(-0.127217 0.0549097 8.62523e-21)
(0.559253 3.08484 5.5895e-18)
(-0.0383748 -0.171019 -1.48399e-22)
(1.09196 -1.44932 2.76558e-17)
(-0.125455 -0.226865 3.70692e-19)
(-0.154891 0.036829 1.97287e-19)
(0.144075 -0.434056 1.12175e-18)
(-0.126767 -0.612191 1.43543e-18)
(0.0695188 -0.0806483 5.75816e-20)
(-0.499309 0.225769 6.76287e-19)
(-0.285909 -0.151692 -4.44013e-19)
(-0.0669298 0.076479 -2.13339e-19)
(-0.206831 -0.049194 1.51359e-19)
(0.0496177 0.0252626 -9.66308e-20)
(0.0145519 0.0659598 3.20008e-21)
(-0.254907 -0.166259 -2.29759e-19)
(-0.113349 -0.518084 7.12264e-19)
(0.0690926 -0.05635 -7.58717e-20)
(-0.0144205 -0.549215 1.67285e-18)
(0.019423 0.0618313 1.21529e-20)
(-0.205979 0.00169998 1.08373e-19)
(0.0186692 -0.440093 3.42419e-19)
(-0.0253496 0.0683528 -3.20104e-20)
(0.00298576 0.0723396 8.11521e-21)
(-0.112527 0.0609653 -4.66581e-20)
(-0.207996 1.20234 1.0919e-17)
(-0.177388 0.028739 2.03635e-19)
(-0.00291493 0.0744298 3.47748e-20)
(-0.0158492 -0.156033 -2.53321e-19)
(0.064634 -0.0341295 -1.01843e-19)
(0.028564 0.0519252 2.53916e-20)
(-0.0980014 0.0638876 8.54311e-20)
(0.049376 0.0163855 -6.99808e-20)
(0.108476 -0.342002 -3.45654e-19)
(0.0740037 -0.372707 3.05001e-19)
(0.0447082 -0.129609 6.19458e-20)
(0.591689 -0.136565 3.35607e-19)
(-0.072819 0.0726015 -2.75629e-19)
(-0.123691 -0.588194 1.50735e-18)
(0.0574321 -0.0149937 1.05798e-21)
(0.0548535 -0.110587 5.82009e-21)
(-0.0487274 -0.500771 1.18661e-18)
(0.0293676 -0.146337 3.88838e-20)
(-0.130083 0.0482402 1.09283e-20)
(-0.137595 0.04357 9.60464e-21)
(-0.0778164 -0.212616 -5.03099e-20)
(0.0316307 0.0458845 3.38461e-20)
(-0.198067 -0.181348 -3.74511e-19)
(0.0139351 -0.151736 7.70723e-20)
(-0.147588 0.0366519 9.59058e-20)
(0.0604264 -0.0883688 1.0525e-19)
(0.135638 -0.0614629 8.83225e-18)
(-0.19129 0.0148321 9.63694e-20)
(-0.734428 -0.0821401 -4.56105e-19)
(-0.164091 -0.279425 8.72766e-20)
(0.129727 -0.329821 -1.04938e-18)
(0.0487344 0.000637158 -9.49981e-21)
(-0.16748 -0.186778 -2.67414e-19)
(-0.162714 0.0287295 -5.03402e-19)
(-0.0358812 0.0768239 2.0111e-20)
(-0.148415 -0.331911 1.68104e-19)
(-0.114353 -0.440333 6.62005e-19)
(-0.0418901 0.0754195 2.406e-20)
(-0.0157167 0.0771983 4.39867e-20)
(0.061438 -0.0655421 -5.44333e-20)
(0.0372303 0.033415 3.11335e-20)
(-0.187084 -0.156096 2.94885e-22)
(-0.186845 -0.0363937 6.90854e-19)
(-0.181162 -0.193488 1.57842e-20)
(0.517639 1.97395 -3.65442e-19)
(-0.0920123 -0.439506 1.46929e-18)
(-0.110772 -0.45992 1.31704e-18)
(-0.0536457 0.0719754 4.47506e-20)
(0.0586664 -0.0438259 -6.16586e-20)
(-0.0838145 0.064573 3.89225e-20)
(0.391556 -0.43981 8.02127e-19)
(0.140484 -0.403216 6.06644e-19)
(0.108059 -0.476465 6.89788e-19)
(-0.00654477 -0.150327 -1.80825e-19)
(-0.0971531 -0.492593 1.48279e-18)
(-0.116496 0.0545972 -7.93762e-21)
(-0.304006 -0.0839251 5.72184e-19)
(-0.27336 -0.102221 3.14383e-19)
(0.0531571 -0.0243972 -2.16096e-20)
(-0.729191 -0.018857 -6.42697e-19)
(0.136192 -0.378948 1.18306e-18)
(0.0380683 0.0261645 -7.27437e-21)
(-0.0411707 -0.147493 5.50061e-20)
(-0.183978 0.0183924 1.68342e-20)
(-0.425682 0.167697 3.36835e-19)
(-0.102739 0.0583522 2.60787e-20)
(-0.156398 0.0287821 -2.84883e-19)
(0.0163347 0.0524516 1.273e-20)
(-0.0762041 -0.554508 2.26107e-18)
(0.00268982 0.0622171 1.67897e-20)
(0.0073526 0.059493 1.07779e-20)
(-0.0593319 0.069208 6.05105e-20)
(0.0459647 -0.00793225 -8.83732e-21)
(-0.190794 -0.098189 -5.6978e-20)
(-0.118782 -0.185928 -5.56403e-20)
(0.0394783 0.0127862 -6.98603e-21)
(-0.25313 -0.688656 -2.64924e-18)
(-0.618152 0.297509 -8.09907e-19)
(0.0196927 0.0480107 1.65277e-20)
(-0.190519 -0.0740256 -9.67826e-20)
(-0.0889279 0.0598501 5.88186e-20)
(0.0367326 -0.116649 2.59479e-20)
(-0.00786815 0.0662308 3.2513e-20)
(-0.0283105 -0.145017 7.44147e-20)
(0.0438847 -0.0988205 -2.47837e-20)
(0.0570938 -0.387934 3.35894e-19)
(-0.0937622 -0.184798 -5.35964e-20)
(-0.0937974 -0.376648 7.72623e-19)
(-0.192174 -0.00618254 -2.10972e-20)
(0.0259444 0.0383849 2.42113e-20)
(-0.0772752 -0.540366 3.23473e-18)
(-0.223428 -0.127815 3.1955e-19)
(-0.169734 0.0215295 1.97355e-19)
(-0.197012 -0.138881 1.09201e-19)
(0.0380089 0.00533347 7.34306e-21)
(0.0475541 -0.0788226 -5.88743e-20)
(-0.0132963 0.0672946 5.2391e-20)
(-0.0703155 0.0632082 -7.1941e-21)
(-0.384106 -0.0483068 -5.75029e-20)
(-0.144355 0.028509 8.21449e-21)
(0.0478555 -0.0584865 -9.90565e-20)
(0.0275094 0.0326657 2.44656e-20)
(0.0349692 -0.568807 6.4958e-19)
(-0.0420378 0.0660824 5.85956e-20)
(0.0453815 -0.0391984 -2.89624e-20)
(0.759421 -0.925935 5.77653e-18)
(-0.0649439 -0.130123 6.15489e-20)
(0.0268787 -0.130985 2.58435e-20)
(-0.0796498 -0.418224 2.19142e-18)
(-0.0311103 0.0677639 1.22003e-22)
(-0.163366 0.0218621 3.87687e-20)
(-0.0217505 0.0597761 -1.74361e-19)
(0.0409231 -0.0218972 -1.00321e-19)
(-0.135629 0.0351416 -5.1567e-20)
(0.107492 -0.661951 -9.45925e-20)
(0.0207526 -0.515431 4.12307e-19)
(0.0303325 0.0217144 1.78542e-20)
(-0.0473556 0.0642763 6.74175e-20)
(-0.186772 0.00184936 4.72589e-20)
(-0.133535 -0.707733 -2.60555e-18)
(-0.0755566 0.0593455 1.95057e-20)
(-0.150966 -0.149563 1.09548e-19)
(0.0360689 -0.102893 -4.26973e-21)
(0.0352501 -0.00714247 -1.50524e-21)
(0.00469368 -0.138283 2.85587e-20)
(-0.898412 -0.0583848 1.80767e-18)
(0.00601485 0.0509702 9.99025e-21)
(-0.448901 0.405954 4.01142e-19)
(-0.0110354 -0.136238 -6.48406e-20)
(-0.00253298 0.0556684 1.67438e-20)
(-0.12242 0.0433238 1.19179e-20)
(0.00946084 0.047867 9.92808e-21)
(-0.126882 -0.153734 1.22376e-20)
(-0.110806 0.0478183 -1.20408e-20)
(-0.41966 0.000990322 1.10002e-18)
(-0.465871 0.0702979 -3.15355e-19)
(-0.538717 0.324372 -4.09364e-20)
(-0.0690644 -0.153763 1.00363e-20)
(0.0298837 0.015488 1.59552e-20)
(-0.144311 -0.22135 3.63793e-20)
(0.0399695 -0.0846887 -5.78792e-20)
(0.0159935 0.0407538 1.02351e-20)
(-0.0068589 0.0573454 1.88446e-20)
(-0.0501054 -0.131177 6.18907e-20)
(-0.151681 0.0219558 -1.98023e-19)
(-0.128899 -0.262399 1.32954e-19)
(-0.0917651 -0.352597 3.94548e-19)
(0.292262 1.23763 1.09723e-17)
(-0.0578844 0.0600805 3.90873e-20)
(0.0410061 -0.0654759 -1.11191e-19)
(0.13485 7.56616e-05 6.17888e-18)
(-0.0752097 -0.318608 1.46422e-18)
(-0.13906 0.0278763 -1.3031e-20)
(-0.0982339 0.0505764 -1.98259e-19)
(-0.174858 0.0113493 6.48438e-20)
(0.0395719 -0.0466271 2.18216e-20)
(0.0295173 -0.117995 1.99854e-20)
(0.018023 0.0364047 1.12016e-20)
(-0.0651737 -0.400747 8.23213e-19)
(-0.0247288 -0.479756 2.06115e-18)
(-0.214558 -0.0866064 8.2362e-20)
(0.0362673 -0.0291937 -6.04232e-20)
(-0.146613 0.0217582 -7.5799e-20)
(-0.403374 -0.0290396 7.7174e-20)
(-0.240864 -0.0716933 -1.85971e-19)
(-0.0290114 -0.128314 3.25156e-20)
(0.0290096 0.004809 1.58961e-20)
(0.0104727 -0.199863 2.20878e-18)
(0.0217849 0.0277978 1.53575e-20)
(0.0317604 -0.0138931 -2.95393e-20)
(0.0161684 -0.475312 2.33832e-19)
(0.142701 1.28128 2.76278e-17)
(-0.0630071 0.0571116 4.66458e-20)
(-0.0178497 -0.483168 2.43308e-18)
(-0.168921 0.0137612 1.00455e-19)
(-0.130873 0.0335657 -1.11042e-19)
(-0.184028 -0.0225389 4.65599e-19)
(-0.162485 -0.152959 -3.42889e-20)
(-0.0886063 -0.153544 -6.60772e-20)
(-0.0854448 0.051528 6.94325e-20)
(0.15981 -0.388587 4.28915e-19)
(-0.0321504 0.0593495 1.92479e-20)
(-0.0166603 0.0595176 -1.29281e-19)
(-0.350733 -0.0340222 5.22889e-21)
(-0.0177982 -0.213066 1.84371e-18)
(0.0221123 0.0227999 1.87938e-20)
(0.375909 -0.271825 4.37048e-17)
(-0.172938 -0.10687 -3.38847e-19)
(-0.0369812 0.058354 4.12014e-20)
(-0.028137 -0.38994 3.8972e-18)
(0.0265922 -0.00105259 1.47248e-20)
(-0.167998 -0.123501 -5.34307e-20)
(0.0209304 -0.130551 1.46801e-20)
(-0.00400787 -0.134126 -2.90914e-20)
(-0.151076 -0.115706 -2.38029e-19)
(-0.45576 0.229044 4.43175e-19)
(-0.12483 0.0381174 6.3564e-21)
(-0.0467891 0.0556985 -1.38229e-19)
(0.0885584 -0.333123 2.60845e-19)
(0.345212 -0.500855 4.2386e-19)
(-0.113951 0.0426678 1.01441e-20)
(-0.102447 0.0455927 -2.89334e-19)
(-0.0190959 -0.128888 -9.10249e-21)
(-0.157633 0.0157902 3.59917e-21)
(0.00974236 -0.135196 4.70472e-20)
(-0.0237633 0.0523827 1.23023e-20)
(0.0263101 -0.0935358 -1.36528e-23)
(-0.306671 -0.0423135 -8.36455e-22)
(0.0226818 0.0140437 1.9904e-20)
(-0.00248859 0.0480305 1.16265e-20)
(0.007432 0.0410553 6.19938e-21)
(-0.0473754 -0.18874 1.73075e-18)
(0.0286365 -0.0760682 -1.81471e-20)
(0.000889088 0.0460048 8.96621e-21)
(0.0692908 -0.36203 2.61358e-19)
(-0.0055789 -0.421752 7.39931e-19)
(-0.138319 0.021118 2.13787e-20)
(0.553259 -0.28055 8.53751e-19)
(0.00973587 0.0378954 5.2654e-21)
(0.029037 -0.0579981 5.13309e-20)
(-0.0456609 -0.113461 7.65882e-20)
(-0.0900931 0.0470943 1.06204e-19)
(-0.176204 -0.00454471 8.2815e-20)
(-0.0516174 0.0535515 -1.81356e-19)
(0.0220453 -0.108954 1.35178e-20)
(-0.0729841 0.0508383 3.28085e-20)
(0.0277792 -0.0404917 6.21765e-21)
(0.0140818 0.0314292 -1.06769e-22)
(0.342016 -0.280776 -1.69887e-18)
(-0.0281464 -0.280957 3.67985e-18)
(-0.130951 0.0264228 -2.3305e-19)
(0.02531 -0.0243917 -3.32312e-20)
(-0.173834 -0.0562311 -4.36226e-19)
(-0.114082 -0.124267 3.29994e-19)
(-0.152791 0.0160727 -7.66234e-20)
(0.453211 1.81624 7.21623e-18)
(0.138171 -0.480923 6.34822e-19)
(-0.144632 0.015886 -3.36919e-20)
(0.0212059 0.00911589 1.76085e-20)
(-0.0841861 -0.273667 3.80895e-19)
(-0.0553782 0.238532 1.76157e-18)
(-1.06671 -0.206408 3.90033e-18)
(-0.0104596 0.0508804 5.70596e-21)
(0.0149825 0.0275831 -5.66208e-21)
(0.0220574 -0.010323 -2.94279e-21)
(0.168 -0.422758 1.20491e-18)
(-0.171643 0.00133762 8.78477e-20)
(-0.0950423 -0.128064 2.19293e-19)
(-0.0341028 -0.11655 2.94555e-20)
(-0.543818 0.150777 1.45473e-18)
(-0.0579189 -0.100655 1.07489e-18)
(-0.0566648 -0.310765 8.80985e-19)
(0.0166391 0.0207479 5.63287e-21)
(-0.0145337 0.0517262 -9.9168e-21)
(-0.119955 -0.205163 -3.35496e-20)
(-0.135134 0.0204638 2.95134e-20)
(-0.127848 0.0251834 -1.66775e-19)
(-0.14161 0.0155773 2.17797e-21)
(0.0172684 -0.121239 -2.16734e-20)
(-0.0777965 0.0470307 4.64231e-20)
(0.0200656 -0.0995007 1.98545e-20)
(-0.172958 -0.0762421 -5.87147e-19)
(-0.119443 0.0338553 7.66907e-20)
(-0.0612662 0.0487484 3.70128e-20)
(-0.166009 -0.0728937 -2.32207e-20)
(-0.187964 -0.0606045 -3.10037e-20)
(-0.16194 0.00807359 2.44613e-20)
(0.0183411 0.00141399 2.23272e-20)
(-0.0371282 0.05051 4.14935e-20)
(0.0221782 -0.0829009 -1.68824e-20)
(0.0233745 -0.345246 7.88291e-19)
(-0.0282131 0.0519636 2.03219e-20)
(0.0228017 -0.0652682 3.73537e-20)
(-0.122162 0.0293393 1.6424e-19)
(0.0220867 -0.0477357 2.3188e-20)
(-0.0987614 0.0386262 -4.45385e-20)
(0.0176222 -0.392069 6.33904e-19)
(5.54002e-05 -0.383859 1.55583e-18)
(0.136918 -0.298172 1.96418e-20)
(0.775351 -0.189299 5.96084e-20)
(-0.04154 0.0490783 4.90759e-20)
(-0.109765 0.0367427 7.11945e-21)
(0.020367 -0.0312517 -1.84675e-20)
(-0.301277 -0.0269633 -7.06683e-20)
(0.167925 -0.284307 8.64277e-19)
(0.0159559 0.0168232 2.2437e-20)
(-0.0598401 -0.092483 -1.82408e-19)
(-0.00660762 -0.12861 -5.42992e-20)
(0.0179695 -0.0164925 -1.35999e-20)
(0.0166834 -0.113478 4.29451e-21)
(-0.132907 -0.173651 -1.9688e-21)
(0.000242504 0.0397389 7.35613e-21)
(0.0303454 -0.404406 2.95629e-18)
(-0.131928 -0.0896249 3.49885e-20)
(-0.0180529 -0.121492 -5.1874e-21)
(0.0410386 -0.37026 4.39945e-18)
(0.00734597 0.033019 1.51187e-21)
(-0.157424 0.00974305 -4.72172e-20)
(0.00267427 0.0375856 5.3359e-21)
(0.0026973 -0.12947 1.53091e-19)
(-0.114086 -0.0971192 -1.99262e-20)
(-0.830229 0.543384 1.55296e-18)
(-0.0870574 0.0394911 7.93084e-20)
(-0.130667 0.0187466 -1.09874e-19)
(-0.240821 -0.0363219 -1.14191e-19)
(-0.112899 0.0327654 3.89913e-20)
(-0.0453324 0.010644 1.60295e-18)
(-0.00612213 0.0428806 1.21728e-20)
(-0.149606 0.0110786 -4.45003e-20)
(-0.0505876 0.0455961 1.12894e-20)
(0.00865034 0.0301977 -1.1259e-21)
(-0.119019 0.0251376 9.07472e-20)
(0.0151274 -0.00385518 3.24762e-20)
(-0.102858 0.034268 -1.90437e-20)
(0.392921 -0.222247 -5.50813e-19)
(-0.0660121 0.0456299 3.80779e-20)
(-0.0473032 -0.0982944 -1.3728e-19)
(-0.137475 0.0147005 -5.5376e-20)
(-0.14673 0.0111829 -2.29863e-20)
(-0.0207184 0.0455509 3.19213e-20)
(0.0145824 0.0106733 1.52034e-20)
(0.013234 -0.378237 4.7836e-19)
(-0.00933721 0.044061 1.33593e-20)
(0.0111051 0.0251595 -2.79256e-20)
(0.458699 -0.206987 8.39009e-20)
(-0.172065 -0.0272339 2.78624e-19)
(-0.110436 0.0271419 3.29283e-20)
(0.0230228 -0.254447 4.23243e-18)
(-0.0915518 0.0353648 4.53431e-20)
(0.0304593 -0.43651 8.20663e-20)
(0.0133936 -0.124181 -1.0544e-19)
(-0.142984 0.0107444 -1.2811e-21)
(0.330268 -0.695596 6.45767e-19)
(0.177891 -0.510416 -4.68946e-20)
(-2.04675 0.126889 1.2837e-18)
(0.0110598 0.0221933 -5.09316e-20)
(-0.0649104 -0.239776 -6.80886e-19)
(0.35491 -0.550186 6.62707e-19)
(-0.0285463 -0.107854 1.27429e-20)
(-0.122339 0.0206243 2.16105e-20)
(-0.055094 0.0431575 1.467e-20)
(-0.214612 0.606715 -4.5409e-18)
(-0.136278 0.0138405 -1.54148e-19)
(-0.100395 0.0276586 -1.49926e-21)
(-0.113903 0.0242658 6.44823e-20)
(0.012258 0.00638616 8.95634e-21)
(-0.0288983 0.0449674 2.57364e-20)
(0.00939621 -0.357237 1.2699e-19)
(-0.128955 0.0173025 2.82026e-20)
(-0.0857784 -0.212708 -2.95951e-19)
(-0.0109391 -0.127695 -1.37363e-20)
(-0.0754009 0.0391866 4.38006e-20)
(-0.169801 -0.0170625 1.37594e-19)
(-0.00223143 -0.131662 -9.47609e-20)
(-0.0328248 0.0441101 2.85431e-20)
(-0.0168601 0.0454152 2.77532e-20)
(-0.0690702 -0.109356 -2.51835e-19)
(-0.00967495 -0.292383 5.86478e-19)
(-0.0843595 -0.104956 -3.4066e-19)
(-0.163181 -0.00359186 1.1596e-19)
(-0.194678 -0.273901 6.89356e-18)
(-0.120796 -0.00617147 5.54073e-18)
(0.378219 -0.390063 -1.23907e-18)
(0.00439875 -0.12943 1.44062e-19)
(-0.120953 0.0153115 -1.16327e-19)
(-0.251516 -0.0219823 -9.80259e-20)
(-0.0410944 0.041709 5.75961e-20)
(-0.104892 0.0238242 9.12729e-21)
(0.0806408 -0.517736 8.36108e-19)
(-0.0800598 0.0354517 4.46772e-20)
(0.0108643 0.0176733 1.89009e-20)
(-0.142104 0.0102384 -6.81305e-21)
(-0.14905 -0.119878 -4.22723e-20)
(-0.877708 0.654182 3.18257e-18)
(0.00161449 -0.0609939 6.77823e-19)
(-0.113577 0.0185092 9.78681e-20)
(-0.147049 0.00737557 -2.7011e-21)
(-0.0332819 0.107939 2.64801e-18)
(0.768924 0.995615 3.02969e-17)
(0.43428 -0.14759 4.36791e-17)
(-0.125876 -0.061747 -3.00537e-20)
(0.282081 -0.244313 -9.1977e-19)
(-0.116972 0.0162722 2.0929e-19)
(-0.144027 -0.0513397 -2.23409e-20)
(0.0016079 0.0329272 4.94058e-21)
(-0.152912 0.00547307 -1.43124e-19)
(-0.00319713 0.0358624 1.08042e-20)
(-0.0893596 0.0281774 2.75994e-20)
(-0.150348 0.00662587 -6.75739e-20)
(-0.0452415 0.039893 5.23326e-20)
(0.0463308 -0.132569 3.22765e-17)
(-0.021938 0.0394381 3.24141e-20)
(0.0089302 -0.371009 7.34086e-19)
(0.0381712 -0.38731 7.82597e-19)
(-0.159611 0.000680082 1.5768e-19)
(-0.146471 0.00722823 8.69476e-21)
(0.292334 -0.179466 -3.77935e-19)
(-0.00930424 0.0201527 1.73162e-18)
(-0.00564416 0.0371863 1.51798e-20)
(-0.0197117 -0.11657 3.33973e-21)
(0.00317839 0.0309999 3.11914e-21)
(0.00926582 -0.119792 2.18276e-20)
(-0.0376654 -0.0885036 5.74397e-20)
(0.0112654 -0.102867 4.9153e-20)
(-0.0642246 0.0378593 2.93892e-20)
(-0.185773 -0.0310402 -1.94339e-19)
(0.238644 -0.260618 -3.69115e-19)
(0.112967 -0.281687 -9.8292e-19)
(0.0124526 -0.0840184 -2.55845e-20)
(-0.160433 -0.0571026 -5.3469e-19)
(0.541627 -0.114302 1.86091e-19)
(-0.094093 0.0243103 1.15473e-20)
(0.00620122 0.0275764 -1.86301e-21)
(0.0447455 -0.396268 3.83815e-19)
(0.012815 -0.0647251 2.73293e-20)
(-0.104083 0.0169701 5.28093e-21)
(0.0124108 -0.046108 2.75958e-21)
(0.0287818 -0.313498 9.4007e-19)
(0.833707 0.480915 5.82529e-18)
(0.0114936 -0.0290179 -1.41075e-20)
(0.00931079 0.0143661 1.7182e-20)
(0.732715 -1.09347 9.68962e-18)
(-0.109562 0.0134064 2.36973e-20)
(-0.127142 0.00843793 -1.87636e-19)
(0.684354 -0.138694 1.01075e-18)
(-0.0355288 0.134041 2.14409e-18)
(0.0101449 -0.0141424 -1.6715e-21)
(-0.0148142 0.0393359 3.01662e-20)
(-0.0982314 -0.0762901 2.2676e-19)
(-0.0688286 0.0346217 4.59064e-20)
(-0.0117297 0.0388433 2.39913e-20)
(-0.135433 0.0109755 1.89791e-19)
(0.00665616 0.0254807 -7.87697e-21)
(-0.147141 0.00616862 6.05273e-20)
(-0.0538459 0.0357004 2.63638e-21)
(0.568814 -0.370177 -7.82981e-20)
(-0.0328209 0.0374408 1.96852e-20)
(0.00757668 -0.134357 -1.46576e-20)
(-0.14205 0.0086502 -2.87878e-19)
(0.0864681 -0.307822 -4.45339e-19)
(-0.0782118 0.0280375 3.65198e-20)
(-0.0317181 -0.226833 -1.02886e-20)
(-0.0254228 0.0390059 2.88486e-20)
(-0.0837395 -0.0832237 1.90829e-19)
(0.534862 1.93028 8.90975e-18)
(-0.206968 -0.0178705 -6.22958e-20)
(0.360322 -0.147682 -1.99759e-19)
(0.00860381 -0.00161411 8.68201e-20)
(-0.154253 -0.0962325 -9.68129e-20)
(-0.114852 -0.160374 6.60861e-20)
(-0.0365425 0.0361451 1.3956e-20)
(0.00745056 0.0224689 -9.30402e-20)
(-0.0830563 0.0243395 1.47941e-20)
(-0.0274582 -0.0993305 1.37802e-20)
(-0.0931271 0.0170252 -1.61386e-21)
(-0.0582301 0.0330026 -2.00951e-20)
(-0.0601613 0.179744 1.13411e-18)
(-0.00446365 -0.242248 5.59321e-19)
(-0.149449 0.00372736 -9.6688e-21)
(-0.0453993 -0.0652657 -1.41979e-19)
(-0.119385 0.012534 1.70204e-19)
(0.083335 -0.320236 3.91966e-18)
(-0.0986164 0.0134631 -6.54387e-21)
(-0.150739 0.00433283 2.96195e-20)
(-0.149292 0.00438776 3.35164e-21)
(-0.0444488 0.0329182 1.8008e-20)
(-8.95298e-05 -0.145043 3.83806e-20)
(-0.0191538 0.0340625 2.92702e-20)
(-0.00315585 0.0314982 1.13068e-20)
(-0.00369077 -0.146834 -4.54303e-21)
(-0.0673471 0.027254 3.27685e-20)
(-0.161423 -0.0418653 -2.91991e-19)
(0.0293013 0.123399 3.27751e-18)
(-0.134984 0.0084596 1.62408e-19)
(-0.0725642 -0.187949 3.24672e-19)
(-0.151748 0.000388329 2.71968e-19)
(0.00701149 0.00811106 -2.23885e-20)
(-0.147912 0.0053592 7.00373e-20)
(-0.0103649 0.033696 2.11016e-20)
(-0.00142229 0.0303218 8.16988e-21)
(-0.00876682 -0.142458 2.37217e-20)
(-0.0257258 0.0331022 2.48534e-20)
(0.00655893 0.0200924 -8.88318e-20)
(-0.142217 0.00733159 -2.19722e-19)
(-0.048496 0.0307518 2.11712e-20)
(0.00671295 -0.283477 4.27385e-19)
(-0.0162149 0.0341359 2.75129e-20)
(0.0912435 -0.251903 4.63736e-18)
(-0.00794403 0.0330591 2.4233e-20)
(-0.159872 -0.0203622 7.28277e-20)
(-0.0289862 0.0322169 2.19496e-20)
(-0.151974 0.00382809 3.74747e-20)
(0.210051 -0.223694 -9.07398e-20)
(-0.153582 -0.00270543 3.74555e-19)
(0.206614 -0.169701 -7.10883e-21)
(-0.158066 -0.0126994 6.51143e-20)
(-0.0341531 -0.0767545 -1.04046e-19)
(-0.0721058 0.0238741 7.34293e-20)
(0.495479 -0.039753 2.13178e-19)
(-0.125531 0.00512602 -1.04909e-20)
(-0.109727 0.00741766 -6.9375e-20)
(-0.0486145 0.192402 1.25636e-18)
(0.00197484 0.0282964 5.13155e-21)
(0.392419 -0.0844111 1.14989e-19)
(-0.019729 0.0289488 7.42361e-21)
(-0.0821106 0.0169177 1.13382e-20)
(0.251394 -0.140668 -1.17174e-20)
(-0.14001 -0.0267088 -1.2726e-20)
(-0.168015 -0.0143271 2.72549e-20)
(-0.297037 0.830081 1.10616e-18)
(-0.0361091 0.0297636 -1.24921e-19)
(-0.0882226 -0.166693 1.58196e-19)
(-0.125312 -0.135676 2.5621e-20)
(0.173475 -0.242276 8.94746e-20)
(-0.0285064 -0.194087 4.66634e-19)
(-0.0475741 -0.180592 3.61203e-19)
(-0.0133502 -0.130041 2.28011e-20)
(-0.0570906 0.0258943 -1.59298e-19)
(-0.107275 -0.0441593 1.54539e-19)
(-0.0288174 0.0264959 2.12413e-20)
(-0.0141194 0.0295255 6.07311e-21)
(-0.0876457 0.0133404 4.34782e-21)
(-0.0225276 0.028364 2.03135e-20)
(0.00280842 0.0269632 4.41602e-21)
(-0.0922356 -0.0534119 1.4142e-19)
(0.0630289 -0.255133 1.71836e-18)
(0.00531036 0.0157375 1.03603e-20)
(-0.0397514 0.0280696 -1.44872e-19)
(-0.0117523 0.0294316 -1.00212e-20)
(0.0175211 -0.208316 5.29569e-19)
(-0.00700581 0.0290207 1.82366e-20)
(0.138944 -0.21703 -1.73862e-19)
(0.00508252 -0.113551 1.39771e-20)
(-0.152742 0.00253766 2.23427e-20)
(0.0529686 -0.316197 -1.9983e-20)
(0.00521127 -0.102748 -1.2998e-20)
(-0.047652 0.0240575 2.63911e-20)
(0.00530061 -0.0893155 3.33641e-21)
(-0.0320266 0.0251861 1.94709e-20)
(-0.149525 -0.0015393 1.32845e-19)
(0.00507037 -0.0746736 -2.54709e-21)
(-0.0616115 0.0229171 -2.01534e-19)
(-0.0987516 0.00682104 -4.94691e-21)
(0.00454684 -0.0596038 4.11881e-21)
(-0.0225294 0.0233531 6.57445e-21)
(-0.0114221 -0.175302 1.76337e-19)
(-0.0174041 -0.110628 -4.6962e-20)
(0.00389424 -0.0449083 -5.42145e-21)
(0.00319921 -0.0311914 -7.08115e-21)
(-0.00518501 0.0284667 1.37238e-20)
(0.452399 -0.296423 1.60452e-19)
(-0.0252943 0.0223345 3.02743e-20)
(-0.150089 0.000595053 5.13787e-20)
(0.00439418 0.0253071 7.99034e-21)
(-0.0170711 0.0248484 -9.69961e-20)
(-0.15462 0.00260262 3.69684e-20)
(0.174023 -0.373257 -1.44027e-20)
(0.735597 1.20372 4.45559e-18)
(0.978539 2.699 4.23516e-18)
(0.00245228 -0.0189862 7.33171e-20)
(-0.00156413 0.0276259 7.7838e-21)
(-0.0712613 0.0165219 1.6215e-19)
(-0.039143 0.0218972 -1.46597e-20)
(-0.15598 0.00208643 -4.20074e-21)
(-0.0147587 0.0252181 -8.42328e-20)
(0.25872 -0.0813262 1.79293e-19)
(-0.14527 0.00369084 6.36633e-20)
(-0.0101136 0.0257382 -8.80965e-20)
(-0.0315934 0.0196061 3.59323e-20)
(-0.150091 0.0034955 -1.00181e-19)
(-0.0211505 -0.0850992 1.05456e-19)
(-0.0699978 -0.0675692 -2.50261e-21)
(0.107358 -0.244258 -3.01708e-19)
(0.0018198 -0.00854908 -3.72955e-20)
(-0.159568 0.00158789 -2.79095e-20)
(-0.0518215 0.0215186 4.28472e-20)
(-0.133908 -0.0113755 -7.70171e-20)
(0.00615011 -0.181806 2.22718e-19)
(-0.0171869 0.020563 -1.01618e-19)
(-0.0249789 0.0173971 1.10432e-19)
(-0.0432408 -0.157678 -1.25106e-19)
(-0.00824095 0.0256926 -8.23737e-20)
(0.00429766 -0.123291 7.02176e-21)
(0.00194871 -0.125592 9.05283e-21)
(-0.0766627 0.0131097 2.13411e-19)
(-0.0428902 0.0197801 2.17359e-21)
(0.000308642 -0.123315 -2.43976e-20)
(-0.150047 -0.00887667 -2.17463e-21)
(0.00379548 0.0210975 -3.40252e-20)
(-0.0195083 0.0197445 -9.57465e-20)
(0.00407247 0.0237816 3.82244e-21)
(0.350606 -0.0386532 1.51886e-19)
(-0.107016 0.00837328 1.32063e-19)
(-0.0965612 -0.00454909 1.8098e-19)
(-0.0876897 0.00678172 5.53525e-20)
(-0.0581061 -0.0749962 3.81926e-20)
(0.0425928 -0.208447 9.88987e-19)
(-0.150536 -0.0146058 -2.54608e-21)
(-0.027816 0.0159273 1.26915e-19)
(-0.034888 0.0178549 2.10442e-20)
(-0.145044 -0.0726047 -3.52137e-20)
(-0.0144831 -0.157185 -2.03678e-20)
(-0.00445543 0.0258339 6.09549e-21)
(-0.150313 -0.04241 -5.35502e-20)
(-0.0125769 0.021884 -8.22023e-22)
(-0.00175531 -0.115497 2.47449e-20)
(-0.133529 -0.0686092 4.35846e-20)
(-0.027682 -0.147771 -5.69132e-20)
(-0.00044957 0.0269403 8.86153e-21)
(-0.0226919 -0.0365359 6.80851e-20)
(-0.0778118 -0.148261 9.18721e-20)
(0.000973333 -0.000115684 -1.48817e-20)
(-0.151135 -0.0309477 1.71581e-21)
(0.212618 -0.454613 4.82546e-19)
(0.0292856 -0.266968 9.39476e-20)
(0.0649924 -0.233556 -5.67759e-21)
(-0.05749 -0.144944 1.25639e-21)
(-0.0106959 0.0222342 7.36717e-21)
(-0.0192565 0.0154926 -9.54817e-21)
(-0.0343776 0.0122271 1.74528e-20)
(-0.0771043 0.00443916 -1.2235e-19)
(-0.0423393 0.0135782 1.76088e-21)
(0.242791 -0.043192 -2.75439e-19)
(-0.101458 -0.0235133 -4.37013e-20)
(0.0761999 0.0184558 3.77372e-18)
(-0.0216349 0.0142149 -4.18767e-21)
(-0.142422 -0.0305678 -1.12055e-20)
(-0.146516 -0.00942297 -9.57145e-22)
(-0.00683317 0.0231594 -1.33522e-20)
(-0.0901486 -0.130496 7.47828e-20)
(-0.0273035 0.0109234 3.09985e-20)
(-0.162181 0.00124193 7.2054e-20)
(-0.00314091 0.0256707 5.06802e-21)
(0.0341733 0.1296 2.58593e-18)
(0.0260076 0.0874635 2.68332e-18)
(0.0941828 -0.237262 2.50008e-18)
(-0.00358109 -0.101873 9.65594e-20)
(-0.0608839 0.0158195 -9.24936e-20)
(0.00754829 -0.167949 3.64728e-20)
(-0.014603 0.0176148 -6.72739e-20)
(-0.111615 -0.124732 6.3319e-20)
(0.00173479 0.0264468 1.0679e-20)
(-0.148241 -0.00523559 4.24852e-20)
(-0.0511964 0.0148157 2.79906e-20)
(-0.152743 -0.000195267 3.39611e-20)
(0.158817 -0.140131 5.95079e-20)
(-0.137722 -0.0535668 1.34629e-20)
(0.000320244 0.00638732 7.42215e-20)
(-0.00504848 -0.0827041 -1.02264e-19)
(-0.0127068 0.0183119 -5.57455e-20)
(-0.117723 0.00109104 -1.17952e-19)
(-0.10364 -0.00898689 -2.72378e-20)
(-0.128458 -0.0500091 3.10883e-20)
(-0.0305226 0.009135 2.12425e-20)
(-0.0381031 0.0101492 5.32377e-21)
(-0.102504 0.00429697 -3.23203e-20)
(-0.00879619 0.0198437 2.11722e-20)
(-0.068349 0.00418812 1.60936e-20)
(-0.0766085 0.00664398 8.27606e-21)
(-0.143943 -0.0217848 -1.42497e-20)
(-0.120562 -0.104515 6.14453e-20)
(-0.110466 0.00232877 5.63773e-20)
(-0.00682256 -0.154782 -5.14171e-20)
(-0.0053514 0.0234163 -2.76464e-21)
(-0.114076 0.00167586 -7.84623e-20)
(-0.139995 -0.0919979 7.55915e-21)
(-0.0210519 0.00987132 -8.29117e-21)
(0.0348405 -0.204135 1.28114e-19)
(-0.0143957 0.0140494 1.9129e-20)
(-0.155611 0.000925313 2.59627e-20)
(-0.0163011 0.0129142 1.44312e-20)
(0.0327867 -0.163988 2.20517e-19)
(-0.0005004 0.0261381 1.17987e-20)
(-0.117417 -0.0784423 9.66536e-20)
(0.000615781 -0.0541187 -1.72867e-20)
(-0.00636353 -0.0598674 5.58812e-20)
(-0.132559 -0.0382891 7.87382e-21)
(0.128944 -0.164128 -9.09701e-20)
(-0.0660042 0.0126803 -1.21998e-19)
(-0.108653 -0.0706939 9.67143e-20)
(-0.052275 -0.127495 -2.6421e-19)
(-0.0814615 -0.116112 3.27465e-20)
(-0.0237891 0.00827737 -3.42759e-21)
(-0.0465787 0.0111495 2.42821e-21)
(-0.120016 0.000991439 1.24498e-19)
(-0.0640871 -0.115191 -1.68661e-19)
(-0.139261 -0.0203576 -9.10806e-21)
(-0.00720454 0.0204026 1.40237e-20)
(-0.0918063 -0.100611 3.85372e-21)
(-0.0104741 0.0161233 1.66247e-20)
(-0.0258899 -0.13291 -5.0599e-23)
(0.13251 -0.0888638 5.22168e-19)
(0.148193 -0.0504946 3.8026e-19)
(-0.0155432 0.0092523 1.24071e-20)
(-0.109705 -0.0952451 8.23662e-20)
(-0.0373155 -0.121912 -2.79159e-21)
(-0.0758294 -0.0395323 -6.69741e-20)
(0.625701 1.89386 1.26968e-17)
(-0.037613 0.00504292 -4.33975e-21)
(-0.0601342 0.00417387 1.45873e-19)
(-0.127032 -0.0342995 1.61757e-20)
(-0.150005 -0.00465037 1.20343e-20)
(-0.0299267 0.00448926 9.01531e-21)
(-0.115561 -0.0570016 8.35088e-20)
(0.0024545 0.0244451 1.27861e-21)
(-0.000266692 0.0110119 -6.42143e-20)
(-0.0177868 0.00775841 4.53961e-21)
(-0.0117922 0.0121492 2.82388e-20)
(-0.00881098 0.0168688 1.98739e-20)
(-0.00234818 0.024649 3.69917e-22)
(0.0143967 -0.108706 -2.25531e-20)
(0.00194171 -0.115015 -6.27635e-20)
(0.00188033 0.0256573 9.44836e-21)
(-0.014402 -0.132427 -5.45876e-20)
(-0.0461991 0.00559763 -3.67458e-20)
(-0.0230213 0.00406973 -7.40523e-21)
(-0.0108625 0.008972 1.56987e-20)
(-0.0631811 -0.0488034 -1.48499e-20)
(-0.0102786 0.0130425 2.75311e-20)
(-0.109756 -0.0499492 8.71822e-20)
(-0.0039109 0.0221918 1.38396e-21)
(0.0781422 -0.130241 -1.308e-19)
(0.0454075 -0.137977 -3.4421e-20)
(-0.142679 -0.0136523 -5.939e-21)
(-0.0124058 0.00766037 1.18986e-20)
(-0.0586746 -0.100723 1.31776e-19)
(-0.163794 0.00053673 2.5429e-20)
(-0.121871 0.000859537 4.0635e-20)
(-0.132507 -0.0249499 2.82821e-21)
(-0.0844982 -0.0888053 -2.98479e-19)
(-0.0559153 0.0120203 2.18522e-21)
(-0.0693248 -0.0889926 6.7933e-20)
(-0.00154762 0.0249968 -2.61437e-21)
(-0.044246 -0.0964787 -7.719e-20)
(-0.0937117 -0.0751628 -2.61877e-19)
(-0.0166221 0.00392725 4.65285e-21)
(-0.00437037 -0.105656 5.14552e-20)
(-0.00529846 0.0189925 1.33139e-20)
(0.0770002 -0.111436 1.13135e-18)
(1.30131e-06 0.0259793 2.23015e-20)
(-0.0241168 0.00347491 -2.23671e-22)
(-0.0334676 -0.107611 -1.85656e-19)
(-0.0302806 0.00366515 -7.6753e-20)
(-0.0658585 0.00642513 -9.59171e-20)
(-0.0521117 0.00413237 -1.60196e-19)
(-0.0883945 -0.0649033 -2.3608e-19)
(0.0519503 -0.0865738 -7.60366e-21)
(-0.11728 -0.0385259 4.32399e-20)
(-0.0197375 -0.103716 2.15546e-20)
(-0.00661763 0.0152425 1.43932e-20)
(-0.154389 -0.00203544 1.48712e-20)
(-0.0185253 0.00333561 -3.76842e-21)
(-0.0104053 0.00409708 -4.10584e-21)
(-0.00780845 0.0112729 1.68631e-20)
(0.000291813 0.0260473 4.55358e-20)
(-0.000505542 0.0248178 -2.55121e-20)
(-0.00166212 0.0156872 -5.21939e-20)
(-0.143488 -0.0111601 -2.31141e-21)
(-0.0761549 -0.00717178 2.07719e-21)
(-0.132259 -0.0200244 7.13193e-21)
(-0.0133005 0.00330431 1.09298e-21)
(-0.00754751 0.00738501 -1.4363e-20)
(-0.097441 -0.0526969 -1.90812e-19)
(-0.0398843 -0.0814011 2.1861e-19)
(-0.00828884 -0.0875101 -5.54067e-20)
(-0.123126 -0.00088033 -1.99356e-21)
(-0.163718 -0.0010917 4.7497e-21)
(-0.160512 -0.00372971 -6.47648e-21)
(-0.0556555 0.0060766 4.61237e-20)
(-0.0242772 -0.0708159 1.91594e-19)
(-0.037054 0.00385919 1.00348e-19)
(-0.00807505 0.00341759 6.58786e-22)
(-0.0505058 -0.0715585 1.54195e-19)
(-0.115796 -0.030734 3.40311e-20)
(-0.0648017 -0.076047 1.36942e-19)
(-0.00285593 0.0229429 1.0847e-23)
(-0.0116235 -0.0627534 -5.1282e-20)
(-0.00246504 0.00359588 -5.38147e-20)
(-0.00375983 0.00433688 2.92656e-20)
(-0.00693713 0.00775043 -1.0048e-20)
(-0.0944001 -0.0419746 4.27593e-20)
(-0.0697203 -0.0514609 9.41146e-20)
(-0.00403472 0.0200161 7.87557e-21)
(-0.149837 -0.00664641 -1.91224e-22)
(-0.074572 -0.0650683 9.66576e-20)
(-0.0051556 0.0164048 1.16969e-20)
(-0.0160193 -0.0303365 8.92736e-20)
(-0.0280949 -0.0294013 -6.92431e-21)
(-0.00629865 0.0122505 1.38517e-20)
(0.0746216 -0.0164584 2.40236e-18)
(-0.0870313 -0.0242821 4.60601e-20)
(-0.0578358 -0.0172294 3.08744e-20)
(-0.0496744 -0.0277679 5.69248e-20)
(-0.0446729 -0.0536412 8.66819e-20)
(-0.0819747 -0.0403944 7.08647e-20)
(0.0511957 -0.0506526 -1.77588e-20)
(0.0109278 -0.00922863 -9.15589e-20)
(-0.00883559 -0.0114306 -1.64009e-19)
(0.0258189 -0.0271883 -3.42306e-20)
(-0.00757948 -0.0048374 -1.51472e-19)
(0.0468289 -0.0295201 -2.78423e-19)
(-0.00238188 0.0131452 6.76538e-22)
(-0.00188648 0.0192506 4.97448e-21)
(-0.0443729 0.00402478 1.54645e-20)
(-0.00119979 0.022511 -1.47441e-21)
(-0.00203133 0.0148727 -1.04809e-20)
(-0.00125335 0.0154403 9.35444e-20)
(-0.00258581 0.0151083 6.46284e-21)
(-0.00275639 0.0104853 2.0826e-21)
(-0.000791352 0.013957 2.27494e-21)
(0.00128305 0.0260075 8.8405e-21)
(-0.138757 -0.0127561 4.82013e-20)
(-0.102592 -0.00915355 -1.7019e-19)
(-0.123147 0.000322243 6.9369e-21)
(-0.0839645 -0.013268 1.40017e-19)
(-0.116962 -0.0186335 9.87911e-21)
(-0.114331 -0.00551515 2.25848e-19)
(-0.152772 -0.00761301 -8.64644e-21)
(-0.0247798 -0.0166601 1.47383e-20)
(0.00172503 0.0024332 2.4278e-20)
(-0.00273504 -0.00172708 2.44626e-21)
(-0.00409446 0.00371 4.48503e-20)
(-0.00364007 0.00211611 8.5186e-20)
(-0.00319366 0.00682459 5.35563e-21)
(-0.00336014 0.0100552 2.17424e-20)
(-0.120654 -0.00275869 -1.24938e-19)
(-0.0533285 -0.045706 7.66003e-20)
(0.335196 -0.569333 6.015e-19)
(-0.106943 -0.0312515 3.64205e-20)
(-0.140983 -0.0131976 2.02643e-21)
(-0.126817 -0.0216776 2.34892e-20)
(-0.0678367 -0.0218037 9.18909e-20)
(-0.049468 -0.00618105 4.16907e-20)
(0.237742 -0.353239 -1.8743e-19)
(0.733328 -1.26416 2.88133e-18)
(0.187595 -0.533158 1.00626e-18)
(-0.0222811 -0.00507808 1.60601e-20)
(-0.0473559 -0.0387257 -7.65997e-20)
(0.378977 -0.319128 -8.53351e-20)
(-0.707057 0.370651 1.30391e-18)
(-0.0371769 -0.0485411 -5.35677e-20)
(-0.0347976 -0.0234765 1.51713e-19)
(0.68071 1.29487 -4.45767e-18)
(0.386361 -0.618995 -2.18646e-19)
(0.236069 -0.52492 5.36174e-19)
(0.032714 -0.424203 -2.19594e-20)
(-0.00558832 -0.0218867 -4.60774e-21)
(0.0466793 -0.582422 2.74441e-19)
(0.313973 -0.250158 3.01267e-19)
(0.984828 1.34995 -9.74431e-19)
(0.215875 -0.380098 -3.91225e-19)
(0.680823 -0.251269 5.63761e-19)
(0.0482917 -0.869033 6.79029e-19)
(-0.26704 1.46923 1.0408e-18)
(0.68514 1.82455 1.78752e-17)
(0.246461 -0.428379 -3.49909e-19)
(-0.0643142 0.210895 5.35693e-19)
(-0.0768173 0.301475 -6.62831e-19)
(0.943455 -0.09119 1.50317e-18)
(0.873356 0.0253326 1.49613e-18)
(1.18377 -0.700281 -1.34016e-18)
(1.00559 0.0870019 1.55351e-18)
(0.916517 0.0215518 1.43841e-18)
(0.774566 0.0284958 1.45176e-18)
(0.152816 -0.359449 3.88883e-19)
(0.162065 -0.626534 4.15948e-19)
(0.374297 -0.585531 3.92825e-19)
(-0.381693 -0.0509991 1.00705e-17)
(-1.25971 -1.64347 2.47927e-17)
(-0.206136 -0.766021 1.68636e-17)
(0.377652 -0.835032 2.47268e-19)
(0.738071 1.79076 2.1258e-17)
(0.259346 -0.274823 3.96957e-19)
(0.69012 -0.664738 8.10332e-18)
(0.180273 1.83436 1.00662e-18)
(-3.13108 0.771515 -5.79199e-18)
(0.393385 -0.546127 2.91299e-19)
(0.330837 -0.449815 -1.08239e-19)
(1.13515 -1.26437 -1.51457e-18)
(0.520011 -0.847651 2.07197e-17)
(0.510153 -0.764806 2.02496e-18)
(0.64847 -0.923198 1.74166e-17)
(0.883531 0.599072 -4.43673e-18)
(0.516811 0.624456 -2.1322e-18)
(1.03856 -0.532052 6.82225e-18)
(1.12465 -0.0820057 1.60279e-18)
(1.37413 0.116653 9.19034e-19)
(1.20779 -0.225803 6.35764e-19)
(1.32794 0.0960389 1.77892e-18)
(1.3833 0.096883 -8.95553e-19)
(1.26962 0.0478427 1.62889e-18)
(0.0504741 0.215623 9.28694e-19)
(-0.0169856 0.470908 1.14962e-18)
(0.153387 -0.343128 -1.24455e-19)
(0.779505 1.68687 2.35217e-17)
(0.446039 -0.354384 2.63633e-17)
(0.422372 -0.716265 1.64437e-18)
(1.43021 0.749062 8.91343e-19)
(-0.126676 -0.467524 1.82335e-17)
(-2.87458 1.39805 -3.57209e-18)
(0.345706 -0.601828 2.05983e-17)
(0.686988 2.09824 1.16023e-18)
(0.278307 -0.65616 1.12396e-17)
(0.689933 1.28775 2.2015e-17)
(0.40858 -0.799645 1.35044e-17)
(0.615433 2.1132 1.34191e-18)
(-1.32006 0.0233859 -1.12984e-18)
(-2.09853 0.60039 2.52457e-17)
(0.633502 2.06383 1.18123e-18)
(0.555537 -0.925699 1.30778e-17)
(0.396197 1.72386 -3.3345e-19)
(1.02384 -0.392791 8.51116e-18)
(-0.587991 -0.321087 -1.18481e-19)
(0.755698 1.9007 8.85142e-19)
(0.74957 0.824454 2.19707e-17)
(-0.161224 0.132373 3.95155e-18)
(0.669237 -0.672757 5.73353e-18)
(-0.658754 -0.103827 -6.41454e-19)
(0.658823 -0.701593 8.23476e-18)
(0.424841 2.06616 -1.21344e-19)
(0.794058 1.20981 5.48328e-18)
(-0.656269 -0.364615 -1.44763e-18)
(0.658812 0.0570856 1.54619e-17)
(-0.652491 0.0346676 -1.32569e-18)
(0.832421 1.5037 2.01945e-19)
(0.489334 1.97984 -1.28992e-18)
(0.11286 0.239853 7.80763e-20)
(0.673311 -0.314057 8.74871e-18)
(-0.61145 -0.329804 -4.93116e-19)
(0.571329 1.97485 1.50013e-18)
(-0.594057 -0.236506 -7.43667e-19)
(0.508009 -0.532484 4.08018e-18)
(-0.0887045 0.747241 2.65713e-18)
(0.457752 -0.504745 9.45768e-19)
(-0.655447 -0.185475 -1.23265e-18)
(0.589581 -0.889961 1.94916e-17)
(0.317979 -0.404906 5.44631e-19)
(0.671773 -1.09047 1.11067e-17)
(0.567774 -0.650351 3.11103e-17)
(0.575133 -0.745714 2.77379e-17)
(0.489143 0.829408 2.51615e-18)
(0.347244 -0.481522 1.13184e-18)
(0.615653 0.176397 -1.78211e-18)
(0.670831 0.0529809 -1.6974e-18)
(-0.684428 -0.0465165 -7.62231e-19)
)
;

boundaryField
{
    patch0
    {
        type            noSlip;
    }
}


// ************************************************************************* //
