/*--------------------------------*- C++ -*----------------------------------*\
  =========                 |
  \\      /  F ield         | OpenFOAM: The Open Source CFD Toolbox
   \\    /   O peration     | Website:  https://openfoam.org
    \\  /    A nd           | Version:  8
     \\/     M anipulation  |
\*---------------------------------------------------------------------------*/
FoamFile
{
    version     2.0;
    format      ascii;
    class       volScalarField;
    location    "0.55";
    object      p;
}
// * * * * * * * * * * * * * * * * * * * * * * * * * * * * * * * * * * * * * //

dimensions      [1 -1 -2 0 0 0 0];

internalField   nonuniform List<scalar> 
1924
(
0
-7.55019
-7.54916
-7.46589
-7.47717
-7.59218
-7.5435
-7.71769
-7.67463
-7.45696
-7.85674
-7.85857
132.247
-8.06407
-10.5793
-10.5772
59.094
-8.05554
27.4237
-8.22167
220.101
-8.79472
107.43
-8.18849
-8.93066
-9.53522
-9.41977
-7.5661
-7.63452
-6.33217
49.0567
-8.58262
-6.59714
100.936
-7.38555
59.1503
-9.05255
-7.61353
-6.22572
50.9477
-9.32554
177.307
-9.63159
155.844
-6.74553
-7.91989
0.615292
-6.90158
447.795
302.6
35.6349
82.92
-8.80916
33.0298
-8.18225
-7.35898
27.3003
-6.89621
-6.83463
-9.22174
176.965
-10.2964
188.348
-5.90661
56.8447
-6.99396
-9.78826
27.7661
-7.91782
123.178
18.7115
-10.2634
-6.0238
-6.45199
-6.54493
-4.85573
-7.07638
-6.66128
-6.80922
150.504
-7.58922
-9.45269
-6.4047
80.9167
-5.65307
21.0328
-6.9899
-10.0025
378.252
23.0814
-9.70836
-9.54658
-7.84743
-8.2583
19.1486
59.4373
-7.15805
-7.65373
-9.42701
2.51487
-7.77769
24.1265
-9.42026
-9.47618
-8.34882
-6.99836
-8.02921
-8.68321
-9.06144
-8.08617
-7.24098
-7.95654
-7.4428
-6.36139
-6.84304
112.562
-7.72717
-10.3546
-11.1448
-6.97093
37.4754
866.23
303.597
58.9035
-10.0144
-8.78964
-5.94058
-6.76594
-8.09602
789.23
-7.24694
-7.99222
-7.24375
-6.45284
14.1888
-8.48349
-7.75099
-7.94204
-8.34289
-7.37443
-6.91096
-10.0541
11.9835
-10.7612
-7.85281
638.435
-8.77792
8.21488
-9.18993
-6.44424
-6.28211
955.25
2.87545
-8.13077
-7.81584
-8.79179
935.749
-7.68624
-7.3577
-6.23665
-6.39055
-7.84054
-8.08935
834.144
-6.10724
-8.64131
-8.85423
1014.47
-6.99875
-8.22583
-7.15603
-7.97452
-7.03656
-9.36178
-7.09255
-7.92218
-6.28059
36.6927
92.3587
-8.23288
-9.22165
-10.3298
-6.6908
-8.91963
561.829
-7.17263
-1.5276
-9.30354
-7.13034
-6.51818
-8.63667
-7.94661
-7.3858
-8.19723
-8.92027
915.582
-9.25295
-8.81537
-9.12754
-7.58543
-2.26761
-7.6353
-8.58052
-8.11527
-7.40099
-9.27351
-8.35021
2.15754
8.69409
-4.35384
778.744
-8.21283
-8.68784
-8.95639
-9.25098
-6.87549
-10.1693
-8.68698
-8.33521
-6.79795
-8.74364
-6.4181
-8.66563
-8.90087
-8.0927
-9.24719
-7.50015
-7.24907
-8.94716
-8.53618
-5.2318
-9.39564
-9.26837
8.52352
-9.22532
-7.62566
-8.52984
-8.50337
-8.64745
857.347
-10.308
-9.20011
-8.34585
-2.50093
-4.67336
8.7925
-8.2721
-7.12751
-6.73285
-7.16145
-5.99921
783.837
-9.00111
-8.36404
-7.15542
-8.87572
-9.75265
-9.11992
-8.81827
-8.51024
-8.94953
-8.74062
-9.18341
-6.85898
-9.52939
-6.5527
268.075
-6.99997
-8.62733
15.9832
-7.68212
-6.3073
-7.42698
-9.33684
-9.46666
-7.64501
-8.27205
-9.25138
-8.34422
-9.3728
23.199
904.559
-9.62058
-9.00112
105.928
-6.55392
-7.53281
783.147
-8.71212
-9.14149
-8.70761
-6.29331
-9.24674
-8.54283
207.186
-5.67099
-9.3471
-0.364494
-6.92191
-8.78465
863.069
-8.46935
-8.23954
-10.6926
-8.49364
-9.39105
286.255
-8.11116
-9.23112
-6.65025
5.88878
7.03942
-9.07397
-8.85836
-7.28783
252.639
-9.03442
-8.7504
-8.81449
-9.03
-6.45689
-8.10561
-8.43208
-5.90788
-9.41327
-7.43755
-9.24184
-9.28936
-7.26949
-7.66443
-9.13038
-9.73998
-9.11914
-8.44871
-6.75949
-9.27891
-9.33298
-8.80498
-9.10711
-8.55851
-7.35249
-6.25165
-10.4408
-1.64195
-9.94398
-10.3276
-6.99381
-10.1347
2.25498
-9.35185
-10.0189
-3.50297
-5.55074
-8.37843
3.09169
-7.19145
763.352
-8.9937
-9.15845
59.6113
-9.28716
-8.93821
-8.25907
-9.67026
-10.2701
-8.54569
-10.0348
-7.58967
-9.18526
-8.91859
-8.08835
-9.11645
-9.07598
-9.94065
-9.63553
82.2295
-9.69404
-10.7052
-10.7968
-10.2027
-10.264
-7.10979
-9.25015
-9.07396
-8.57304
-7.98747
-6.67559
-9.69485
-9.79503
-8.67633
-6.14904
-9.64147
-9.27588
-10.0188
-8.9585
2.27717
-10.0274
-11.4261
-7.69644
-10.3419
549.313
-6.9531
-2.81649
-8.81317
1102.91
-9.38134
-7.83645
-10.0911
-8.98591
-10.1744
-9.31268
-9.53555
-9.09099
-8.69601
-9.25692
-10.7685
-7.61158
-8.51819
15.7794
-7.28759
-8.34156
-7.98291
-7.75357
0.900771
-9.96347
-8.24701
-7.31508
-6.25088
-10.547
-9.45406
-9.46404
-7.5353
-9.15507
-4.74898
-9.08529
-9.68481
-8.14906
299.994
-8.86333
-9.91476
-8.95807
-10.0139
-9.14512
-4.27742
-10.2156
5.23232
-9.37643
-6.8738
-9.31093
-9.76809
-10.611
-10.4029
-9.11649
-7.82778
-10.1735
-9.28518
-8.00548
-9.73843
-4.54583
-10.2779
-7.38348
-10.6709
225.674
-4.52937
-4.38799
-9.84967
-10.1556
-9.32781
-8.92954
-6.68834
-10.3546
-10.1983
-6.5197
-7.92092
-7.31036
-7.30419
-6.08137
-9.43358
-10.2319
-10.3207
-9.43469
-9.16722
-9.23807
-10.2508
-10.3399
-10.354
-9.99308
-9.94602
-9.32635
-7.44476
303.803
-9.63349
-6.76828
-7.39713
-8.3639
-7.79133
-10.2633
-9.32926
-10.0675
-5.70886
-8.29967
-10.1512
-8.2448
-10.5072
-0.96836
-10.8716
-8.62495
-10.4668
-10.6269
-8.17535
-7.1524
-7.71081
-9.57944
-9.17691
-10.1211
-10.1973
-11.0174
-9.32411
-9.11723
-10.2989
-7.34793
-9.21856
-7.57095
-8.09079
-9.18177
-9.30918
-6.72743
183.292
-10.6442
-9.44111
1.65777
-9.57274
-10.6114
47.2764
-5.25796
-10.3651
-9.28877
-8.02611
187.121
-10.8282
-10.5628
-5.62304
159.148
-7.07238
-7.96289
-10.2441
-6.31791
-5.76854
-10.3369
-7.8402
-10.2804
-9.74822
-10.2763
-7.13441
-10.3598
43.1029
170.874
63.9071
-5.09039
-6.12106
-10.1159
0.202231
-7.34487
-9.79814
-8.55598
-1.10692
-7.49477
-7.42209
-6.45894
-10.553
-7.88437
-9.92216
-10.4881
-10.3953
-6.92474
-10.3644
115.268
-0.738683
-8.34866
1.49692
-11.6275
-10.3251
-9.21384
-10.5798
56.5191
161.932
-8.47037
2.07154
-7.75899
-6.10787
-10.8172
-4.12371
83.8329
50.127
120.654
-8.27055
-10.5351
-7.22007
-10.4548
1.8613
59.4599
-8.61234
-9.47828
-5.81809
-13.9791
-9.98818
-9.34372
-7.34916
-5.04108
1.65483
-10.9449
-9.8322
85.7179
-7.46532
-10.3079
-10.4354
-9.23928
-5.52368
59.082
-5.54966
-8.13559
-7.68185
-7.53778
-9.91717
-9.41804
-6.65231
134.326
-10.417
-9.33609
58.8413
-10.2449
-10.5276
-7.27419
2.01465
-11.9911
59.2494
-10.5203
-4.30232
-10.5049
-8.05827
-10.7999
-10.4912
-10.9105
-10.6976
-10.9302
-9.15176
-11.423
-9.85392
-10.6105
-8.3297
0.153853
-11.1425
-7.52301
-9.26495
111.574
-10.5239
1.60256
-7.27217
-10.7822
25.0059
1.79005
110.305
-6.85187
-7.93813
-10.682
-5.99747
-11.343
-10.2986
-2.69977
-10.7922
-10.4517
-7.54322
245.722
-7.58925
-9.46947
-7.86362
-9.46978
-10.1571
69.4693
79.3346
-8.483
-8.5716
-10.5779
-10.5198
-11.4182
-9.54117
-10.6153
252.546
-8.31893
112.331
-6.12069
-9.67638
-7.57268
-10.7078
0.348553
-8.70671
67.2168
-7.12768
-10.1533
-11.2732
-7.7357
1.79146
-10.7051
6.77018
45.8779
-10.7782
-10.9764
-10.6911
-8.24204
-14.3638
-0.948314
75.2564
-11.0282
325.068
-11.1056
-9.34219
-11.0267
1.87726
-8.96169
187.132
-7.0528
-10.6053
-7.46832
80.6708
-10.1899
187.301
78.1178
58.586
-5.72291
-8.11654
-11.0286
15.437
-0.588366
-10.5532
-10.663
-11.1731
-10.6671
-10.8014
-10.7576
1.72706
43.1038
-10.8425
-7.66163
59.3945
-7.71391
-2.66331
-17.912
66.4029
-5.80041
-8.04334
-11.1988
-11.0187
-9.61815
-2.86939
-4.92505
-9.30985
-6.24833
58.0314
594.908
-10.7478
-6.51742
-10.7714
-9.78229
-7.92112
-11.1194
28.5822
-11.1149
-10.9716
79.8839
-10.9546
-10.5522
-10.9797
-5.57616
-10.8397
-0.53097
-8.52419
-14.0276
-11.276
77.1853
-10.8902
1.81992
-7.32542
-9.78035
-8.54856
-8.53851
-6.71712
-10.0269
-10.7812
-8.80647
-5.38613
7.38394
1.29551
-8.70795
-10.8378
-10.8189
-7.8489
-8.44596
58.1694
-10.8134
-0.592769
239.866
-5.62095
-11.4663
-6.05853
-7.52221
-9.74559
-4.00973
-10.6682
-10.8903
-12.1461
-6.90685
-8.3008
-4.34239
59.5392
-3.0358
19.5468
-10.6477
59.2491
-11.4518
-13.6851
1.7469
-9.34268
-9.16022
62.9065
-10.6969
-8.22762
-10.8713
-10.7483
-10.8558
25.7669
-10.3516
-7.7177
-5.17057
-11.449
-11.0633
-11.5407
-7.25186
-10.6443
-8.10498
688.499
-7.76475
59.1562
-11.3449
-11.8657
918.336
1.5293
-11.2427
-10.9104
-10.7638
-0.0634826
-9.94999
-10.8231
26.5285
-7.44927
-10.5722
-10.8463
1.50599
-8.85689
41.4941
-7.11353
-10.8076
-9.38648
-10.8454
-6.45125
1.88125
-10.823
44.1123
-11.8616
26.3564
2.10647
-8.03396
-1.94253
2.0299
-9.8481
-12.2599
-6.3144
-7.64524
1.49699
424.15
-10.9689
-5.80694
-4.56939
-10.8009
-6.65251
-11.3357
-11.5787
-10.8129
-7.91336
-10.7393
-10.7297
-11.745
-7.90515
145.797
-9.64338
-8.75156
-8.66829
-8.49766
-10.545
1.9034
-9.97798
10.6645
-6.83202
-5.95153
54.8238
-12.0813
-11.2605
-8.94722
29.4887
-11.8313
-9.06582
-11.8573
-6.13383
-8.42243
58.9092
51.7427
-10.8908
17.568
-12.1108
-10.9946
-7.30876
-7.04947
-10.1159
-11.3696
444.981
-8.28942
2.2368
-7.83382
-9.3878
-10.1043
-11.4801
-12.7132
-10.6177
-12.3802
0.819709
-10.8643
13.4436
-10.7906
-0.899101
-11.3212
-10.8484
-7.50678
58.3355
-8.21917
51.8106
57.8041
-10.951
-11.2524
-10.8316
6.62717
-10.3898
1.70108
-12.0428
-4.27605
-2.92089
-10.835
45.7382
2.14212
112.003
12.1294
-10.8892
24.1668
-8.09767
-5.44031
-9.05421
31.9009
-10.8317
-9.51873
-11.5872
-12.1825
27.0243
-7.70465
-8.05504
-7.24245
-12.2571
-9.86749
-5.93131
-11.2024
-11.8739
-10.8293
-5.41624
-10.4892
-11.7999
2.25927
-10.4597
-12.5903
-10.8513
-11.6078
63.6541
-3.31326
-0.457972
-8.91249
-10.8431
-8.02554
-11.2309
-2.23533
-7.43876
1.10204
-10.8389
-10.7521
1.26179
-12.6611
4.69382
1.39435
-10.9001
-4.37391
8.3867
-10.0649
-7.92882
-8.70833
132.142
-11.0267
10.6449
-10.6147
-11.0198
-8.62989
-8.47994
-10.9275
-11.4521
-6.68787
-12.4551
-8.98673
-9.63976
-8.89328
321.694
-7.63669
-7.89723
-10.8645
-9.19941
-10.8627
-6.58716
-6.00609
23.8935
2.15345
-8.40939
-10.8295
42.2795
35.1591
-10.4342
-8.04355
-2.81942
-12.0944
2.84
-10.1873
-9.65325
-10.8448
-10.6791
-12.3942
-8.27828
-11.8779
-12.0116
-10.8528
-10.7663
-9.22308
11.2472
-11.3009
-7.44465
-8.64011
-12.4429
-9.36439
-10.8577
-1.07655
-11.5203
2.82754
-2.80105
-4.49309
2.57773
-7.82866
-9.83275
-12.5549
-8.21174
18.7947
-10.4778
15.6132
-11.0887
-4.8138
-11.4151
-10.8093
53.0504
-10.8239
-6.82369
-12.5163
-6.52
-10.9139
-8.53351
219.636
3.86645
0.436609
-8.10255
-11.167
-10.5515
-11.0524
-9.49748
-10.8274
-6.7224
-6.3222
-11.4952
-10.8616
-9.96675
-7.38748
-10.8364
7.86576
-2.21527
-10.0561
1.68824
-6.88153
-11.8259
59.2186
2.5929
-11.5887
-10.8862
-12.1043
5.15495
-10.881
59.5497
59.5947
-8.90759
2.64878
-11.2821
-8.92445
-4.10924
-12.0078
-11.3735
3.76698
-10.6676
-8.84027
-8.67582
-7.3542
-10.8004
-6.01924
-7.07214
-8.042
-10.8542
-10.8818
-10.2832
-7.76143
-0.62739
-12.1259
-8.60343
-8.46941
16.6618
-8.89983
-10.7173
59.375
24.8994
3.54485
-10.5778
-7.31528
-11.4333
-9.67103
-6.12589
386.414
-10.7943
-8.40119
-10.3682
-10.8373
-9.7429
-9.10095
2.64131
-10.8669
39.1595
-10.9607
-11.2034
58.4846
-7.50867
-11.3149
187.743
8.28116
-10.8382
-8.26075
-10.2672
-9.21007
0.801854
2.36889
5.31343
-9.34089
-10.8916
-10.7722
130.479
-6.62157
-10.8999
-10.9039
3.38492
-10.533
1.36866
-10.8217
-2.7176
40.0129
-10.681
-11.1763
-11.3894
-7.7037
-4.48365
-11.371
67.6644
-5.89464
-10.8436
700.282
-11.5419
-6.20667
4.78298
-10.8884
-9.97273
-10.7402
-1.15776
-10.8133
-7.7137
-11.0342
538.512
-8.18038
-10.8828
-8.81332
-9.54531
4.14464
-10.5952
-6.79774
68.7166
-10.7218
-10.4824
-8.87286
359.106
263.128
-11.0489
-11.0074
-9.56646
81.6002
-10.0894
3.51305
4.59797
59.356
-7.89572
-8.79748
-10.5819
-10.906
-9.03254
-10.8842
-10.9131
-10.78
0.269037
-10.8427
-2.1826
-9.4249
-10.9483
-10.7515
8.46956
11.5964
-10.3316
-9.96809
-10.6941
-3.87577
-0.130079
-10.7293
-5.57734
-10.9551
-7.13472
-10.9498
-5.89226
-8.65431
261.808
831.911
-10.6381
-10.9577
-8.34391
55.7608
324.492
-10.4412
6.32564
2.83867
-9.21854
-0.70755
-9.12082
-10.6218
-8.58707
5.64596
4.01655
-8.46975
-10.5083
-10.4129
-10.7627
1.73539
5.32865
59.2417
-10.9169
-10.9509
24.8358
-10.9864
-8.10042
-10.6914
-10.5651
-10.6551
-10.5056
-11.029
-9.74144
-10.9852
654.844
-10.768
6.10343
-10.8968
-10.6388
-10.4491
-10.1279
-6.45295
-10.5531
-10.2781
716.187
-9.75428
-11.0534
-8.40978
-10.9556
-6.65602
0.718889
-10.791
-7.09674
-6.82632
52.2155
-10.1935
-8.9792
-6.73946
5.40821
-11.0543
-10.6632
59.0794
-10.9532
-11.0425
-11.0908
-9.98116
-10.4479
-6.25876
-11.0029
-9.05658
3.70188
-10.8471
-9.85712
2.50536
-10.4268
-10.5423
5.0898
-8.8369
5.08229
-10.1053
-7.15566
-7.24807
469.341
1.34993
-11.0999
45.9331
-10.4996
-11.0893
23.969
-10.8911
-10.0532
-10.8609
-9.2924
58.8232
-7.44285
-11.2042
-10.6503
-8.17602
330.542
236.564
8.6386
533.501
-11.272
9.13935
-9.93872
-10.3914
-10.1073
-10.9968
-10.4753
-10.5064
122.866
-10.1663
-5.94347
-6.0627
-10.2046
-10.731
654.593
-7.63933
-10.0374
5.05501
-9.93717
-1.15404
7.07868
-2.61736
-10.7485
15.167
462.294
326.735
-4.23734
-9.59102
855.001
-11.0496
-9.89561
77.8008
-5.83779
-11.1727
-7.27453
-8.76862
328.405
-8.39111
-9.983
195.644
-11.2468
-11.0927
886.618
-7.82809
-9.15685
-10.0806
7.00456
-10.7913
-10.1347
-11.0612
-9.84122
-10.8895
-10.6095
-8.12419
-10.2437
0.24494
-10.9927
262.152
-10.9146
-9.01061
-10.1472
6.94965
-6.74191
30.5104
721.881
-9.59092
-9.39759
-9.20092
-10.2734
-9.79878
-10.9739
6.67658
-11.1128
-10.6555
-8.03948
-8.94176
-10.4851
8.99728
-11.5539
-8.6431
-11.1824
-10.7503
-10.5745
-10.416
1.44697
-9.78192
-9.50455
2.60927
-10.7963
-9.69017
-8.45386
-11.1672
-9.14237
-10.2974
-9.79016
-10.9833
-9.62852
-9.46884
3.84819
-9.92634
-9.78469
-11.0729
-10.4716
8.10307
-9.75562
-8.58351
-9.62273
-9.89755
-9.98019
-10.8533
519.1
-10.2073
649.647
-10.0051
8.51375
-10.8617
922.863
-10.9798
-11.3337
-8.13928
-9.49849
852.788
-9.56014
-11.022
716.206
12.9745
17.7223
122.778
-10.1531
-9.21614
-9.28695
453.79
-9.10088
-9.16755
5.24213
-10.6347
10.0112
-9.84026
-9.3873
-11.0969
-9.64315
-9.45828
9.76162
-8.81511
-9.76664
-10.2302
-9.32422
-8.98112
-9.19979
522.322
-0.667313
-10.5921
265.286
-2.09005
-10.4238
-3.67294
-9.93893
-10.3169
-5.27934
-10.7099
-11.2519
-6.77374
-9.50183
-9.13617
6.89816
-7.99619
-8.87868
-9.13329
-9.18179
-9.61568
-10.4105
-9.46888
-9.28844
-10.7015
106.112
283.586
198.539
-9.41986
-9.16239
-10.8938
-10.1602
-11.077
-9.18733
847.969
-11.2937
-9.03067
-9.85707
-11.1683
8.64776
8.39894
456.635
-9.70665
-10.9532
-10.5127
13.7351
-9.07358
-9.1663
-9.53427
-9.25172
-8.94239
0.688432
1.90553
-10.9781
-10.2674
3.09334
-10.123
-9.56939
-9.28546
-9.47963
921.189
-11.747
-11.3826
-11.158
8.0519
-8.91754
-10.0281
-9.66545
-9.98037
-9.55091
-9.22136
-8.92281
-9.7309
-8.96585
4.40258
-9.61139
-9.28359
-9.12392
11.2704
-9.29689
-9.75855
-9.8288
198.506
139.124
458.017
-9.3171
-8.86664
-9.21453
-9.94676
-11.3267
-10.2436
917.084
12.3169
-8.63369
-9.34354
-9.87389
-10.1584
-8.78127
-9.36901
-9.63084
-10.8087
-8.87982
-8.54902
-8.56864
-8.75223
5.87147
-10.7227
-9.10551
-8.97545
-9.36202
-9.14079
-10.2528
-10.5057
-10.4314
713.595
-9.69963
-9.61542
7.65056
-8.86925
-11.0942
12.6844
-9.75468
-9.77039
-10.0822
-11.1048
-8.7207
-11.2488
-11.0248
-9.96683
-9.44396
-11.3428
-9.24936
-8.73077
-11.181
-9.45748
-9.31361
328.72
-8.92248
-10.542
-9.03762
-8.95442
-8.86106
-9.59733
10.7576
9.12214
-9.84101
650.572
-10.8189
-9.66656
-9.40076
-9.44859
-9.44948
-10.3678
-10.9598
-9.46739
-10.0224
-8.66119
-9.52145
-8.724
-9.36701
843.893
912.992
-9.01875
-9.51704
-9.43128
10.8518
-5.35115
-10.0625
-11.1306
-9.91149
-10.2853
-9.74556
-9.74611
-9.2899
-9.36127
-9.14123
-8.77976
-8.65241
-8.66283
-9.05252
-9.1975
-9.15938
-9.39284
-10.3596
-9.4244
-8.78117
10.4239
-8.69178
-9.82721
-8.54713
649.946
520.743
-10.1145
-8.87956
-9.55291
-10.659
-10.8146
-9.9996
-9.60065
-10.6154
-9.62213
-8.66648
-9.58602
-9.67484
-9.12408
-9.33931
-8.5018
-8.79451
-8.87684
-9.9121
-9.51788
-10.2241
-10.8471
-10.9687
-9.7648
-8.899
-9.90998
-9.54557
-8.51385
-10.3911
-9.58946
-8.88119
-8.57666
-8.78251
-8.61346
-8.65429
-10.1654
12.5367
-10.0709
-9.27741
-8.6923
-9.84227
-9.68767
-9.48649
-10.5373
-10.5185
-10.3999
-10.6242
-9.72254
-10.5107
-9.00922
-9.75967
-9.9978
-9.72007
-8.53493
-9.65287
-8.81738
-8.73088
-8.61133
-9.94194
-9.90102
-8.47381
-10.2634
-9.79229
-8.46934
-9.84707
-9.92182
-8.51443
-8.736
-10.1272
-10.1799
-10.0944
-9.87718
-9.97718
713.783
841.95
-10.1355
906.579
-10.0741
907.664
-8.47721
-8.47698
-10.7612
-8.51385
-8.53333
-8.84215
-8.49084
-8.47524
-9.08766
-9.01512
-10.2324
-10.275
-10.6689
-10.221
-10.1731
-10.3429
-10.3063
-10.1518
-8.79853
-8.73835
-8.65229
-8.60893
-8.52054
-8.55017
-10.4285
-9.94652
-6.78571
-10.0228
-10.1622
-10.0837
12.1614
12.3744
308.995
95.3913
190.419
12.3439
11.1312
-9.58163
59.3532
10.6363
12.0796
820.015
-6.9031
254.396
54.3301
12.1034
240.079
-5.60506
709.009
221.896
-8.26103
399.72
203.44
-5.88727
266.008
59.4666
59.2695
561.094
640.335
329.317
668.674
542.07
620.566
58.7863
180.827
374.471
521.307
555.713
544.431
357.939
-6.44763
-4.765
493.581
-113.709
16.0509
435.519
381.23
482.229
87.9589
-6.94336
240.249
1017.13
982.188
523.445
649.758
706.418
596.416
631.023
729.929
682.135
1158.69
1048.21
126.114
-6.84389
346.509
-7.05547
664.701
491.844
81.1819
403.618
362.812
465.933
-6.4253
377.411
371.752
130.711
502.476
366.168
315.675
142.336
419.238
-7.83921
215.505
-6.55488
59.6151
274.15
-8.04887
330.185
16.89
457.754
171.467
-6.55019
-8.2519
530.504
320.871
1205.57
-6.71729
-7.77094
414.747
-7.92074
-6.7719
542.831
-7.4074
-7.94945
129.559
-1.88685
144.669
192.081
251.882
474.224
-5.69362
1119.09
1134.11
-8.10849
)
;

boundaryField
{
    patch0
    {
        type            calculated;
        value           nonuniform List<scalar> 
4010
(
2.84217e-14
2.84217e-14
-7.55019
-7.55019
-7.54916
-7.54916
-7.46589
-7.46589
-7.47717
-7.47717
-7.59218
-7.59218
-7.5435
-7.5435
-7.71769
-7.71769
-7.67463
-7.67463
-7.45696
-7.45696
-7.85674
-7.85674
-7.85857
-7.85857
132.247
132.247
-8.06407
-8.06407
-10.5793
-10.5793
-10.5772
-10.5772
59.094
59.094
-8.05554
-8.05554
27.4237
27.4237
-8.22167
-8.22167
220.101
220.101
-8.79472
-8.79472
107.43
107.43
-8.18849
-8.18849
-8.93066
-8.93066
-9.53522
-9.53522
-9.41977
-9.41977
-7.5661
-7.5661
-7.63452
-7.63452
-6.33217
-6.33217
49.0567
49.0567
-8.58262
-8.58262
-6.59714
-6.59714
100.936
100.936
-7.38555
-7.38555
59.1503
59.1503
-9.05255
-9.05255
-7.61353
-7.61353
-6.22572
-6.22572
50.9477
50.9477
-9.32554
-9.32554
177.307
177.307
-9.63159
-9.63159
155.844
155.844
-6.74553
-6.74553
-7.91989
-7.91989
0.615292
0.615292
-6.90158
-6.90158
447.795
447.795
302.6
302.6
35.6349
35.6349
82.92
82.92
-8.80916
-8.80916
33.0298
33.0298
-8.18225
-8.18225
-7.35898
-7.35898
27.3003
27.3003
-6.89621
-6.89621
-6.83463
-6.83463
-9.22174
-9.22174
176.965
176.965
-10.2964
-10.2964
188.348
188.348
-5.90661
-5.90661
56.8447
56.8447
-6.99396
-6.99396
-9.78826
-9.78826
27.7661
27.7661
-7.91782
-7.91782
123.178
123.178
18.7115
18.7115
-10.2634
-10.2634
-6.0238
-6.0238
-6.45199
-6.45199
-6.54493
-6.54493
-4.85573
-4.85573
-7.07638
-7.07638
-6.66128
-6.66128
-6.80922
-6.80922
150.504
150.504
-7.58922
-7.58922
-9.45269
-9.45269
-6.4047
-6.4047
80.9167
80.9167
-5.65307
-5.65307
21.0328
21.0328
-6.9899
-6.9899
-10.0025
-10.0025
378.252
378.252
23.0814
23.0814
-9.70836
-9.70836
-9.54658
-9.54658
-7.84743
-7.84743
-8.2583
-8.2583
19.1486
19.1486
59.4373
59.4373
-7.15805
-7.15805
-7.65373
-7.65373
-9.42701
-9.42701
2.51487
2.51487
-7.77769
-7.77769
24.1265
24.1265
-9.42026
-9.42026
-9.47618
-9.47618
-8.34882
-8.34882
-6.99836
-6.99836
-8.02921
-8.02921
-8.68321
-8.68321
-9.06144
-9.06144
-8.08617
-8.08617
-7.24098
-7.24098
-7.95654
-7.95654
-7.4428
-7.4428
-6.36139
-6.36139
-6.84304
-6.84304
112.562
112.562
-7.72717
-7.72717
-10.3546
-10.3546
-11.1448
-11.1448
-6.97093
-6.97093
37.4754
37.4754
866.23
866.23
303.597
303.597
58.9035
58.9035
-10.0144
-10.0144
-8.78964
-8.78964
-5.94058
-5.94058
-6.76594
-6.76594
-8.09602
-8.09602
789.23
789.23
-7.24694
-7.24694
-7.99222
-7.99222
-7.24375
-7.24375
-6.45284
-6.45284
14.1888
14.1888
-8.48349
-8.48349
-7.75099
-7.75099
-7.94204
-7.94204
-8.34289
-8.34289
-7.37443
-7.37443
-6.91096
-6.91096
-10.0541
-10.0541
11.9835
11.9835
14.8958
-10.7612
-10.7612
-9.0184
-7.85281
-7.85281
638.435
638.435
-8.77792
-8.77792
8.21488
8.21488
-9.18993
-9.18993
-6.44424
-6.44424
-6.28211
-6.28211
955.25
955.25
1048.99
2.87545
2.87545
-8.13077
-8.13077
-7.81584
-7.81584
-8.79179
-8.79179
935.749
935.749
-7.68624
-7.68624
-7.3577
-7.3577
-6.23665
-6.23665
-6.39055
-6.39055
-7.84054
-7.84054
-8.08935
-8.08935
834.144
834.144
-6.10724
-6.10724
-8.64131
-8.64131
-8.85423
-8.85423
1014.47
1014.47
-6.99875
-6.99875
-8.22583
-8.22583
-7.15603
-7.15603
-7.97452
-7.97452
-7.03656
-7.03656
-9.36178
-9.36178
-7.09255
-7.09255
-7.92218
-7.92218
-6.28059
-6.28059
36.6927
36.6927
92.3587
92.3587
-8.23288
-8.23288
-9.22165
-9.22165
-10.3298
-10.3298
-6.6908
-6.6908
-8.91963
-8.91963
561.829
561.829
-7.17263
-7.17263
-1.5276
-1.5276
-9.30354
-9.30354
-7.13034
-7.13034
-6.51818
-6.51818
-8.63667
-8.63667
-7.94661
-7.94661
-7.3858
-7.3858
-8.19723
-8.19723
-8.92027
-8.92027
915.582
915.582
1009.32
-9.25295
-9.25295
-8.81537
-8.81537
-9.12754
-9.12754
-7.58543
-7.58543
-2.26761
-2.26761
-7.6353
-7.6353
-8.58052
-8.58052
-8.11527
-8.11527
-7.40099
-7.40099
-9.27351
-9.27351
-8.35021
-8.35021
2.15754
2.15754
8.69409
8.69409
-4.35384
-4.35384
2.6228
778.744
778.744
-8.21283
-8.21283
-8.68784
-8.68784
-8.95639
-8.95639
-9.25098
-9.25098
-6.87549
-6.87549
-10.1693
-10.1693
-8.68698
-8.68698
-8.33521
-8.33521
-6.79795
-6.79795
-8.74364
-8.74364
-6.4181
-6.4181
-8.66563
-8.66563
-8.90087
-8.90087
-8.0927
-8.0927
-9.24719
-9.24719
-7.50015
-7.50015
-7.24907
-7.24907
-8.94716
-8.94716
-8.53618
-8.53618
-5.2318
-5.2318
-9.39564
-9.39564
-9.26837
-9.26837
8.52352
8.52352
-9.22532
-9.22532
-7.62566
-7.62566
-7.09992
-8.52984
-8.52984
-8.50337
-8.50337
-8.64745
-8.64745
857.347
857.347
951.087
-10.308
-10.308
-9.20011
-9.20011
-8.34585
-8.34585
-2.50093
-2.50093
-4.67336
-4.67336
8.7925
8.7925
-8.2721
-8.2721
-7.12751
-7.12751
-6.73285
-6.73285
-7.16145
-7.16145
-5.99921
-5.99921
783.837
783.837
-9.00111
-9.00111
-8.36404
-8.36404
-7.15542
-7.15542
-8.87572
-8.87572
-9.75265
-9.75265
-9.11992
-9.11992
-8.81827
-8.81827
-8.51024
-8.51024
-8.94953
-8.94953
-8.74062
-8.74062
-9.18341
-9.18341
-6.85898
-6.85898
-9.52939
-9.52939
-6.5527
-6.5527
268.075
268.075
-6.99997
-6.99997
-8.62733
-8.62733
15.9832
15.9832
-7.68212
-7.68212
-6.3073
-6.3073
-7.42698
-7.42698
-9.33684
-9.33684
-9.46666
-9.46666
-7.64501
-7.64501
-8.27205
-8.27205
-9.25138
-9.25138
-8.34422
-8.34422
-9.3728
-9.3728
23.199
23.199
904.559
904.559
971.347
-9.62058
-9.62058
-9.00112
-9.00112
105.928
105.928
-6.55392
-6.55392
-7.53281
-7.53281
783.147
783.147
-8.71212
-8.71212
-9.14149
-9.14149
-8.70761
-8.70761
-6.29331
-6.29331
-9.24674
-9.24674
-8.54283
-8.54283
207.186
207.186
-5.67099
-5.67099
-9.3471
-9.3471
-0.364494
-0.364494
-6.92191
-6.92191
-8.78465
-8.78465
863.069
863.069
952.848
-8.46935
-8.46935
-8.23954
-8.23954
-10.6926
-10.6926
-8.49364
-8.49364
-9.39105
-9.39105
286.255
286.255
-8.11116
-8.11116
-9.23112
-9.23112
-6.65025
-6.65025
5.88878
5.88878
7.03942
7.03942
-9.07397
-9.07397
-8.85836
-8.85836
-7.28783
-7.28783
252.639
252.639
-9.03442
-9.03442
-8.7504
-8.7504
-8.81449
-8.81449
-9.03
-9.03
-6.45689
-6.45689
-8.10561
-8.10561
-8.43208
-8.43208
-5.90788
-5.90788
-9.41327
-9.41327
-7.43755
-7.43755
-9.24184
-9.24184
-9.28936
-9.28936
-7.26949
-7.26949
-7.66443
-7.66443
-9.13038
-9.13038
-9.73998
-9.73998
-9.11914
-9.11914
-8.44871
-8.44871
-6.75949
-6.75949
-9.27891
-9.27891
-9.33298
-9.33298
-8.80498
-8.80498
-9.10711
-9.10711
-8.55851
-8.55851
-7.35249
-7.35249
-6.25165
-6.25165
-10.4408
-10.4408
-1.64195
-1.64195
-9.94398
-9.94398
-10.3276
-10.3276
-6.99381
-6.99381
-10.1347
-10.1347
2.25498
2.25498
-9.35185
-9.35185
-10.0189
-10.0189
-3.50297
-3.50297
-5.55074
-5.55074
-8.37843
-8.37843
3.09169
3.09169
-7.19145
-7.19145
763.352
763.352
-8.9937
-8.9937
-9.15845
-9.15845
59.6113
59.6113
-9.28716
-9.28716
-8.93821
-8.93821
-8.25907
-8.25907
-9.67026
-9.67026
-10.2701
-10.2701
-8.54569
-8.54569
-10.0348
-10.0348
-7.58967
-7.58967
-9.18526
-9.18526
-8.91859
-8.91859
-8.08835
-8.08835
-9.11645
-9.11645
-9.07598
-9.07598
-9.94065
-9.94065
-9.63553
-9.63553
82.2295
82.2295
-9.69404
-9.69404
-10.7052
-10.7052
-10.7968
-10.7968
-10.2027
-10.2027
-10.264
-10.264
-7.10979
-7.10979
-9.25015
-9.25015
-9.07396
-9.07396
-8.57304
-8.57304
-7.98747
-7.98747
-6.67559
-6.67559
-9.69485
-9.69485
-9.79503
-9.79503
-8.67633
-8.67633
-6.14904
-6.14904
-9.64147
-9.64147
-9.27588
-9.27588
-10.0188
-10.0188
-8.9585
-8.9585
2.27717
2.27717
9.56051
-10.0274
-10.0274
-11.4261
-11.4261
-7.69644
-7.69644
-10.3419
-10.3419
549.313
549.313
-6.9531
-6.9531
-2.81649
-2.81649
-8.81317
-8.81317
1102.91
1102.91
1151.27
-9.38134
-9.38134
-7.83645
-7.83645
-10.0911
-10.0911
-8.98591
-8.98591
-10.1744
-10.1744
-9.31268
-9.31268
-9.53555
-9.53555
-9.09099
-9.09099
-8.69601
-8.69601
-9.25692
-9.25692
-10.7685
-10.7685
-7.61158
-7.61158
-8.51819
-8.51819
15.7794
15.7794
-7.28759
-7.28759
-8.34156
-8.34156
-7.98291
-7.98291
-7.75357
-7.75357
0.900771
0.900771
-9.96347
-9.96347
-8.24701
-8.24701
-7.31508
-7.31508
-6.25088
-6.25088
-10.547
-10.547
-9.45406
-9.45406
-9.46404
-9.46404
-7.5353
-7.5353
-9.15507
-9.15507
-4.74898
-4.74898
-9.08529
-9.08529
-9.68481
-9.68481
-8.14906
-8.14906
299.994
299.994
-8.86333
-8.86333
-9.91476
-9.91476
-8.95807
-8.95807
-10.0139
-10.0139
-9.14512
-9.14512
-4.27742
-4.27742
-10.2156
-10.2156
5.23232
5.23232
14.2172
-9.37643
-9.37643
-6.8738
-6.8738
-9.31093
-9.31093
-9.76809
-9.76809
-10.611
-10.611
-10.4029
-10.4029
-9.11649
-9.11649
-7.82778
-7.82778
-10.1735
-10.1735
-9.28518
-9.28518
-8.00548
-8.00548
-9.73843
-9.73843
-4.54583
-4.54583
-10.2779
-10.2779
-7.38348
-7.38348
-10.6709
-10.6709
225.674
225.674
-4.52937
-4.52937
-4.38799
-4.38799
-9.84967
-9.84967
-10.1556
-10.1556
-9.32781
-9.32781
-8.92954
-8.92954
-6.68834
-6.68834
-10.3546
-10.3546
-10.1983
-10.1983
-6.5197
-6.5197
-7.92092
-7.92092
-7.31036
-7.31036
-7.30419
-7.30419
-6.08137
-6.08137
-9.43358
-9.43358
-10.2319
-10.2319
-10.3207
-10.3207
-9.43469
-9.43469
-9.16722
-9.16722
-9.23807
-9.23807
-10.2508
-10.2508
-10.3399
-10.3399
-10.354
-10.354
-9.99308
-9.99308
-9.94602
-9.94602
-9.32635
-9.32635
-7.44476
-7.44476
303.803
303.803
-9.63349
-9.63349
-6.76828
-6.76828
-7.39713
-7.39713
-8.3639
-8.3639
-7.79133
-7.79133
-10.2633
-10.2633
-9.32926
-9.32926
-10.0675
-10.0675
-5.70886
-5.70886
-8.29967
-8.29967
-10.1512
-10.1512
-8.2448
-8.2448
-10.5072
-10.5072
-0.96836
-0.96836
-10.8716
-10.8716
-8.62495
-8.62495
-10.4668
-10.4668
-10.6269
-10.6269
-8.17535
-8.17535
-7.1524
-7.1524
-7.71081
-7.71081
-9.57944
-9.57944
-9.17691
-9.17691
-10.1211
-10.1211
-10.1973
-10.1973
-11.0174
-11.0174
-9.32411
-9.32411
-9.11723
-9.11723
-10.2989
-10.2989
-7.34793
-7.34793
-9.21856
-9.21856
-7.57095
-7.57095
-8.09079
-8.09079
-9.18177
-9.18177
-9.30918
-9.30918
-6.72743
-6.72743
183.292
183.292
-10.6442
-10.6442
-9.44111
-9.44111
1.65777
1.65777
-9.57274
-9.57274
-10.6114
-10.6114
47.2764
47.2764
-5.25796
-5.25796
-10.3651
-10.3651
-9.28877
-9.28877
-8.02611
-8.02611
187.121
187.121
-10.8282
-10.8282
-10.5628
-10.5628
-5.62304
-5.62304
159.148
159.148
-7.07238
-7.07238
-7.96289
-7.96289
-10.2441
-10.2441
-6.31791
-6.31791
-5.76854
-5.76854
-10.3369
-10.3369
-7.8402
-7.8402
-10.2804
-10.2804
-9.74822
-9.74822
-10.2763
-10.2763
-7.13441
-7.13441
-10.3598
-10.3598
43.1029
43.1029
170.874
170.874
63.9071
63.9071
-5.09039
-5.09039
-6.12106
-6.12106
-10.1159
-10.1159
0.202231
0.202231
-7.34487
-7.34487
-9.79814
-9.79814
-8.55598
-8.55598
-1.10692
-1.10692
-7.49477
-7.49477
-7.42209
-7.42209
-6.45894
-6.45894
-10.553
-10.553
-7.88437
-7.88437
-9.92216
-9.92216
-10.4881
-10.4881
-10.3953
-10.3953
-6.92474
-6.92474
-10.3644
-10.3644
115.268
115.268
-0.738683
-0.738683
-8.34866
-8.34866
1.49692
1.49692
-11.6275
-11.6275
-10.3251
-10.3251
-9.21384
-9.21384
-10.5798
-10.5798
56.5191
56.5191
161.932
161.932
-8.47037
-8.47037
2.07154
2.07154
-7.75899
-7.75899
-6.10787
-6.10787
-10.8172
-10.8172
-4.12371
-4.12371
83.8329
83.8329
50.127
50.127
120.654
120.654
-8.27055
-8.27055
-10.5351
-10.5351
-7.22007
-7.22007
-10.4548
-10.4548
1.8613
1.8613
59.4599
59.4599
-8.61234
-8.61234
-9.47828
-9.47828
-5.81809
-5.81809
-13.9791
-13.9791
-9.98818
-9.98818
-9.34372
-9.34372
-7.34916
-7.34916
-5.04108
-5.04108
1.65483
1.65483
-10.9449
-10.9449
-9.8322
-9.8322
85.7179
85.7179
-7.46532
-7.46532
-10.3079
-10.3079
-10.4354
-10.4354
-9.23928
-9.23928
-5.52368
-5.52368
59.082
59.082
-5.54966
-5.54966
-8.13559
-8.13559
-7.68185
-7.68185
-7.53778
-7.53778
-9.91717
-9.91717
-9.41804
-9.41804
-6.65231
-6.65231
134.326
134.326
-10.417
-10.417
-9.33609
-9.33609
58.8413
58.8413
-10.2449
-10.2449
-10.5276
-10.5276
-7.27419
-7.27419
2.01465
2.01465
-11.9911
-11.9911
59.2494
59.2494
-10.5203
-10.5203
-4.30232
-4.30232
-10.5049
-10.5049
-8.05827
-8.05827
-10.7999
-10.7999
-10.4912
-10.4912
-10.9105
-10.9105
-10.6976
-10.6976
-10.9302
-10.9302
-9.15176
-9.15176
-11.423
-11.423
-9.85392
-9.85392
-10.6105
-10.6105
-8.3297
-8.3297
0.153853
0.153853
-11.1425
-11.1425
-7.52301
-7.52301
-9.26495
-9.26495
111.574
111.574
-10.5239
-10.5239
1.60256
1.60256
-7.27217
-7.27217
-10.7822
-10.7822
25.0059
25.0059
1.79005
1.79005
110.305
110.305
-6.85187
-6.85187
-7.93813
-7.93813
-10.682
-10.682
-5.99747
-5.99747
-11.343
-11.343
-10.2986
-10.2986
-2.69977
-2.69977
-10.7922
-10.7922
-10.4517
-10.4517
-7.54322
-7.54322
245.722
245.722
-7.58925
-7.58925
-9.46947
-9.46947
-7.86362
-7.86362
-9.46978
-9.46978
-10.1571
-10.1571
69.4693
69.4693
79.3346
79.3346
-8.483
-8.483
-8.5716
-8.5716
-10.5779
-10.5779
-10.5198
-10.5198
-11.4182
-11.4182
-9.54117
-9.54117
-10.6153
-10.6153
252.546
252.546
-8.31893
-8.31893
112.331
112.331
-6.12069
-6.12069
-9.67638
-9.67638
-7.57268
-7.57268
-10.7078
-10.7078
0.348553
0.348553
-8.70671
-8.70671
67.2168
67.2168
-7.12768
-7.12768
-10.1533
-10.1533
-11.2732
-11.2732
-7.7357
-7.7357
1.79146
1.79146
-10.7051
-10.7051
6.77018
6.77018
45.8779
45.8779
-10.7782
-10.7782
-10.9764
-10.9764
-10.6911
-10.6911
-8.24204
-8.24204
-14.3638
-14.3638
-0.948314
-0.948314
75.2564
75.2564
-11.0282
-11.0282
325.068
325.068
-11.1056
-11.1056
-9.34219
-9.34219
-11.0267
-11.0267
1.87726
1.87726
-8.96169
-8.96169
187.132
187.132
-7.0528
-7.0528
-10.6053
-10.6053
-7.46832
-7.46832
80.6708
80.6708
-10.1899
-10.1899
187.301
187.301
78.1178
78.1178
65.7273
58.586
58.586
-5.72291
-5.72291
-8.11654
-8.11654
-11.0286
-11.0286
15.437
15.437
-0.588366
-0.588366
-10.5532
-10.5532
-10.663
-10.663
-11.1731
-11.1731
-10.6671
-10.6671
-10.8014
-10.8014
-10.7576
-10.7576
1.72706
1.72706
43.1038
43.1038
-10.8425
-10.8425
-7.66163
-7.66163
59.3945
59.3945
-7.71391
-7.71391
-2.66331
-2.66331
-17.912
-17.912
66.4029
66.4029
-5.80041
-5.80041
-8.04334
-8.04334
-11.1988
-11.1988
-11.0187
-11.0187
-9.61815
-9.61815
-2.86939
-2.86939
-4.92505
-4.92505
-9.30985
-9.30985
-6.24833
-6.24833
58.0314
58.0314
594.908
594.908
-10.7478
-10.7478
-6.51742
-6.51742
-10.7714
-10.7714
-9.78229
-9.78229
-7.92112
-7.92112
-11.1194
-11.1194
28.5822
28.5822
-11.1149
-11.1149
-10.9716
-10.9716
79.8839
79.8839
-10.9546
-10.9546
-10.5522
-10.5522
-10.9797
-10.9797
-5.57616
-5.57616
-10.8397
-10.8397
-0.53097
-0.53097
-8.52419
-8.52419
-14.0276
-14.0276
-11.276
-11.276
77.1853
77.1853
-10.8902
-10.8902
1.81992
1.81992
-7.32542
-7.32542
-9.78035
-9.78035
-8.54856
-8.54856
-8.53851
-8.53851
-6.71712
-6.71712
-10.0269
-10.0269
-10.7812
-10.7812
-8.80647
-8.80647
-5.38613
-5.38613
7.38394
7.38394
1.29551
1.29551
-8.70795
-8.70795
-10.8378
-10.8378
-10.8189
-10.8189
-7.8489
-7.8489
-8.44596
-8.44596
58.1694
58.1694
-10.8134
-10.8134
-0.592769
-0.592769
239.866
239.866
-5.62095
-5.62095
-11.4663
-11.4663
-6.05853
-6.05853
-7.52221
-7.52221
-9.74559
-9.74559
-4.00973
-4.00973
-10.6682
-10.6682
-10.8903
-10.8903
-12.1461
-12.1461
-6.90685
-6.90685
-8.3008
-8.3008
-4.34239
-4.34239
59.5392
59.5392
-3.0358
-3.0358
19.5468
19.5468
-10.6477
-10.6477
59.2491
59.2491
-11.4518
-11.4518
-13.6851
-13.6851
1.7469
1.7469
-9.34268
-9.34268
-9.16022
-9.16022
62.9065
62.9065
-10.6969
-10.6969
-8.22762
-8.22762
-10.8713
-10.8713
-10.7483
-10.7483
-10.8558
-10.8558
25.7669
25.7669
-10.3516
-10.3516
-7.7177
-7.7177
-5.17057
-5.17057
-11.449
-11.449
-11.0633
-11.0633
-11.5407
-11.5407
-7.25186
-7.25186
-10.6443
-10.6443
-8.10498
-8.10498
688.499
688.499
714.659
-7.76475
-7.76475
59.1562
59.1562
-11.3449
-11.3449
-11.8657
-11.8657
918.336
918.336
1.5293
1.5293
-11.2427
-11.2427
-10.9104
-10.9104
-10.7638
-10.7638
-0.0634826
-0.0634826
-9.94999
-9.94999
-10.8231
-10.8231
26.5285
26.5285
-7.44927
-7.44927
-10.5722
-10.5722
-10.8463
-10.8463
1.50599
1.50599
-8.85689
-8.85689
41.4941
41.4941
-7.11353
-7.11353
-10.8076
-10.8076
-9.38648
-9.38648
-10.8454
-10.8454
-6.45125
-6.45125
1.88125
1.88125
-10.823
-10.823
44.1123
44.1123
-11.8616
-11.8616
26.3564
26.3564
2.10647
2.10647
-8.03396
-8.03396
-1.94253
-1.94253
2.0299
2.0299
-9.8481
-9.8481
-12.2599
-12.2599
-6.3144
-6.3144
-7.64524
-7.64524
1.49699
1.49699
424.15
424.15
-10.9689
-10.9689
-5.80694
-5.80694
-4.56939
-4.56939
-10.8009
-10.8009
-6.65251
-6.65251
-11.3357
-11.3357
-11.5787
-11.5787
-10.8129
-10.8129
-7.91336
-7.91336
-10.7393
-10.7393
-10.7297
-10.7297
-11.745
-11.745
-7.90515
-7.90515
145.797
145.797
-9.64338
-9.64338
-8.75156
-8.75156
-8.66829
-8.66829
-8.49766
-8.49766
-10.545
-10.545
1.9034
1.9034
-9.97798
-9.97798
10.6645
10.6645
-6.83202
-6.83202
-5.95153
-5.95153
54.8238
54.8238
-12.0813
-12.0813
-11.2605
-11.2605
-8.94722
-8.94722
29.4887
29.4887
-11.8313
-11.8313
-9.06582
-9.06582
-11.8573
-11.8573
-6.13383
-6.13383
-8.42243
-8.42243
58.9092
58.9092
58.9405
51.7427
51.7427
-10.8908
-10.8908
17.568
17.568
-12.1108
-12.1108
-10.9946
-10.9946
-7.30876
-7.30876
-7.04947
-7.04947
-10.1159
-10.1159
-11.3696
-11.3696
444.981
444.981
-8.28942
-8.28942
2.2368
2.2368
-7.83382
-7.83382
-9.3878
-9.3878
-10.1043
-10.1043
-11.4801
-11.4801
-12.7132
-12.7132
-10.6177
-10.6177
-12.3802
-12.3802
0.819709
0.819709
-10.8643
-10.8643
13.4436
13.4436
-10.7906
-10.7906
-0.899101
-0.899101
-11.3212
-11.3212
-10.8484
-10.8484
-7.50678
-7.50678
58.3355
58.3355
-8.21917
-8.21917
51.8106
51.8106
57.8041
57.8041
-10.951
-10.951
-11.2524
-11.2524
-10.8316
-10.8316
6.62717
6.62717
-10.3898
-10.3898
1.70108
1.70108
-12.0428
-12.0428
-4.27605
-4.27605
-4.78543
-2.92089
-2.92089
-10.835
-10.835
45.7382
45.7382
27.5679
2.14212
2.14212
112.003
112.003
104.244
12.1294
12.1294
-10.8892
-10.8892
24.1668
24.1668
-8.09767
-8.09767
-5.44031
-5.44031
-9.05421
-9.05421
31.9009
31.9009
-10.8317
-10.8317
-9.51873
-9.51873
-11.5872
-11.5872
-12.1825
-12.1825
27.0243
27.0243
-7.70465
-7.70465
-8.05504
-8.05504
-7.24245
-7.24245
-12.2571
-12.2571
-9.86749
-9.86749
-5.93131
-5.93131
-11.2024
-11.2024
-11.8739
-11.8739
-10.8293
-10.8293
-5.41624
-5.41624
-10.4892
-10.4892
-11.7999
-11.7999
2.25927
2.25927
-10.4597
-10.4597
-12.5903
-12.5903
-10.8513
-10.8513
-11.6078
-11.6078
63.6541
63.6541
-3.31326
-3.31326
-0.457972
-0.457972
-8.91249
-8.91249
-10.8431
-10.8431
-8.02554
-8.02554
-11.2309
-11.2309
-2.23533
-2.23533
-7.43876
-7.43876
1.10204
1.10204
-10.8389
-10.8389
-10.7521
-10.7521
1.26179
1.26179
-12.6611
-12.6611
4.69382
4.69382
1.39435
1.39435
-10.9001
-10.9001
-4.37391
-4.37391
8.3867
8.3867
-10.0649
-10.0649
-7.92882
-7.92882
-8.70833
-8.70833
132.142
132.142
-11.0267
-11.0267
10.6449
10.6449
-10.6147
-10.6147
-11.0198
-11.0198
-8.62989
-8.62989
-8.47994
-8.47994
-10.9275
-10.9275
-11.4521
-11.4521
-6.68787
-6.68787
-12.4551
-12.4551
-8.98673
-8.98673
-9.63976
-9.63976
-8.89328
-8.89328
321.694
321.694
-7.63669
-7.63669
-7.89723
-7.89723
-10.8645
-10.8645
-9.19941
-9.19941
-10.8627
-10.8627
-6.58716
-6.58716
-6.00609
-6.00609
23.8935
23.8935
2.15345
2.15345
-8.40939
-8.40939
-10.8295
-10.8295
42.2795
42.2795
35.1591
35.1591
-10.4342
-10.4342
-8.04355
-8.04355
-2.81942
-2.81942
-12.0944
-12.0944
2.84
2.84
-10.1873
-10.1873
-9.65325
-9.65325
-10.8448
-10.8448
-10.6791
-10.6791
-12.3942
-12.3942
-8.27828
-8.27828
-11.8779
-11.8779
-12.0116
-12.0116
-10.8528
-10.8528
-10.7663
-10.7663
-9.22308
-9.22308
11.2472
11.2472
-11.3009
-11.3009
-7.44465
-7.44465
-8.64011
-8.64011
-12.4429
-12.4429
-9.36439
-9.36439
-10.8577
-10.8577
-1.07655
-1.07655
-11.5203
-11.5203
2.82754
2.82754
-2.80105
-2.80105
-4.49309
-4.49309
2.57773
2.57773
-7.82866
-7.82866
-9.83275
-9.83275
-12.5549
-12.5549
-8.21174
-8.21174
18.7947
18.7947
-10.4778
-10.4778
15.6132
15.6132
-11.0887
-11.0887
-4.8138
-4.8138
-11.4151
-11.4151
-10.8093
-10.8093
53.0504
53.0504
-10.8239
-10.8239
-6.82369
-6.82369
-12.5163
-12.5163
-6.52
-6.52
-10.9139
-10.9139
-8.53351
-8.53351
219.636
219.636
3.86645
3.86645
0.436609
0.436609
-8.10255
-8.10255
-11.167
-11.167
-10.5515
-10.5515
-11.0524
-11.0524
-9.49748
-9.49748
-10.8274
-10.8274
-6.7224
-6.7224
-6.3222
-6.3222
-11.4952
-11.4952
-10.8616
-10.8616
-9.96675
-9.96675
-7.38748
-7.38748
-10.8364
-10.8364
7.86576
7.86576
-2.21527
-2.21527
-10.0561
-10.0561
1.68824
1.68824
-6.88153
-6.88153
-11.8259
-11.8259
59.2186
59.2186
2.5929
2.5929
-11.5887
-11.5887
-10.8862
-10.8862
-12.1043
-12.1043
5.15495
5.15495
-10.881
-10.881
59.5497
59.5497
59.6025
59.5947
59.5947
59.6475
-8.90759
-8.90759
2.64878
2.64878
-11.2821
-11.2821
-8.92445
-8.92445
-4.10924
-4.10924
-12.0078
-12.0078
-11.3735
-11.3735
3.76698
3.76698
-10.6676
-10.6676
-8.84027
-8.84027
-8.67582
-8.67582
-7.3542
-7.3542
-10.8004
-10.8004
-6.01924
-6.01924
-7.07214
-7.07214
-8.042
-8.042
-10.8542
-10.8542
-10.8818
-10.8818
-10.2832
-10.2832
-7.76143
-7.76143
-0.62739
-0.62739
-12.1259
-12.1259
-8.60343
-8.60343
-8.46941
-8.46941
16.6618
16.6618
-8.89983
-8.89983
-10.7173
-10.7173
59.375
59.375
59.4337
24.8994
24.8994
3.54485
3.54485
-10.5778
-10.5778
-7.31528
-7.31528
-11.4333
-11.4333
-9.67103
-9.67103
-6.12589
-6.12589
386.414
386.414
-10.7943
-10.7943
-8.40119
-8.40119
-10.3682
-10.3682
-10.8373
-10.8373
-9.7429
-9.7429
-9.10095
-9.10095
2.64131
2.64131
-10.8669
-10.8669
39.1595
39.1595
-10.9607
-10.9607
-11.2034
-11.2034
58.4846
58.4846
58.5474
-7.50867
-7.50867
-11.3149
-11.3149
187.743
187.743
8.28116
8.28116
-10.8382
-10.8382
-8.26075
-8.26075
-10.2672
-10.2672
-9.21007
-9.21007
0.801854
0.801854
2.36889
2.36889
5.31343
5.31343
-9.34089
-9.34089
-10.8916
-10.8916
-10.7722
-10.7722
130.479
130.479
-6.62157
-6.62157
-10.8999
-10.8999
-10.9039
-10.9039
3.38492
3.38492
-10.533
-10.533
1.36866
1.36866
-10.8217
-10.8217
-2.7176
-2.7176
40.0129
40.0129
-10.681
-10.681
-11.1763
-11.1763
-11.3894
-11.3894
-7.7037
-7.7037
-4.48365
-4.48365
-11.371
-11.371
67.6644
67.6644
-5.89464
-5.89464
-10.8436
-10.8436
700.282
700.282
-11.5419
-11.5419
-6.20667
-6.20667
4.78298
4.78298
-10.8884
-10.8884
-9.97273
-9.97273
-10.7402
-10.7402
-1.15776
-1.15776
-10.8133
-10.8133
-7.7137
-7.7137
-11.0342
-11.0342
538.512
538.512
-8.18038
-8.18038
-10.8828
-10.8828
-8.81332
-8.81332
-9.54531
-9.54531
4.14464
4.14464
-10.5952
-10.5952
-6.79774
-6.79774
68.7166
68.7166
-10.7218
-10.7218
-10.4824
-10.4824
-8.87286
-8.87286
359.106
359.106
391.906
263.128
263.128
239.627
-11.0489
-11.0489
-11.0074
-11.0074
-9.56646
-9.56646
81.6002
81.6002
-10.0894
-10.0894
3.51305
3.51305
4.59797
4.59797
59.356
59.356
-7.89572
-7.89572
-8.79748
-8.79748
-10.5819
-10.5819
-10.906
-10.906
-9.03254
-9.03254
-10.8842
-10.8842
-10.9131
-10.9131
-10.78
-10.78
0.269037
0.269037
-10.8427
-10.8427
-2.1826
-2.1826
-9.4249
-9.4249
-10.9483
-10.9483
-10.7515
-10.7515
8.46956
8.46956
11.5964
11.5964
-10.3316
-10.3316
-9.96809
-9.96809
-10.6941
-10.6941
-3.87577
-3.87577
-0.130079
-0.130079
-0.299635
-10.7293
-10.7293
-5.57734
-5.57734
-10.9551
-10.9551
-7.13472
-7.13472
-10.9498
-10.9498
-5.89226
-5.89226
-8.65431
-8.65431
261.808
261.808
831.911
831.911
-10.6381
-10.6381
-10.9577
-10.9577
-8.34391
-8.34391
55.7608
55.7608
55.8252
324.492
324.492
-10.4412
-10.4412
6.32564
6.32564
2.83867
2.83867
-9.21854
-9.21854
-0.70755
-0.70755
-9.12082
-9.12082
-10.6218
-10.6218
-8.58707
-8.58707
5.64596
5.64596
4.01655
4.01655
-8.46975
-8.46975
-10.5083
-10.5083
-10.4129
-10.4129
-10.7627
-10.7627
1.73539
1.73539
5.32865
5.32865
59.2417
59.2417
-10.9169
-10.9169
-10.9509
-10.9509
24.8358
24.8358
-10.9864
-10.9864
-8.10042
-8.10042
-10.6914
-10.6914
-10.5651
-10.5651
-10.6551
-10.6551
-10.5056
-10.5056
-11.029
-11.029
-9.74144
-9.74144
-10.9852
-10.9852
654.844
654.844
-10.768
-10.768
6.10343
6.10343
-10.8968
-10.8968
-10.6388
-10.6388
-10.4491
-10.4491
-10.1279
-10.1279
-6.45295
-6.45295
-6.48484
-10.5531
-10.5531
-10.2781
-10.2781
716.187
716.187
-9.75428
-9.75428
-11.0534
-11.0534
-8.40978
-8.40978
-10.9556
-10.9556
-6.65602
-6.65602
-6.68784
0.718889
0.718889
-10.791
-10.791
-7.09674
-7.09674
-6.82632
-6.82632
-6.85815
52.2155
52.2155
-10.1935
-10.1935
-8.9792
-8.9792
-6.73946
-6.73946
5.40821
5.40821
-11.0543
-11.0543
-10.6632
-10.6632
59.0794
59.0794
-10.9532
-10.9532
-11.0425
-11.0425
-11.0908
-11.0908
-9.98116
-9.98116
-10.4479
-10.4479
-6.25876
-6.25876
-6.29069
-11.0029
-11.0029
-9.05658
-9.05658
3.70188
3.70188
-10.8471
-10.8471
-9.85712
-9.85712
2.50536
2.50536
-10.4268
-10.4268
-10.5423
-10.5423
5.0898
5.0898
-8.8369
-8.8369
5.08229
5.08229
-10.1053
-10.1053
-7.15566
-7.15566
-7.12383
-7.24807
-7.24807
-7.27989
469.341
469.341
1.34993
1.34993
-11.0999
-11.0999
45.9331
45.9331
46.0134
-10.4996
-10.4996
-11.0893
-11.0893
23.969
23.969
-10.8911
-10.8911
-10.0532
-10.0532
-10.8609
-10.8609
-9.2924
-9.2924
58.8232
58.8232
-7.44285
-7.44285
-7.47467
-11.2042
-11.2042
-10.6503
-10.6503
-8.17602
-8.17602
330.542
330.542
358.166
236.564
236.564
211.46
8.6386
8.6386
533.501
533.501
-11.272
-11.272
9.13935
9.13935
-9.93872
-9.93872
-10.3914
-10.3914
-10.1073
-10.1073
-10.9968
-10.9968
-10.4753
-10.4753
-10.5064
-10.5064
122.866
122.866
107.996
-10.1663
-10.1663
-5.94347
-5.94347
-5.91126
-6.0627
-6.0627
-6.09486
-10.2046
-10.2046
-10.731
-10.731
654.593
654.593
-7.63933
-7.63933
-7.67116
-10.0374
-10.0374
5.05501
5.05501
-9.93717
-9.93717
-1.15404
-1.15404
7.07868
7.07868
-2.61736
-2.61736
-10.7485
-10.7485
15.167
15.167
462.294
462.294
326.735
326.735
-4.23734
-4.23734
-9.59102
-9.59102
855.001
855.001
-11.0496
-11.0496
-9.89561
-9.89561
77.8008
77.8008
-5.83779
-5.83779
-11.1727
-11.1727
-7.27453
-7.27453
-8.76862
-8.76862
328.405
328.405
-8.39111
-8.39111
-9.983
-9.983
195.644
195.644
-11.2468
-11.2468
-11.0927
-11.0927
886.618
886.618
970.074
-7.82809
-7.82809
-7.85992
-9.15685
-9.15685
-10.0806
-10.0806
7.00456
7.00456
-10.7913
-10.7913
-10.1347
-10.1347
-11.0612
-11.0612
-9.84122
-9.84122
-10.8895
-10.8895
-10.6095
-10.6095
-8.12419
-8.12419
-10.2437
-10.2437
0.24494
0.24494
-10.9927
-10.9927
262.152
262.152
-10.9146
-10.9146
-9.01061
-9.01061
-10.1472
-10.1472
6.94965
6.94965
-6.74191
-6.74191
30.5104
30.5104
30.6197
721.881
721.881
-9.59092
-9.59092
-9.39759
-9.39759
-9.20092
-9.20092
-10.2734
-10.2734
-9.79878
-9.79878
-10.9739
-10.9739
6.67658
6.67658
-11.1128
-11.1128
-10.6555
-10.6555
-8.03948
-8.03948
-8.0713
-8.94176
-8.94176
-10.4851
-10.4851
8.99728
8.99728
-11.5539
-11.5539
-8.6431
-8.6431
-11.1824
-11.1824
-10.7503
-10.7503
-10.5745
-10.5745
-10.416
-10.416
1.44697
1.44697
-9.78192
-9.78192
-9.50455
-9.50455
2.60927
2.60927
-10.7963
-10.7963
-9.69017
-9.69017
-8.45386
-8.45386
-11.1672
-11.1672
-9.14237
-9.14237
-10.2974
-10.2974
-9.79016
-9.79016
-10.9833
-10.9833
-9.62852
-9.62852
-9.46884
-9.46884
3.84819
3.84819
-9.92634
-9.92634
-9.78469
-9.78469
-11.0729
-11.0729
-10.4716
-10.4716
8.10307
8.10307
-5.55955
-9.75562
-9.75562
-8.58351
-8.58351
-9.62273
-9.62273
-9.89755
-9.89755
-9.98019
-9.98019
-10.8533
-10.8533
519.1
519.1
-10.2073
-10.2073
649.647
649.647
-10.0051
-10.0051
8.51375
8.51375
-10.8617
-10.8617
922.863
922.863
986.52
-10.9798
-10.9798
-11.3337
-11.3337
-8.13928
-8.13928
-8.17111
-9.49849
-9.49849
852.788
852.788
-9.56014
-9.56014
-11.022
-11.022
716.206
716.206
12.9745
12.9745
17.7223
17.7223
17.8135
122.778
122.778
-10.1531
-10.1531
-9.21614
-9.21614
-9.28695
-9.28695
453.79
453.79
-9.10088
-9.10088
-9.16755
-9.16755
5.24213
5.24213
-10.6347
-10.6347
10.0112
10.0112
-9.84026
-9.84026
-9.3873
-9.3873
-11.0969
-11.0969
-9.64315
-9.64315
-9.45828
-9.45828
9.76162
9.76162
-8.81511
-8.81511
-9.76664
-9.76664
-10.2302
-10.2302
-9.32422
-9.32422
-8.98112
-8.98112
-9.19979
-9.19979
522.322
522.322
-0.667313
-0.667313
-0.699142
-10.5921
-10.5921
265.286
265.286
-2.09005
-2.09005
-2.12188
-10.4238
-10.4238
-3.67294
-3.67294
-3.70477
-9.93893
-9.93893
-10.3169
-10.3169
-5.27934
-5.27934
-5.31117
-10.7099
-10.7099
-11.2519
-11.2519
-6.77374
-6.77374
-6.80557
-9.50183
-9.50183
-9.13617
-9.13617
6.89816
6.89816
-7.99619
-7.99619
-8.02802
-8.87868
-8.87868
-8.91051
-9.13329
-9.13329
-9.18179
-9.18179
-9.61568
-9.61568
-10.4105
-10.4105
-9.46888
-9.46888
-9.28844
-9.28844
-10.7015
-10.7015
106.112
106.112
283.586
283.586
305.612
198.539
198.539
179.388
-9.41986
-9.41986
-9.45169
-9.16239
-9.16239
-10.8938
-10.8938
-10.1602
-10.1602
-11.077
-11.077
-9.18733
-9.18733
847.969
847.969
-11.2937
-11.2937
-9.03067
-9.03067
-9.85707
-9.85707
-11.1683
-11.1683
8.64776
8.64776
8.39894
8.39894
456.635
456.635
-9.70665
-9.70665
-9.73848
-10.9532
-10.9532
-10.5127
-10.5127
13.7351
13.7351
13.8038
-9.07358
-9.07358
-9.1663
-9.1663
-9.53427
-9.53427
-9.25172
-9.25172
-8.94239
-8.94239
0.688432
0.688432
0.656603
1.90553
1.90553
1.8737
-10.9781
-10.9781
-10.2674
-10.2674
3.09334
3.09334
3.06151
-10.123
-10.123
-9.56939
-9.56939
-9.28546
-9.28546
-9.47963
-9.47963
921.189
921.189
984.584
-11.747
-11.747
-11.8107
-11.3826
-11.3826
-11.4462
-11.158
-11.158
8.0519
8.0519
-8.91754
-8.91754
-10.0281
-10.0281
-9.66545
-9.66545
-9.98037
-9.98037
-9.55091
-9.55091
-9.22136
-9.22136
-8.92281
-8.92281
-9.7309
-9.7309
-8.96585
-8.96585
4.40258
4.40258
4.37075
-9.61139
-9.61139
-9.28359
-9.28359
-9.12392
-9.12392
11.2704
11.2704
-9.29689
-9.29689
-9.75855
-9.75855
-9.79037
-9.8288
-9.8288
198.506
198.506
139.124
139.124
107.296
458.017
458.017
-9.3171
-9.3171
-8.86664
-8.86664
-9.21453
-9.21453
-9.94676
-9.94676
-11.3267
-11.3267
-11.3904
-10.2436
-10.2436
917.084
917.084
980.74
12.3169
12.3169
-8.63369
-8.63369
-9.34354
-9.34354
-9.87389
-9.87389
-10.1584
-10.1584
-8.78127
-8.78127
-9.36901
-9.36901
-9.63084
-9.63084
-10.8087
-10.8087
-8.87982
-8.87982
-8.54902
-8.54902
-8.51719
-8.56864
-8.56864
-8.60046
-8.75223
-8.75223
5.87147
5.87147
5.83964
-10.7227
-10.7227
-9.10551
-9.10551
-8.97545
-8.97545
-9.36202
-9.36202
-9.14079
-9.14079
-10.2528
-10.2528
-10.5057
-10.5057
-10.4314
-10.4314
713.595
713.595
-9.69963
-9.69963
-9.61542
-9.61542
-9.64724
7.65056
7.65056
7.61873
-8.86925
-8.86925
-11.0942
-11.0942
-11.1578
12.6844
12.6844
12.7479
-9.75468
-9.75468
-9.77039
-9.77039
-10.0822
-10.0822
-11.1048
-11.1048
-11.1685
-8.7207
-8.7207
-11.2488
-11.2488
-11.3125
-11.0248
-11.0248
-9.96683
-9.96683
-9.44396
-9.44396
-11.3428
-11.3428
-11.4065
-9.24936
-9.24936
-8.73077
-8.73077
-11.181
-11.181
-11.2446
-9.45748
-9.45748
-9.31361
-9.31361
328.72
328.72
296.892
-8.92248
-8.92248
-10.542
-10.542
-9.03762
-9.03762
-8.95442
-8.95442
-8.86106
-8.86106
-9.59733
-9.59733
10.7576
10.7576
10.7895
9.12214
9.12214
9.09031
-9.84101
-9.84101
650.572
650.572
-10.8189
-10.8189
-9.66656
-9.66656
-9.40076
-9.40076
-9.44859
-9.44859
-9.44948
-9.44948
-10.3678
-10.3678
-10.9598
-10.9598
-11.0235
-9.46739
-9.46739
-10.0224
-10.0224
-8.66119
-8.66119
-9.52145
-9.52145
-8.724
-8.724
-9.36701
-9.36701
843.893
843.893
912.992
912.992
976.648
-9.01875
-9.01875
-9.51704
-9.51704
-9.43128
-9.43128
10.8518
10.8518
-5.35115
-5.35115
-10.0625
-10.0625
-11.1306
-11.1306
-11.1942
-9.91149
-9.91149
-10.2853
-10.2853
-9.74556
-9.74556
-9.74611
-9.74611
-9.2899
-9.2899
-9.36127
-9.36127
-9.3931
-9.14123
-9.14123
-8.77976
-8.77976
-8.65241
-8.65241
-8.66283
-8.66283
-9.05252
-9.05252
-9.08435
-9.1975
-9.1975
-9.22933
-9.15938
-9.15938
-9.39284
-9.39284
-10.3596
-10.3596
-9.4244
-9.4244
-8.78117
-8.78117
10.4239
10.4239
-8.69178
-8.69178
-9.82721
-9.82721
-8.54713
-8.54713
649.946
649.946
520.743
520.743
488.916
-10.1145
-10.1145
-8.87956
-8.87956
-9.55291
-9.55291
-10.659
-10.659
-10.8146
-10.8146
-10.8783
-9.9996
-9.9996
-9.60065
-9.60065
-10.6154
-10.6154
-9.62213
-9.62213
-8.66648
-8.66648
-9.58602
-9.58602
-9.67484
-9.67484
-9.12408
-9.12408
-9.33931
-9.33931
-9.37113
-8.5018
-8.5018
-8.79451
-8.79451
-8.87684
-8.87684
-9.9121
-9.9121
-9.97576
-9.51788
-9.51788
-10.2241
-10.2241
-10.2877
-10.8471
-10.8471
-10.9687
-10.9687
-11.0323
-9.7648
-9.7648
-8.899
-8.899
-8.93083
-9.90998
-9.90998
-9.54557
-9.54557
-8.51385
-8.51385
-10.3911
-10.3911
-9.58946
-9.58946
-9.65311
-8.88119
-8.88119
-8.57666
-8.57666
-8.78251
-8.78251
-8.61346
-8.61346
-8.65429
-8.65429
-8.68612
-10.1654
-10.1654
12.5367
12.5367
12.5994
-10.0709
-10.0709
-9.27741
-9.27741
-9.34107
-8.6923
-8.6923
-9.84227
-9.84227
-9.68767
-9.68767
-9.48649
-9.48649
-9.51832
-10.5373
-10.5373
-10.6009
-10.5185
-10.5185
-10.3999
-10.3999
-10.6242
-10.6242
-9.72254
-9.72254
-10.5107
-10.5107
-10.5744
-9.00922
-9.00922
-9.07288
-9.75967
-9.75967
-9.9978
-9.9978
-9.72007
-9.72007
-8.53493
-8.53493
-9.65287
-9.65287
-9.68469
-8.81738
-8.81738
-8.88103
-8.73088
-8.73088
-8.61133
-8.61133
-9.94194
-9.94194
-9.90102
-9.90102
-8.47381
-8.47381
-10.2634
-10.2634
-9.79229
-9.79229
-8.46934
-8.46934
-9.84707
-9.84707
-9.8789
-9.92182
-9.92182
-8.51443
-8.51443
-8.736
-8.736
-8.76783
-10.1272
-10.1272
-10.1799
-10.1799
-10.2436
-10.0944
-10.0944
-9.87718
-9.87718
-9.97718
-9.97718
713.783
713.783
681.955
841.95
841.95
-10.1355
-10.1355
-10.1991
-10.1037
906.579
906.579
970.235
874.751
-10.0741
-10.0741
907.664
907.664
971.32
-8.47721
-8.47721
-8.50904
-8.47698
-8.47698
-10.7612
-10.7612
-10.8248
-8.51385
-8.51385
-8.53333
-8.53333
-8.56516
-8.84215
-8.84215
-8.87398
-8.49084
-8.49084
-8.47524
-8.47524
-8.50707
-9.08766
-9.08766
-9.11949
-9.01512
-9.01512
-10.2324
-10.2324
-10.275
-10.275
-10.3387
-10.6689
-10.6689
-10.7326
-10.221
-10.221
-10.2846
-10.1731
-10.1731
-10.3429
-10.3429
-10.4066
-10.3063
-10.3063
-10.1518
-10.1518
-10.2154
-8.79853
-8.79853
-8.86219
-8.73835
-8.73835
-8.77018
-8.65229
-8.65229
-8.60893
-8.60893
-8.64076
-8.52054
-8.52054
-8.55237
-8.55017
-8.55017
-10.4285
-10.4285
-10.4922
-9.94652
-9.94652
-6.78571
-6.78571
-10.0228
-10.0228
-10.1622
-10.1622
-10.0837
-10.0837
12.1614
12.1614
12.3744
12.3744
12.437
308.995
308.995
95.3913
95.3913
190.419
190.419
12.3439
12.3439
12.407
11.1312
11.1312
-9.58163
-9.58163
59.3532
59.3532
10.6363
10.6363
12.0796
12.0796
820.015
820.015
-6.9031
-6.9031
254.396
254.396
54.3301
54.3301
28.119
12.1034
12.1034
12.1347
240.079
240.079
211.74
-5.60506
-5.60506
709.009
709.009
221.896
221.896
-8.26103
-8.26103
399.72
399.72
371.38
203.44
203.44
-5.88727
-5.88727
266.008
266.008
59.4666
59.4666
59.4966
59.2695
59.2695
59.2471
561.094
561.094
504.415
640.335
640.335
583.655
329.317
329.317
268.677
668.674
668.674
611.994
542.07
542.07
485.39
620.566
620.566
563.886
58.7863
58.7863
180.827
180.827
374.471
374.471
521.307
521.307
571.021
555.713
555.713
606.642
544.431
544.431
595.36
357.939
357.939
-6.44763
-6.44763
-4.765
-4.765
493.581
493.581
536.693
-113.709
-113.709
-77.9872
16.0509
16.0509
22.3333
435.519
435.519
381.23
381.23
482.229
482.229
87.9589
87.9589
-6.94336
-6.94336
240.249
240.249
1017.13
1017.13
982.188
982.188
523.445
523.445
574.325
649.758
649.758
706.418
706.418
596.416
596.416
631.023
631.023
729.929
729.929
682.135
682.135
1158.69
1158.69
1184.85
1048.21
1048.21
1022.05
126.114
126.114
-6.84389
-6.84389
346.509
346.509
-7.05547
-7.05547
664.701
664.701
491.844
491.844
81.1819
81.1819
403.618
403.618
362.812
362.812
465.933
465.933
-6.4253
-6.4253
377.411
377.411
371.752
371.752
130.711
130.711
502.476
502.476
523.597
366.168
366.168
315.675
315.675
142.336
142.336
419.238
419.238
-7.83921
-7.83921
215.505
215.505
-6.55488
-6.55488
59.6151
59.6151
59.6713
274.15
274.15
-8.04887
-8.04887
330.185
330.185
16.89
16.89
457.754
457.754
481.927
171.467
171.467
-6.55019
-6.55019
-8.2519
-8.2519
530.504
530.504
320.871
320.871
1205.57
1205.57
1257.89
-6.71729
-6.71729
-7.77094
-7.77094
414.747
414.747
-7.92074
-7.92074
-6.7719
-6.7719
542.831
542.831
-7.4074
-7.4074
-7.94945
-7.94945
129.559
129.559
-1.88685
-1.88685
144.669
144.669
192.081
192.081
251.882
251.882
474.224
474.224
448.468
-5.69362
-5.69362
1119.09
1119.09
1134.11
1134.11
1182.48
-8.10849
-8.10849
)
;
    }
}


// ************************************************************************* //
