/*--------------------------------*- C++ -*----------------------------------*\
  =========                 |
  \\      /  F ield         | OpenFOAM: The Open Source CFD Toolbox
   \\    /   O peration     | Website:  https://openfoam.org
    \\  /    A nd           | Version:  8
     \\/     M anipulation  |
\*---------------------------------------------------------------------------*/
FoamFile
{
    version     2.0;
    format      ascii;
    class       volVectorField;
    location    "0.55";
    object      U;
}
// * * * * * * * * * * * * * * * * * * * * * * * * * * * * * * * * * * * * * //

dimensions      [0 1 -1 0 0 0 0];

internalField   nonuniform List<vector> 
1924
(
(-0.0280495 -0.0295534 2.09382e-17)
(0.099911 -0.0393858 2.04793e-17)
(0.7758 0.206882 4.28826e-18)
(0.738064 0.140079 2.48538e-18)
(0.0322346 -0.00533144 1.80524e-17)
(0.789382 0.0836946 2.59072e-18)
(0.746166 -0.00858724 6.30491e-19)
(0.862835 -0.0532342 -5.88393e-19)
(0.82287 -0.144362 3.84382e-20)
(0.74921 0.227384 4.48095e-18)
(0.917297 -0.194338 -3.1257e-19)
(0.882776 -0.288248 -5.1726e-19)
(0.0607285 -0.538426 3.92913e-18)
(0.992288 -0.353906 -1.43995e-18)
(0.146494 -0.6931 1.32324e-17)
(-0.0161903 -0.570229 1.34407e-17)
(0.0964192 -0.6236 4.3576e-18)
(0.963829 -0.441753 6.62001e-20)
(-0.125185 0.0712286 2.20583e-17)
(1.03795 -0.51195 -2.77182e-19)
(0.0191048 -0.237479 4.13857e-18)
(0.509697 -1.00708 1.20406e-17)
(0.278301 -0.852416 4.47499e-18)
(0.980962 -0.60502 -5.47925e-19)
(0.534953 -1.04749 1.19551e-17)
(1.21986 -0.309425 4.83059e-18)
(1.35496 -0.315873 1.89778e-18)
(0.659429 0.234616 5.27485e-18)
(0.383862 0.23441 1.45391e-17)
(0.332425 0.0292023 5.49194e-19)
(0.195512 -0.85555 3.95428e-18)
(0.560437 -0.946111 1.15492e-17)
(-0.104373 -0.0544979 2.0262e-17)
(0.137511 -0.715001 3.40825e-18)
(0.644649 0.185927 1.96169e-18)
(0.323629 -0.958387 4.24384e-18)
(0.728315 -0.650935 9.36197e-18)
(0.526894 0.180905 1.24862e-17)
(0.234204 0.0544859 5.54703e-19)
(0.16017 -0.787834 3.90872e-18)
(1.13368 -0.442581 5.62785e-18)
(0.0595744 -0.382507 3.73987e-18)
(1.17564 -0.384012 7.20007e-18)
(0.344868 -0.772607 2.87668e-18)
(0.389942 -0.173449 2.27759e-18)
(0.187738 -0.219468 1.34111e-17)
(-0.0930996 0.103632 2.34858e-17)
(0.527506 -0.280145 7.44622e-19)
(0.439727 0.252422 9.44711e-19)
(-0.00478883 -0.077437 2.98215e-18)
(0.976521 -0.67075 -2.07826e-18)
(0.0133094 -0.47545 4.39232e-18)
(0.473783 -1.0475 1.19261e-17)
(0.850403 -0.608891 -1.52199e-18)
(-0.239753 -0.377891 1.32228e-17)
(0.734615 0.181187 3.05869e-18)
(-0.171316 0.0954166 2.30647e-17)
(0.494184 -0.250611 3.22515e-18)
(0.583352 0.504009 6.15608e-18)
(0.564332 -0.0974928 6.44216e-18)
(0.491731 -0.779992 1.2115e-18)
(0.192022 -0.325607 1.22459e-17)
(0.634573 -0.699896 1.14494e-18)
(0.3272 0.218799 -1.66133e-18)
(0.796764 -0.679802 4.10322e-18)
(0.468177 -0.230919 5.80543e-19)
(0.0641774 -0.161298 6.99908e-18)
(0.280917 -1.01477 3.46905e-18)
(0.463575 0.0152087 1.29924e-17)
(0.918761 -0.644765 -4.87784e-19)
(0.542719 0.0607727 1.00913e-17)
(-0.0119574 -0.250599 1.1723e-17)
(0.208734 0.0207011 -8.35942e-20)
(0.36072 -0.0602462 1.26037e-18)
(0.299766 -0.125634 1.81173e-18)
(-0.150672 -0.286204 1.27392e-17)
(0.512282 -0.231407 3.96498e-19)
(0.357055 -0.168031 1.3288e-18)
(0.55126 -0.185121 8.36236e-19)
(0.781805 -0.739185 2.47583e-19)
(0.480891 -0.539907 -2.88493e-19)
(1.36867 -0.28664 2.97192e-18)
(0.33895 -0.157131 1.65447e-18)
(-0.0509454 -0.257906 4.49495e-18)
(0.0335039 -0.10947 1.95364e-17)
(0.29916 -1.04699 3.9397e-18)
(0.734604 0.545185 6.06341e-18)
(0.558567 -0.643759 1.14749e-17)
(0.162488 0.0376548 2.02456e-18)
(0.347789 -0.0306099 6.20809e-18)
(0.651913 -0.156805 6.51969e-18)
(1.27903 -0.223689 3.98118e-18)
(0.233789 -0.340853 1.0905e-17)
(0.356498 -0.124398 8.96656e-18)
(0.252869 -0.10827 5.21081e-18)
(0.228629 -0.276623 1.22859e-18)
(0.507037 -0.204553 4.97404e-19)
(0.546888 -0.549246 -1.19372e-19)
(0.917941 -0.249963 7.48428e-18)
(-0.0263139 -0.162551 1.2839e-17)
(0.851602 0.211682 6.39203e-18)
(0.0703517 -0.283616 4.309e-18)
(1.05221 -0.326052 8.63813e-18)
(1.17722 -0.277825 6.20031e-18)
(0.364396 -0.0742782 8.35584e-18)
(0.40047 -0.288089 1.55275e-18)
(0.85191 0.11393 7.09775e-18)
(0.135825 -0.389693 1.08787e-17)
(0.399216 -0.237583 9.38586e-18)
(0.477081 -0.126623 8.1287e-18)
(0.53028 -0.199149 4.49544e-19)
(0.590774 -0.0116105 1.02203e-17)
(0.422967 0.116285 1.19369e-17)
(0.387639 -0.0367062 4.16631e-19)
(0.530567 -0.178304 8.2407e-19)
(-0.084235 -0.204017 5.70522e-18)
(0.859259 0.196665 4.43492e-18)
(-0.297949 -0.626323 1.35393e-17)
(0.356799 -1.43545 6.99303e-18)
(0.534947 -0.196196 5.48382e-19)
(0.00527087 -0.138977 1.88491e-17)
(0.48744 0.0231838 -7.68418e-19)
(0.119434 -0.142121 3.03829e-18)
(0.0306365 -0.0935692 7.95956e-18)
(-0.0559331 -0.105336 9.55226e-18)
(0.671467 -0.224052 4.04855e-18)
(-0.0802018 -0.332115 1.23393e-17)
(0.336077 -0.222638 1.09573e-18)
(0.568558 -0.0681695 7.67177e-18)
(0.406267 -0.110086 -5.94607e-19)
(0.559703 -0.21885 4.75396e-19)
(0.926105 0.172701 5.85331e-18)
(0.0180288 -0.330628 1.46741e-17)
(0.421438 -0.0893907 9.99624e-19)
(0.0817008 -0.40754 5.21881e-18)
(0.651078 0.0104899 5.86743e-18)
(0.684461 0.215105 1.04316e-17)
(0.725065 0.126705 9.50878e-18)
(1.02845 -0.68657 3.69045e-19)
(0.594351 0.218345 6.51657e-18)
(0.58401 0.200985 2.99104e-18)
(0.176634 -0.116917 1.06997e-17)
(-0.0444054 0.541303 1.58601e-17)
(-0.182306 -0.524268 6.25329e-18)
(0.92891 0.134564 2.44463e-18)
(0.36159 -0.13674 -1.55855e-18)
(0.250186 -0.357169 6.8752e-18)
(0.197046 0.096346 1.05462e-17)
(0.264576 -0.429542 1.31049e-17)
(0.354719 -1.47894 7.29586e-18)
(0.282584 -0.316752 1.44498e-18)
(0.40701 0.000302601 2.04678e-19)
(0.0137491 -0.198984 1.06349e-17)
(1.02365 0.122453 4.01362e-18)
(0.917459 0.0845448 2.26104e-18)
(0.765933 -0.290626 3.18502e-18)
(0.468239 0.0791309 -2.23868e-18)
(0.767243 0.257552 8.02149e-18)
(0.604104 -0.228947 3.60815e-19)
(-0.129755 -0.389194 2.71882e-18)
(0.418972 -0.0167868 4.53182e-19)
(-0.207482 -0.259832 1.24513e-17)
(1.03233 0.103321 2.36357e-18)
(0.539161 -0.0010736 3.16639e-19)
(-0.0837247 -0.237583 1.43009e-18)
(0.794184 -0.0262723 5.29957e-18)
(1.01421 -0.166394 2.96526e-18)
(0.455689 0.0962813 -1.66191e-18)
(0.511376 -0.214387 6.0712e-19)
(0.746153 0.0114485 5.55876e-18)
(-0.0231306 0.129887 1.74331e-17)
(1.0262 0.0180357 2.53214e-18)
(0.36458 -0.328541 5.86824e-19)
(0.995224 -0.209093 6.6587e-18)
(0.665163 0.228094 2.67394e-18)
(0.210712 -0.434521 8.6201e-18)
(0.369036 0.053552 -3.03721e-20)
(0.198131 -0.258424 1.15648e-17)
(0.395393 -0.965838 3.92977e-18)
(1.14836 0.0331243 3.11828e-19)
(0.905816 -0.468789 3.27045e-18)
(-0.390928 -0.782149 1.45642e-17)
(0.45244 -0.146543 9.79721e-19)
(1.09486 -0.208284 3.21714e-18)
(0.539925 0.353291 -2.52949e-19)
(0.0872238 0.0767124 2.24065e-17)
(0.110274 -0.267238 1.10998e-17)
(1.30258 -0.371133 2.21805e-18)
(0.527833 -0.230213 5.13594e-19)
(0.461862 -0.0808282 9.80693e-19)
(0.0764347 -0.352246 9.88072e-18)
(1.01009 -0.0476755 2.82934e-19)
(0.599131 -0.273664 3.77154e-19)
(1.14339 -0.00604164 6.45699e-19)
(1.31887 -0.135569 1.38034e-18)
(0.396549 -0.00883244 2.39352e-19)
(1.46225 -0.316833 1.48771e-18)
(0.337597 -0.537981 9.91605e-18)
(0.537837 -0.496114 1.26049e-17)
(0.327092 -0.662528 9.06769e-18)
(-0.16617 -0.225794 5.6623e-18)
(0.210048 -0.113151 1.98786e-17)
(0.994573 -0.000329647 3.13521e-18)
(1.0894 -0.121534 1.81074e-19)
(-0.0284102 0.229922 1.6983e-17)
(0.973654 -0.530908 3.60714e-18)
(1.21801 -0.0844366 2.64173e-19)
(0.179553 -0.260962 9.96763e-18)
(0.169363 -0.00882119 1.0254e-17)
(-0.0201577 -0.383504 1.04636e-17)
(0.564725 -0.0165563 5.18628e-19)
(0.864023 0.0743141 5.12202e-18)
(1.09489 -0.837896 1.43949e-18)
(1.38057 -0.179127 1.28144e-18)
(1.3439 -0.426644 2.20654e-18)
(0.392369 -0.244324 7.82488e-19)
(0.306749 -0.549152 1.38642e-17)
(0.225551 -0.351453 7.50634e-18)
(1.19346 -0.134481 2.2396e-19)
(0.289271 -0.26934 1.04547e-18)
(0.59495 -0.349303 5.89177e-18)
(0.284838 -0.270131 3.7897e-18)
(1.11573 -0.0235753 2.98945e-18)
(1.09896 -0.868816 4.53468e-18)
(1.05706 -0.192683 9.13489e-20)
(1.47369 -0.3505 1.3296e-18)
(0.646569 -0.308826 9.6051e-19)
(0.393878 -0.399132 1.82109e-19)
(1.4281 -0.150646 6.24276e-19)
(0.399357 -0.737708 9.24541e-18)
(-0.231199 -0.209158 1.3857e-17)
(0.741956 -0.321102 8.94654e-18)
(0.616446 -0.586031 8.20569e-18)
(-0.0151963 -0.446716 1.37419e-17)
(1.46528 -0.311142 7.08395e-19)
(-0.0760911 -0.479795 2.1402e-18)
(0.915515 -0.970402 1.3094e-18)
(1.26142 -0.202474 3.45913e-19)
(1.2469 0.00811647 1.33163e-18)
(0.412205 -0.0326612 2.54804e-19)
(-0.492479 -0.885084 1.44522e-17)
(0.837317 -0.663371 4.26789e-18)
(0.895894 -0.888229 2.87527e-19)
(0.178222 -0.279691 9.45618e-18)
(0.23243 -0.231824 1.3438e-18)
(0.276227 -6.5491e-05 8.29783e-18)
(1.13995 -0.266304 1.12644e-18)
(0.558813 0.0602154 1.81131e-18)
(0.417603 -0.176054 1.07966e-18)
(0.370398 -0.373497 -9.45465e-20)
(0.605676 0.579216 8.78644e-18)
(0.538198 -0.0309981 5.21267e-19)
(1.44974 -0.182029 2.53938e-18)
(1.03557 0.0938618 2.07123e-18)
(0.515925 -0.261167 4.79326e-19)
(0.830999 -0.982308 8.24126e-18)
(1.20219 -0.272499 7.0889e-18)
(0.696815 -0.80588 5.50241e-18)
(0.655761 -0.29598 6.52023e-18)
(1.24286 -0.253594 3.99563e-19)
(0.948882 -0.229883 3.23789e-18)
(1.35113 -0.0312278 6.66151e-19)
(0.934553 -0.217834 8.09246e-18)
(0.42966 -0.216069 5.59558e-19)
(0.575346 -0.969556 1.20965e-17)
(0.220593 -0.176762 2.24369e-18)
(0.22553 -0.327338 3.09889e-18)
(0.3179 -0.338595 3.10524e-19)
(0.0688428 -0.112907 1.28187e-17)
(-0.204895 0.301432 2.23687e-17)
(0.390519 -0.803061 9.81338e-18)
(0.298604 -0.148612 7.17291e-19)
(-0.0292394 -0.450864 1.65201e-17)
(1.0472 -0.71908 5.85869e-18)
(0.475368 -0.227524 8.79626e-18)
(0.441441 -0.60388 4.6026e-19)
(1.11696 -0.336232 -1.53534e-19)
(1.448 -0.3341 1.94801e-18)
(1.08964 0.100126 2.65551e-18)
(0.565597 -0.737332 8.72042e-18)
(0.00224847 -0.267801 1.4546e-17)
(0.395976 -0.0499549 -1.3765e-20)
(0.788718 -0.26668 8.15448e-18)
(1.43631 -0.189206 6.37464e-19)
(-0.0619609 -0.0332561 2.03457e-17)
(0.43489 -0.092454 1.15407e-18)
(0.629867 -0.366946 1.0681e-19)
(0.507191 -0.0900509 -3.45719e-19)
(1.31704 -0.300148 -6.43749e-20)
(0.834362 -0.633304 3.35795e-18)
(1.36123 -0.064271 9.10926e-20)
(0.153344 -0.107138 1.94221e-18)
(1.39828 -0.306772 1.83997e-18)
(0.695993 -1.09911 4.54123e-18)
(-0.108062 -0.136911 4.56561e-18)
(-0.226681 0.0105191 1.36397e-18)
(0.483772 -0.912885 1.1653e-17)
(0.208928 -0.408009 7.83031e-18)
(0.290585 -0.32013 6.00571e-19)
(0.540638 -1.11468 8.27173e-18)
(0.325876 -0.0928762 -6.62148e-19)
(1.213 0.0479985 1.33833e-18)
(0.702578 -0.986686 8.22917e-19)
(0.192789 -0.580598 1.35534e-17)
(1.21731 -0.39775 -1.32049e-19)
(1.34749 -0.519896 2.552e-18)
(0.301589 -0.403311 3.15836e-18)
(0.692202 -0.889898 7.97201e-20)
(0.752663 -0.860971 8.09666e-18)
(0.514947 -0.191247 2.25435e-18)
(0.28394 -0.215417 9.1905e-18)
(0.424107 -1.4579 6.72503e-18)
(1.43533 -0.20308 4.0445e-19)
(0.455385 -1.18164 1.07281e-17)
(0.54842 -0.291529 1.64366e-19)
(0.245201 -0.477854 3.60465e-18)
(1.07675 -0.21236 1.53412e-18)
(1.3089 -0.353491 1.01562e-19)
(1.40851 -0.102767 -3.41564e-19)
(1.30303 -0.193999 1.51846e-18)
(0.158658 -0.142373 2.38971e-18)
(0.445605 -0.861632 1.01087e-17)
(1.23617 0.00955945 6.39509e-19)
(-0.0418743 0.0504454 4.17201e-20)
(1.41025 -0.393922 1.12251e-18)
(0.384536 -0.489234 6.0927e-19)
(1.16922 -0.496058 2.74341e-18)
(1.06394 -0.720899 5.08011e-18)
(0.602848 0.0942502 1.54911e-18)
(0.681655 -0.429264 -3.87209e-19)
(0.603377 -0.74457 6.26236e-18)
(-0.165942 -0.0472651 4.40707e-18)
(0.422328 -1.2477 9.16345e-18)
(1.17596 -0.480203 4.86695e-20)
(0.238366 -0.28408 1.35136e-18)
(1.37253 -0.340639 3.18659e-18)
(0.452401 -0.0496618 9.10133e-18)
(1.38914 -0.146531 3.59182e-19)
(1.40974 -0.211977 6.08339e-19)
(1.30534 -0.0487976 -3.81651e-19)
(0.360758 -0.461883 1.07655e-19)
(0.336757 -0.0216261 -3.12329e-19)
(0.505305 -1.13578 1.18176e-17)
(0.222213 -0.550782 8.28231e-18)
(0.15276 -0.965661 1.26795e-17)
(-0.426266 -0.295963 1.01713e-17)
(-0.345313 -0.490712 1.76576e-17)
(-0.395027 -0.0202802 9.95005e-18)
(0.563782 -1.35746 3.33943e-18)
(1.30714 -0.518522 1.7571e-18)
(1.09361 -0.535484 9.80307e-18)
(0.347304 0.387437 6.5359e-18)
(0.004922 -0.666585 1.60119e-18)
(0.463329 -1.17516 4.13274e-18)
(0.240704 -0.410846 6.62784e-18)
(0.318309 -0.419242 6.22291e-20)
(0.431976 0.291427 -6.56669e-19)
(1.35875 -0.373918 7.77501e-19)
(0.666297 -0.936944 8.16666e-18)
(0.0480126 -0.0529018 -1.18596e-18)
(1.28381 -0.322787 3.7761e-18)
(0.17456 -1.15097 1.09114e-17)
(0.516843 -1.07923 1.81801e-18)
(-0.0426849 -0.169611 7.63744e-18)
(0.698897 -0.949462 1.17259e-17)
(1.2983 -0.0965365 3.13358e-20)
(0.4795 -1.17964 1.19857e-17)
(0.424668 -0.963955 1.04586e-17)
(1.38526 -0.206601 -2.65023e-20)
(1.40829 -0.168507 5.59309e-20)
(0.533739 -0.917055 -7.97775e-20)
(1.38744 -0.191748 1.45124e-18)
(0.858079 -0.765211 4.90865e-18)
(-0.497385 -0.91046 1.30484e-17)
(1.26511 -0.238845 4.98495e-18)
(0.029859 0.0137916 1.07786e-17)
(0.011589 -1.09312 1.19518e-17)
(-0.0319093 -0.879031 1.37506e-17)
(0.563149 -1.0739 1.24033e-17)
(-0.491749 -0.104393 9.10695e-18)
(-0.550922 -0.225895 8.60726e-18)
(0.294184 -0.397047 6.63782e-19)
(1.23054 -0.465249 1.50367e-18)
(1.44569 -0.202025 1.52646e-18)
(0.509245 -0.822957 8.33214e-18)
(0.522483 -0.840474 -5.80724e-19)
(0.204495 -0.265012 2.11943e-18)
(-0.148307 -0.197585 7.55231e-18)
(1.2882 -0.237406 5.22856e-18)
(1.34114 -0.143965 1.80238e-19)
(0.128621 -0.583649 8.96093e-19)
(0.401793 -1.33417 8.60945e-18)
(1.40942 -0.396167 1.54338e-18)
(-0.382639 -0.084988 1.25691e-17)
(1.39212 -0.208818 8.09924e-20)
(0.016276 -0.0494499 1.36655e-17)
(1.18172 -0.362128 8.37514e-18)
(0.528294 -1.14042 1.21585e-17)
(0.658827 -0.496115 -2.20484e-19)
(-0.502748 -0.48064 1.14496e-17)
(0.203287 -0.180085 -2.57782e-19)
(0.240416 -0.368249 6.3417e-19)
(0.249805 -0.735746 7.25758e-18)
(0.0375754 -0.262557 1.22537e-17)
(0.325682 0.0504039 -8.9672e-19)
(0.108121 -0.196323 1.09871e-17)
(0.465104 -0.722212 3.14576e-19)
(-0.446378 -0.0154942 1.29529e-17)
(0.640151 -0.852191 7.96796e-18)
(1.07101 -0.504649 9.43857e-18)
(1.23731 -0.358074 6.77324e-18)
(0.317074 -1.45828 7.06553e-18)
(1.34099 -0.435499 1.61433e-18)
(1.32879 -0.193209 2.94705e-19)
(1.34026 -0.195155 4.60655e-19)
(0.143178 -0.551411 1.38206e-17)
(0.377815 -0.584167 6.26793e-19)
(0.0763841 -1.24979 9.57568e-18)
(0.323072 -1.24175 5.49748e-18)
(0.564404 -0.0554722 7.25013e-19)
(0.188005 -1.19431 6.24235e-18)
(0.465892 -0.998659 1.00886e-17)
(0.443775 -0.667346 6.71275e-19)
(0.192999 -0.515517 7.69702e-18)
(0.649374 -1.00934 1.24413e-17)
(0.349472 -1.04749 1.0927e-18)
(0.52966 -0.333693 -8.56094e-21)
(0.130338 -0.245201 2.8555e-18)
(0.465588 -1.28278 1.20195e-17)
(0.969848 -0.339378 9.29421e-18)
(-0.118736 -0.110046 9.85221e-18)
(0.349396 -0.552154 -1.66627e-19)
(0.655203 -0.330564 7.88411e-18)
(0.345471 -1.47039 8.36065e-18)
(1.39112 -0.204596 1.10965e-18)
(1.15752 -0.316927 7.77983e-18)
(0.392765 -0.987729 2.695e-19)
(0.703756 -0.318105 1.14362e-18)
(1.36564 -0.218681 7.68825e-20)
(0.585569 -1.0939 1.24867e-17)
(0.562575 -0.85919 8.37139e-18)
(1.29261 -0.325225 7.5804e-18)
(1.47945 -0.221536 1.19773e-19)
(-0.506337 -0.259031 2.68981e-18)
(-0.458841 -0.161116 1.02631e-17)
(0.0700128 -0.159578 9.19546e-19)
(1.11269 -0.333198 7.74874e-18)
(0.210769 -0.351337 8.00419e-19)
(1.43994 -0.387481 1.04753e-18)
(-0.314471 -0.328923 1.2264e-17)
(-0.284363 -0.902388 1.41336e-17)
(0.448094 -1.32822 1.17052e-17)
(1.45705 -0.230898 1.715e-19)
(0.709357 -0.571869 -7.12901e-20)
(1.2539 -0.388976 8.36732e-18)
(1.45099 -0.372161 1.39933e-18)
(0.400285 -0.854091 -2.04217e-19)
(-0.20901 -1.08869 1.21294e-17)
(0.333107 -1.48825 7.36367e-18)
(-0.601701 -0.305342 8.0067e-18)
(0.303817 -0.502938 -4.6473e-19)
(0.515882 -1.22872 1.22548e-17)
(0.349123 -0.590157 2.7764e-18)
(0.346601 -1.51914 7.97611e-18)
(0.254234 -0.781568 8.16288e-18)
(-0.326158 -0.350509 1.43959e-17)
(-0.270521 -0.197097 1.37231e-17)
(1.27605 -0.171764 1.04494e-18)
(1.36689 -0.261448 -3.78681e-20)
(0.530684 -0.154023 1.23162e-18)
(1.04704 -0.679805 1.17913e-17)
(0.355972 -1.44383 6.60055e-18)
(0.13639 -0.271992 3.06102e-18)
(0.39242 -0.792927 -2.39061e-19)
(0.430415 -1.05544 1.03853e-17)
(0.281702 -0.481513 -2.93106e-19)
(0.176552 -0.263343 3.31315e-18)
(1.2905 -0.40473 4.21426e-18)
(-0.481203 -0.215656 1.06497e-17)
(-0.622564 -0.504515 1.02478e-17)
(0.99387 -0.352061 7.92146e-18)
(1.37523 -0.225047 4.832e-19)
(0.137459 -0.407216 1.36554e-17)
(-0.346105 -0.186967 1.26716e-17)
(0.488862 -1.27923 1.36596e-17)
(0.759912 -0.988987 1.24412e-17)
(1.16926 -0.338638 1.04279e-17)
(-0.424226 -0.962212 1.1932e-17)
(0.54226 -0.510989 1.26209e-17)
(0.564314 -0.378525 -3.70305e-20)
(0.589344 -0.389089 1.78822e-18)
(0.720986 -0.523492 1.37749e-17)
(0.344389 -1.45994 8.96188e-18)
(0.624498 -0.0602519 5.79292e-19)
(0.0648045 -1.08233 4.00537e-18)
(0.358548 -0.68972 -1.24213e-20)
(-0.562695 -0.290459 9.0136e-18)
(0.0250556 -0.368558 1.35898e-17)
(1.22838 -0.362876 1.04248e-17)
(-0.151268 -0.0145411 -1.11516e-18)
(0.148454 -1.05927 1.88937e-18)
(-0.321281 -1.01281 1.29894e-17)
(0.527056 -0.954933 8.95083e-18)
(0.592389 -1.19495 1.23299e-17)
(0.142359 -0.647149 6.05398e-18)
(-0.125439 -0.564607 1.13804e-17)
(-0.16811 -1.19452 1.0033e-17)
(1.26212 -0.559574 1.1572e-17)
(0.414646 -1.42228 1.158e-17)
(0.274467 -0.962141 -5.91375e-20)
(0.238473 -0.449077 5.17541e-19)
(0.339615 -0.645488 3.25878e-19)
(-0.172365 -0.493656 1.43083e-17)
(1.44803 -0.24528 5.18561e-19)
(-0.171743 -0.418581 1.59684e-17)
(-0.201119 -0.40565 1.48079e-17)
(0.557541 -1.25124 1.18859e-17)
(1.44954 -0.378839 7.36431e-19)
(1.37214 -0.250091 5.69139e-19)
(-0.635861 -0.416545 9.78955e-18)
(0.313354 -1.52099 7.98926e-18)
(-0.246198 -1.16744 1.07392e-17)
(0.290129 -0.585195 -6.56421e-19)
(0.29476 -0.907658 -1.43206e-19)
(1.40438 -0.238185 9.50334e-19)
(1.40617 -0.368618 2.5707e-18)
(0.153327 -0.342343 2.24621e-18)
(0.582389 -0.850888 1.44598e-18)
(1.22055 -0.679823 1.24998e-17)
(1.17293 -0.130138 1.98284e-18)
(0.373568 -1.46251 7.93245e-18)
(1.19568 -0.480674 5.21936e-18)
(0.341332 -1.49722 6.32609e-18)
(0.339097 -1.15319 4.87465e-18)
(0.24327 -0.895584 8.99366e-18)
(-0.281615 -0.336848 1.36859e-17)
(1.32973 -0.185746 7.0377e-19)
(0.44859 -1.0682 1.0579e-17)
(0.265675 -0.688594 2.76522e-18)
(0.743766 -1.12409 1.2021e-17)
(0.489684 -1.31657 1.20324e-17)
(-0.00755357 -0.0152838 -1.52653e-18)
(0.842471 -0.823165 -4.07695e-19)
(0.214184 -0.433434 1.01513e-18)
(0.296054 -0.792818 -1.84227e-19)
(0.717913 -0.531322 1.41885e-17)
(0.116203 -0.25756 3.10789e-18)
(0.138168 0.158603 2.55438e-19)
(-0.394177 -0.293625 1.2682e-17)
(0.663984 -0.638933 -3.08527e-19)
(0.952364 -0.471384 1.34311e-17)
(0.153164 -0.511419 1.48815e-17)
(-0.58282 -0.706575 1.23565e-17)
(0.328832 -1.45689 9.32763e-18)
(1.1911 -0.516418 1.20783e-17)
(0.36416 -1.24074 5.85344e-18)
(0.521653 -0.911779 3.52092e-18)
(0.938181 -0.78842 -4.42472e-18)
(-0.52754 -0.0160118 -3.77376e-18)
(0.221763 -0.243568 5.34746e-18)
(0.637591 -1.21143 1.20553e-17)
(0.324582 -1.43949 8.08649e-18)
(-0.0116188 -0.369546 1.26849e-17)
(0.0459545 -0.525702 1.48346e-17)
(0.533867 -0.983138 9.72309e-18)
(0.28621 -1.14142 4.29486e-18)
(0.269399 -0.560546 -7.14427e-19)
(0.652571 -0.159781 3.67351e-19)
(0.126131 -0.280034 3.2748e-18)
(0.426941 -1.36126 1.5035e-17)
(0.290136 -0.748086 -2.48161e-19)
(0.404594 -0.555205 1.3949e-17)
(1.23498 -0.639057 1.21109e-17)
(-0.0975827 -0.538118 1.6192e-17)
(0.160366 -0.417054 1.02826e-18)
(-0.210463 -0.479518 1.42027e-17)
(0.449569 -1.05995 2.77888e-18)
(0.182201 -0.735025 5.72962e-18)
(0.0791252 -0.997209 6.07285e-19)
(0.340067 -1.39136 6.72642e-18)
(0.565297 -1.31806 1.19989e-17)
(-0.509472 -0.406877 9.94297e-18)
(1.3683 -0.287379 7.98266e-19)
(-0.14564 -0.550252 1.60384e-17)
(0.790694 -0.873343 -3.0043e-18)
(0.759395 -0.875061 7.75818e-19)
(-0.0977073 -1.03785 5.07006e-18)
(0.578486 -1.08549 -2.24223e-19)
(0.265718 -0.67092 -2.32633e-19)
(0.226786 0.0364918 -8.54749e-19)
(1.21327 -0.891787 1.1094e-17)
(0.331782 -1.44787 8.05289e-18)
(-0.21659 0.176601 2.17501e-17)
(0.929388 -0.888016 -9.0642e-18)
(0.923619 -0.883278 -2.18846e-18)
(0.138319 -0.975278 6.03939e-20)
(-0.246226 -0.442262 1.3469e-17)
(0.473673 -0.331978 2.55836e-19)
(-0.375351 -0.362023 1.38205e-17)
(0.495312 -1.2295 6.69788e-18)
(0.219803 -0.075873 4.12471e-19)
(-0.157946 -1.09143 7.93994e-18)
(1.05261 -0.0956385 3.09661e-18)
(0.163651 -0.0675748 2.80809e-18)
(0.345067 -1.43136 9.90113e-18)
(0.849031 -0.472544 9.46595e-18)
(1.37823 -0.372479 3.65943e-18)
(0.229104 -0.524623 1.52546e-20)
(0.288779 -1.04789 7.62314e-18)
(0.450638 -0.457148 -5.54522e-19)
(1.05651 -1.08958 1.12652e-17)
(-0.449405 -1.00061 1.20115e-17)
(0.432175 -1.13493 4.05772e-18)
(0.536679 -0.42383 1.72906e-19)
(0.545792 -1.33499 1.16891e-17)
(-0.418668 -0.302314 1.32409e-17)
(1.36838 -0.24958 1.52251e-18)
(0.23841 -0.916047 7.87218e-18)
(0.742785 -0.864737 -3.47368e-19)
(0.0243986 0.0494669 1.62225e-18)
(0.202683 -0.878212 -1.50562e-19)
(0.251321 -0.640652 -3.24356e-19)
(0.711103 -0.183215 2.73733e-19)
(0.674482 -1.26787 1.16156e-17)
(1.25734 -0.180177 1.13764e-18)
(0.124409 -0.338645 3.14132e-18)
(0.637747 -0.983799 2.37576e-18)
(-0.461696 -0.421048 1.24778e-17)
(1.27998 -0.371689 5.64666e-18)
(0.424256 -1.31714 5.82336e-18)
(-0.559677 -0.50939 1.16708e-17)
(0.841278 -0.537866 1.23799e-17)
(0.445901 -0.381203 3.36236e-19)
(0.578713 -1.04519 5.32705e-18)
(0.33654 -1.4202 9.95761e-18)
(0.440984 -0.478541 1.01185e-18)
(0.985849 -0.635038 1.36204e-17)
(-0.0742021 -0.118518 4.7077e-19)
(0.426032 -0.572332 1.39771e-17)
(0.213839 -0.833959 -1.46195e-19)
(0.123478 -0.561237 1.41968e-17)
(-0.0521642 -0.556629 1.46444e-17)
(0.419285 -1.36888 1.40164e-17)
(1.14623 -0.800515 1.08988e-17)
(-0.417436 -0.475798 5.36967e-18)
(-0.369079 -1.11538 1.00741e-17)
(0.635651 -1.29803 1.17251e-17)
(-0.320023 -1.01115 9.96638e-18)
(0.350542 -0.569878 1.38761e-17)
(0.48709 -1.02642 1.10673e-17)
(0.50012 -0.595246 7.17013e-18)
(-0.126573 -0.568044 1.4317e-17)
(0.705303 0.275199 6.84106e-18)
(1.29331 -0.220274 1.51903e-18)
(0.586741 -1.05868 1.74809e-18)
(-0.19935 -0.566342 1.3152e-17)
(0.771719 -0.105566 4.22094e-18)
(0.208771 -0.50968 -7.42231e-19)
(1.20681 -0.921096 1.03437e-17)
(0.420124 -1.37958 6.21488e-18)
(0.326509 -1.31273 6.93881e-18)
(0.847457 -0.949619 1.85551e-19)
(0.136926 -0.401981 7.84928e-19)
(0.216561 -0.74958 -3.03675e-19)
(-0.274168 -0.551457 1.26188e-17)
(-0.00485723 -0.349231 3.02732e-18)
(1.00501 -1.16951 9.6767e-18)
(-0.525897 -0.472416 1.2099e-17)
(0.332727 -1.33678 1.0466e-17)
(0.318873 -1.3946 1.20049e-17)
(0.540648 -1.15066 1.13346e-17)
(0.216285 -0.595003 -3.92366e-19)
(0.726119 -0.514288 1.29893e-18)
(0.574473 -0.477944 -5.37264e-20)
(-0.410152 -1.06363 1.06204e-17)
(0.212477 -0.718488 -3.36566e-19)
(1.2777 -0.218179 1.21196e-18)
(-0.497002 -0.753842 1.26478e-17)
(0.936937 -0.95187 -2.59204e-20)
(0.547429 -1.20772 3.79361e-18)
(-0.056097 -0.955754 8.45528e-19)
(-0.134289 -0.946323 2.08507e-18)
(-0.45677 -0.338835 1.37655e-17)
(-0.432481 -0.376146 1.36953e-17)
(0.817649 -1.30209 1.04694e-17)
(1.13558 -0.108297 4.11322e-18)
(-0.459792 -0.451271 1.06052e-17)
(0.0213597 -0.104474 1.45234e-19)
(0.0758986 -0.92579 -1.48307e-19)
(0.777565 -1.00005 2.30896e-19)
(0.326828 0.0688586 -4.07758e-19)
(0.842181 -0.0444846 7.2412e-18)
(0.71025 -0.267211 6.20876e-19)
(0.807592 -0.679047 9.9072e-18)
(0.881659 0.235547 4.48511e-18)
(-0.296653 -0.993184 7.40425e-18)
(0.537326 -1.27516 4.5671e-18)
(0.166475 -0.492264 5.77379e-19)
(0.500633 -1.22526 8.54378e-18)
(0.646843 -1.15571 1.11717e-17)
(0.194795 -0.6642 -4.23813e-19)
(0.46557 -0.265648 1.756e-18)
(0.500339 -0.614865 9.57959e-18)
(0.154518 -0.792154 4.91041e-18)
(0.841381 -0.984533 -4.59697e-18)
(0.361985 -0.578308 1.08033e-17)
(-0.0561656 -0.548315 1.47133e-17)
(0.903178 -0.815934 9.13431e-18)
(0.106115 -0.892615 -1.4199e-19)
(0.327892 -1.33537 7.74965e-18)
(0.568023 -0.681219 9.27525e-18)
(0.916626 -0.997097 4.82029e-20)
(-0.141185 -0.553794 1.2526e-17)
(0.03525 -0.111888 -1.65252e-19)
(1.0182 -0.919942 8.21667e-18)
(1.21636 -0.341374 7.63511e-18)
(-0.268089 -0.518136 1.12313e-17)
(0.616016 0.237259 2.01641e-18)
(-0.322639 -1.04884 8.50138e-18)
(-0.040347 -0.0427554 2.06735e-17)
(0.139437 -0.480979 1.19442e-18)
(-0.515678 -0.444249 1.36589e-17)
(0.199384 -0.57832 -1.41463e-19)
(0.701179 -1.12145 2.2365e-18)
(-0.520783 -0.63079 1.25955e-17)
(-0.12258 -0.00441391 4.66801e-18)
(-0.0183156 0.159348 7.53624e-18)
(1.00817 -0.935939 8.33093e-19)
(0.27865 -1.00916 8.58888e-18)
(0.144746 -0.811748 -1.39994e-19)
(-0.314669 -0.517252 1.09771e-17)
(0.498029 -1.39878 6.63272e-18)
(0.0423186 -0.129862 2.7044e-18)
(0.542157 -1.0124 1.11782e-17)
(-0.497283 -0.358394 1.35046e-17)
(1.01586 -1.02144 7.93368e-18)
(-0.549131 -0.390921 1.13768e-17)
(0.215509 -0.582563 1.21218e-17)
(-0.521293 -0.356097 1.32507e-17)
(0.447851 0.166501 8.35598e-19)
(0.907534 -1.00745 -5.1608e-19)
(-0.625164 -0.548557 7.8311e-18)
(0.182876 -0.644597 -1.51579e-19)
(0.578297 -0.0296844 -8.94626e-19)
(0.777875 -0.314959 1.90756e-20)
(-0.158456 -0.678771 3.70732e-18)
(0.263866 -1.23052 8.11758e-18)
(0.67342 -1.19089 2.57078e-18)
(0.371419 -1.09162 1.17785e-17)
(0.153281 -0.781845 -2.84436e-19)
(0.806521 -0.99467 9.43064e-18)
(-0.711099 -0.298756 5.17461e-18)
(1.23218 -0.263919 4.21206e-18)
(0.0958821 -0.0972992 1.68122e-18)
(0.134567 -0.0806443 4.17986e-18)
(1.23377 -0.246742 2.37267e-18)
(0.101371 -0.25647 2.23693e-18)
(0.864922 -1.06649 1.18661e-18)
(0.189839 -0.149754 1.93578e-19)
(-0.535169 -0.445688 1.36504e-17)
(0.0905471 -0.330936 2.55901e-18)
(-0.709373 -0.498705 6.11355e-18)
(-0.250195 -0.955731 8.56247e-18)
(0.15612 -0.7246 -4.43645e-19)
(0.750845 -0.852833 9.77801e-18)
(0.648344 -1.2621 3.25665e-18)
(0.552831 -0.73554 7.45852e-18)
(0.237125 -1.17314 9.04512e-18)
(0.847167 -1.07055 -7.71534e-20)
(0.303406 -0.613844 7.03273e-18)
(-0.53988 -0.495157 1.31841e-17)
(0.458693 -0.625186 6.6962e-18)
(-0.0292874 -0.145567 1.21605e-18)
(-0.486247 -0.507589 5.2603e-18)
(0.193238 -0.850229 5.76714e-18)
(-0.0649253 -0.913101 3.06932e-20)
(0.284754 -1.13478 5.68629e-18)
(0.662175 -0.788248 7.20398e-18)
(0.808814 -1.12584 1.37532e-18)
(-0.200769 -0.418073 1.04061e-17)
(0.234739 0.137481 -5.19848e-19)
(0.164009 -0.557661 -5.17835e-19)
(0.897855 -0.100093 6.62134e-18)
(0.0196186 -0.387176 1.22865e-17)
(1.11734 -0.701316 6.0355e-19)
(0.0948458 -0.396331 2.31206e-18)
(-0.418415 -0.846887 1.26515e-17)
(0.2062 -0.584916 7.82673e-18)
(-0.266881 -0.8569 3.2527e-18)
(-0.132709 0.130719 5.31857e-20)
(0.640995 -1.35381 2.69339e-18)
(0.684771 1.19018 -7.07349e-19)
(-0.211657 -0.877592 1.80811e-18)
(-0.441508 -0.357197 7.31768e-18)
(0.490758 -0.887822 1.17216e-17)
(0.153127 -0.70441 -6.0834e-19)
(-0.0198992 -0.903433 -1.32222e-19)
(0.593492 -0.367823 -3.04643e-18)
(0.112013 -0.507736 8.33752e-18)
(1.08701 1.36872 1.3632e-18)
(0.568309 -0.596915 1.21473e-18)
(0.281297 -1.07096 8.40331e-18)
(0.765744 -0.760259 7.86964e-18)
(0.227664 -0.181966 6.30409e-18)
(0.154481 -0.617443 -4.6928e-19)
(-0.366892 -1.04585 9.06337e-18)
(0.2273 -0.0566037 1.45959e-18)
(-0.551752 -0.494201 1.32064e-17)
(-0.771783 -0.413652 5.04753e-18)
(0.191079 -1.00691 9.19672e-18)
(0.0842603 -0.43929 1.24802e-18)
(0.0543702 -0.849557 -4.01999e-20)
(-0.218892 -0.0124517 6.47836e-18)
(0.30759 0.0318445 1.79424e-19)
(1.0227 1.03332 5.05877e-18)
(0.758152 -1.18668 2.06757e-18)
(-0.647248 -0.332969 1.1792e-17)
(0.905285 -1.07248 -1.91526e-19)
(0.739601 -0.702879 8.2774e-18)
(0.349661 -1.42378 7.5226e-18)
(0.262551 1.10553 7.25406e-20)
(1.10342 -0.184421 4.42299e-18)
(-0.298013 -0.933232 6.2685e-18)
(0.895031 -1.11528 -3.96466e-19)
(-0.966286 -0.346703 5.65634e-18)
(0.0743752 -0.824792 -9.57305e-20)
(0.256689 -0.815766 1.0766e-17)
(-0.825018 -0.370535 9.68564e-18)
(-0.85459 -0.345753 4.9901e-18)
(0.733401 -1.19549 2.74283e-18)
(-0.518966 -0.647039 1.28824e-17)
(0.137127 -0.673587 -7.45789e-19)
(0.466241 0.476896 6.99639e-18)
(0.170154 -0.506434 6.94995e-18)
(0.640871 -0.550369 1.23582e-17)
(0.187766 -0.533748 7.05271e-18)
(0.144987 -0.549538 -2.2401e-19)
(-0.833848 -0.302464 9.14355e-18)
(0.102313 -0.771691 -3.04135e-19)
(0.127598 0.535292 -1.42834e-18)
(0.774388 -0.405711 -3.08284e-19)
(0.701928 -0.411444 1.24535e-18)
(0.0343038 -0.521833 6.98516e-18)
(0.380364 -0.497618 7.49908e-18)
(0.428135 0.23854 -1.62039e-18)
(0.484833 1.44653 -4.35953e-18)
(-0.0871099 -0.538438 6.96797e-18)
(0.509148 -0.491713 1.35527e-17)
(-0.635474 -0.452034 1.30892e-17)
(0.866516 1.78123 -1.10694e-18)
(0.895682 -0.189897 7.42224e-18)
(-1.19162 -0.317822 1.37813e-18)
(0.857019 -1.16468 1.14589e-18)
(0.139252 -0.609179 1.50706e-19)
(-0.565593 -0.586354 1.29016e-17)
(-0.55654 -0.388381 3.93453e-18)
(0.299201 1.35981 -1.23162e-19)
(0.210488 -0.75019 4.9964e-18)
(0.814752 -1.07438 -7.78433e-19)
(0.0968675 -0.531614 7.71339e-19)
(-0.863407 -0.297007 8.55778e-18)
(-0.287349 -0.983495 6.81081e-18)
(-0.708749 -0.372134 2.5713e-18)
(0.0768355 -0.318418 3.09801e-18)
(0.205202 1.02447 2.00748e-19)
(-0.897926 -0.264998 1.90992e-18)
(0.87682 -1.15246 -3.30881e-19)
(0.415095 -0.44388 7.90348e-18)
(0.824355 -1.18759 1.60313e-18)
(0.884083 -1.51574 -7.63028e-19)
(0.107827 -0.752914 -1.0511e-18)
(1.07991 1.99059 1.02147e-18)
(0.429718 0.792616 1.03025e-18)
(0.697332 -0.0547405 7.95611e-18)
(0.186171 -0.528225 8.93694e-18)
(0.0787554 -0.288348 2.4725e-18)
(0.126418 -0.66468 -1.51052e-18)
(0.605598 -0.30415 1.95637e-18)
(0.0159619 -0.0153274 5.83868e-19)
(-0.228307 -0.478084 4.16936e-18)
(-0.13135 -0.50835 2.67164e-18)
(1.02006 1.86848 3.4945e-18)
(-0.746197 -0.389262 1.15128e-17)
(0.070677 -0.386872 2.20012e-18)
(-0.927439 -0.150486 5.27642e-18)
(0.5057 -0.293345 1.16395e-17)
(-1.05233 -0.225371 9.94337e-19)
(0.842524 -0.472662 4.16329e-19)
(-1.24232 -0.275573 1.11323e-18)
(-1.06888 -0.287647 4.61533e-18)
(0.199958 -0.161033 9.46767e-18)
(0.106784 -0.717134 -9.19064e-19)
(0.0268286 -0.304593 1.70907e-17)
(-0.225251 -0.919529 4.22399e-18)
(-0.17673 -0.847823 3.13013e-19)
(-0.132817 -0.861227 -2.47895e-21)
(-0.0402494 -0.85402 -5.28187e-20)
(-0.632789 -0.509411 1.17463e-17)
(0.137082 1.43304 9.74033e-21)
(-0.407896 -0.836356 1.37018e-17)
(0.795455 -1.17562 2.56899e-18)
(0.0849214 -0.432592 1.31872e-18)
(0.542146 1.10788 1.52261e-17)
(1.14846 -1.10719 1.6884e-18)
(-0.0255882 -0.306795 7.44418e-18)
(0.486552 -0.120958 1.37387e-17)
(-0.242882 -0.781772 1.42729e-18)
(0.877016 -1.16896 -1.38959e-19)
(-0.158508 -0.338768 7.11345e-18)
(-0.241419 -0.799839 2.25954e-18)
(-0.160712 -0.26394 7.31693e-18)
(0.135844 -0.227159 4.36504e-18)
(-0.0126994 -0.838228 7.11849e-21)
(0.133267 0.09743 -2.86334e-17)
(0.844771 -1.13213 -7.01442e-19)
(-1.3156 -0.230305 7.97666e-19)
(0.873079 -1.19844 -4.46454e-19)
(-0.0221141 -0.13934 7.87976e-18)
(0.375843 0.720483 2.91898e-18)
(0.103499 -0.597904 -1.92455e-20)
(0.0529662 -0.491387 1.60776e-18)
(-0.505841 -0.744313 1.21596e-17)
(0.196307 0.152881 1.02583e-17)
(0.0840083 -0.136653 -6.28842e-19)
(0.0356803 -0.799588 -6.52647e-20)
(0.843921 -1.25081 3.68393e-18)
(0.103184 -0.710297 -8.89377e-19)
(1.00019 -0.244081 6.88143e-18)
(0.714982 -0.321354 9.7731e-18)
(-0.425394 -0.317144 5.75585e-18)
(-0.0464649 0.339184 9.0887e-18)
(-0.704075 -0.485636 1.17807e-17)
(0.109921 -0.0473718 8.75205e-18)
(0.552208 2.00927 -9.87771e-19)
(-1.0344 -0.277125 2.47751e-18)
(0.207547 -0.901316 4.12903e-18)
(-1.13891 -0.233288 5.62004e-18)
(0.827794 2.29681 -8.91015e-19)
(-0.483265 -0.381799 5.43905e-18)
(-1.40166 -0.211009 2.88991e-20)
(0.0997142 -0.654824 -1.81546e-19)
(0.460094 -0.29579 -6.22206e-18)
(0.0500605 -0.784978 -2.63857e-19)
(0.876904 -0.465161 -3.58267e-18)
(1.6322 -0.795087 1.21376e-18)
(-0.787936 -0.342469 4.05928e-18)
(-0.103737 0.532774 9.23066e-18)
(-1.13552 -0.253464 6.22489e-19)
(0.838004 -1.16609 1.20385e-18)
(-0.645621 -0.607132 1.24925e-17)
(0.222298 1.94366 7.80376e-19)
(0.126218 0.272948 9.2211e-18)
(0.0305939 -0.527136 1.62005e-18)
(0.976312 2.61269 3.87111e-19)
(-1.29136 -0.20171 2.15504e-18)
(0.00689756 -0.271104 9.49448e-18)
(0.227276 1.29593 8.08588e-19)
(-0.0717265 0.19647 7.98493e-18)
(0.808893 -1.1245 1.48485e-18)
(-1.04451 -0.429904 7.65391e-18)
(0.0193318 -0.183302 2.11796e-19)
(0.0717188 -0.754852 -6.80839e-19)
(0.994873 2.88791 2.01923e-18)
(1.2459 -0.70366 2.84841e-18)
(0.846502 -1.22014 5.99768e-19)
(-1.38179 -0.192045 9.51689e-19)
(-0.163386 -0.899023 3.09997e-18)
(0.0982661 0.67459 9.70844e-18)
(-0.370408 -0.0130817 7.30417e-18)
(0.85678 -1.21899 1.09141e-18)
(0.0903572 -0.704921 -7.44719e-19)
(0.835594 3.00918 6.68607e-18)
(0.0824677 -0.580346 2.1914e-19)
(-0.394025 0.117393 7.31065e-18)
(-0.381436 -0.860741 9.17176e-18)
(0.135766 -0.0659475 4.17755e-18)
(-1.28786 0.0783565 3.76287e-18)
(-0.57785 -0.0296946 6.71367e-18)
(-1.3971 -0.163463 6.77118e-19)
(0.0566122 -0.304747 1.19381e-17)
(-0.701303 -0.554557 1.12013e-17)
(-0.6407 -0.0643261 6.38505e-18)
(0.160723 1.98021 2.42243e-20)
(0.367375 3.00134 4.73482e-18)
(-0.285038 0.31616 8.07703e-18)
(-1.50051 -0.167152 -2.19374e-20)
(-0.0761433 1.18644 8.60425e-18)
(0.00523256 -0.0888194 2.81048e-19)
(0.0921031 -0.0378882 7.19042e-19)
(0.633164 2.34888 -5.13726e-19)
(0.447835 -1.10642 1.10499e-17)
(-1.48957 -0.157348 -7.77916e-19)
(0.0705891 -0.747998 -1.03903e-18)
(0.0608033 2.89089 7.16318e-18)
(0.795918 2.6333 -8.65795e-19)
(0.0822203 -0.645386 -8.59436e-20)
(0.369863 2.08844 9.79864e-19)
(-1.29505 -0.18046 1.91552e-18)
(-1.25679 -0.201875 2.89053e-18)
(1.04995 -0.980176 4.50506e-18)
(-0.280481 0.590243 7.93051e-18)
(0.863761 -1.20282 -2.33035e-18)
(0.260771 2.03222 8.69273e-19)
(-1.22454 -0.285442 4.95474e-18)
(0.854057 3.03544 4.38089e-19)
(0.251319 -0.954677 5.54173e-18)
(-0.624239 -0.721328 1.01264e-17)
(0.807419 -0.560926 -5.25735e-19)
(-0.1196 -0.823482 -4.01883e-20)
(0.00218046 -0.0925294 2.84355e-20)
(-0.1167 2.80776 8.74562e-18)
(0.859971 -1.16988 -1.72648e-18)
(-0.916714 -0.52285 7.60427e-18)
(-1.16359 -0.15406 3.73909e-18)
(-0.090248 -0.82017 1.21379e-20)
(-0.0303251 -0.805105 1.18694e-19)
(-1.23745 -0.201272 3.65289e-18)
(-0.873881 -0.123192 5.78152e-18)
(0.770218 3.37294 1.55109e-18)
(-0.199112 1.18476 8.04826e-18)
(-0.210812 -0.778597 2.3799e-20)
(-0.36605 -0.842769 2.82353e-18)
(-0.18533 -0.794976 -1.12273e-19)
(0.544885 0.829369 8.60783e-20)
(0.0769573 -0.703077 1.23009e-20)
(0.0719286 -0.741314 -6.42205e-19)
(-1.44502 -0.166509 1.49504e-18)
(0.530168 3.64109 3.6413e-18)
(-1.58147 -0.160907 -1.09583e-19)
(0.506904 -0.118017 1.22995e-18)
(0.24643 0.103816 -1.10649e-18)
(0.0070942 -0.206152 -8.61912e-19)
(0.15391 2.10791 1.33835e-18)
(-0.0119229 -0.796534 5.62721e-19)
(-1.45442 -0.1412 -2.16882e-19)
(1.30939 -0.917844 2.75882e-18)
(1.05285 -1.17113 5.45249e-18)
(0.202644 3.55334 3.39154e-18)
(0.870055 -0.629036 -2.50253e-19)
(0.0202788 -0.148661 2.01473e-18)
(-0.302453 1.5917 8.06776e-18)
(0.264479 1.97988 5.75844e-19)
(-0.680914 -0.664998 1.0217e-17)
(0.826417 -0.742994 9.22552e-18)
(-1.54032 -0.140359 -4.7813e-19)
(-1.06769 -0.449024 6.30024e-18)
(-0.764068 0.629696 6.81524e-18)
(0.0183804 -0.776414 -4.09518e-19)
(-0.920129 0.28171 6.31641e-18)
(-0.869665 0.449109 6.25004e-18)
(-1.52997 -0.181545 1.73579e-18)
(-0.0698095 3.42803 7.2531e-18)
(-0.186908 -0.76062 -4.89536e-19)
(0.829849 -0.970288 3.4093e-18)
(-0.233201 2.98588 7.95467e-18)
(0.447776 -0.470455 -6.53475e-20)
(1.22087 -0.57205 5.83608e-19)
(-0.750162 0.85277 6.7424e-18)
(-0.191751 -0.818404 -1.00191e-19)
(-1.60862 -0.144823 -3.02897e-19)
(0.54536 2.56034 1.25741e-19)
(-1.10075 0.163184 5.64489e-18)
(0.199756 2.11773 -2.26497e-19)
(0.628911 2.83208 -2.77564e-19)
(0.0904003 -0.0921101 7.65928e-19)
(0.789911 -0.79897 3.57293e-18)
(0.0652383 -0.747936 -8.7259e-19)
(-0.507338 -0.799132 6.09269e-18)
(-0.629876 1.61729 6.59835e-18)
(0.0329924 -0.767236 2.14278e-19)
(0.889306 -1.14788 5.09789e-19)
(-0.847434 -0.624201 7.21801e-18)
(0.899305 -1.13552 -1.88437e-20)
(-0.220192 3.37689 6.92994e-18)
(0.634542 3.17377 -1.00209e-18)
(-1.14548 0.0962076 5.47914e-18)
(-1.62559 -0.144354 -1.22423e-20)
(2.5375 -0.999654 1.70653e-18)
(-1.31537 -0.286083 2.72768e-18)
(0.512066 3.4749 1.16143e-18)
(-0.620056 1.94405 6.49244e-18)
(0.0384847 -0.364471 2.97034e-18)
(-1.53854 -0.0435775 2.7104e-18)
(0.259245 3.65765 1.14266e-18)
(-0.0796742 0.102366 2.13495e-17)
(0.521388 1.87336 7.54826e-19)
(0.395467 2.33118 5.6361e-19)
(0.0643137 -0.783156 -6.95109e-19)
(-1.35996 0.00839432 3.70873e-18)
(-0.971524 -0.53114 6.70655e-18)
(-1.5173 0.346749 1.88812e-18)
(0.0266516 3.68462 1.42583e-18)
(-1.38059 -0.166343 1.31427e-18)
(0.0362097 -0.434369 2.58049e-18)
(0.0464825 -0.300134 2.80144e-18)
(-0.521213 3.07997 6.68215e-18)
(-1.5986 -0.0847838 2.15145e-18)
(-0.627189 -0.736046 7.91571e-18)
(0.475476 -0.416615 -2.14418e-19)
(-1.64587 -0.129886 -3.29841e-20)
(0.882715 -0.995092 -5.26232e-18)
(0.495454 2.76631 1.69639e-19)
(-0.136008 3.63692 2.12678e-18)
(0.219806 2.2181 3.36927e-19)
(0.0249186 -0.4426 2.08085e-18)
(-1.20935 1.02216 4.95479e-18)
(-0.084684 -0.0611168 -7.08517e-18)
(0.185194 2.22389 3.24896e-19)
(-1.34195 0.718779 4.81854e-18)
(-1.47064 -0.115248 2.5449e-20)
(-1.19146 1.22377 4.78623e-18)
(0.910683 -0.73825 1.20528e-18)
(-1.53126 -0.107523 -4.49551e-19)
(0.38991 0.11473 -3.50363e-18)
(0.268429 0.0906158 -1.58051e-18)
(1.29362 -0.564718 1.14197e-18)
(0.592779 1.06076 5.76653e-19)
(-0.420064 3.35756 5.91528e-18)
(-0.164297 -0.776616 -4.46013e-20)
(0.536021 3.06492 -7.14762e-20)
(-1.05613 1.87446 4.81733e-18)
(-1.371 0.597925 4.79511e-18)
(0.4109 2.08599 5.17338e-19)
(-1.20891 -0.379356 3.77561e-18)
(-0.139941 -0.779407 -3.79044e-20)
(-0.0856612 -0.787442 1.67504e-19)
(0.0383812 -0.28343 1.11922e-17)
(-1.68808 -0.0993849 5.4649e-19)
(0.481589 3.35378 -5.6669e-19)
(0.0133788 -0.487558 1.77404e-18)
(0.0532238 -0.794863 -9.71223e-19)
(-1.40097 -0.202535 1.28918e-18)
(-1.57953 -0.114004 -2.68349e-20)
(-0.77224 -0.720451 6.56098e-18)
(0.347228 3.59841 5.95536e-19)
(0.409442 2.52919 4.63886e-19)
(-0.986639 2.15805 4.78106e-18)
(-0.0648925 -0.785283 1.07922e-19)
(-0.0240063 -0.783304 -9.6565e-20)
(1.43773 -0.900503 2.9865e-18)
(0.140785 3.68595 5.09567e-19)
(-1.29753 -0.322602 2.33717e-18)
(0.367989 0.0720023 2.10287e-19)
(1.87583 -0.937362 6.36605e-18)
(0.24642 2.22771 3.14665e-19)
(-0.284303 3.58092 1.98183e-18)
(0.042321 -0.596519 2.08781e-19)
(-0.828223 3.07102 4.96427e-18)
(-0.0703369 3.68055 6.25246e-19)
(0.0889068 -0.239253 2.37195e-18)
(-0.00534221 0.0691145 1.83784e-17)
(-1.69121 -0.114457 4.88648e-19)
(-0.0168958 -0.782811 -9.32962e-19)
(-0.860202 -0.638732 5.44848e-18)
(-1.44816 -0.128561 -5.76788e-20)
(-0.499662 -0.794259 3.34923e-18)
(-0.194298 -0.758121 -6.41435e-19)
(0.868458 0.448723 1.78099e-18)
(-1.62802 -0.113974 -2.98255e-20)
(0.0334672 -0.163883 8.13196e-19)
(-1.64831 0.201681 2.96697e-18)
(-1.49788 0.416936 3.15917e-18)
(0.868361 -0.113548 7.75295e-19)
(0.0457595 -0.678845 7.40706e-20)
(-0.666216 3.28565 4.61176e-18)
(0.0056669 0.000740097 2.22013e-17)
(1.09658 -0.758209 -1.55284e-18)
(-1.68821 0.113092 2.55118e-18)
(-0.00679567 -0.757659 -1.99063e-19)
(-0.170006 3.64574 8.70152e-19)
(-0.215051 -0.764782 -7.87182e-19)
(0.262233 2.31577 3.35216e-19)
(0.173264 2.25321 1.03437e-19)
(1.05004 -0.536789 -4.68126e-18)
(1.17888 -0.644684 4.65287e-18)
(-1.46763 -0.112806 -4.46354e-20)
(-1.75264 0.03714 1.23012e-18)
(-0.00110959 -0.0659194 3.00544e-19)
(0.501832 -0.11636 1.04294e-18)
(-1.5405 -0.0835982 -6.84658e-19)
(-1.57343 -0.0952626 -1.00817e-18)
(0.205882 2.22962 6.04541e-20)
(-1.09302 -0.476449 3.9632e-18)
(0.231427 2.25745 3.05485e-19)
(-1.7019 0.536796 2.46611e-18)
(0.347828 2.87092 1.57163e-19)
(3.51688 -0.620734 1.42192e-18)
(-0.458293 3.45796 1.58519e-18)
(-1.55211 1.20556 3.44826e-18)
(-1.38753 1.96069 3.05866e-18)
(0.0444393 -0.75091 -1.23655e-20)
(0.341574 3.12352 4.21123e-20)
(-1.48376 1.36588 3.33604e-18)
(0.0175511 -0.0543902 3.92655e-19)
(0.0210561 0.0335404 2.22324e-18)
(-1.41836 -0.204987 6.3953e-19)
(0.182045 -0.110368 5.30464e-19)
(-1.27137 2.19024 3.08803e-18)
(0.275649 3.34871 -3.01774e-20)
(0.425117 2.17291 1.15765e-18)
(-1.60902 -0.101634 6.16063e-19)
(-0.711879 -0.698266 4.63788e-18)
(-1.7566 -0.00337622 -1.36384e-19)
(0.306425 2.65091 2.86797e-19)
(-1.67274 -0.0910882 2.22113e-19)
(0.166693 3.51822 2.3447e-19)
(-1.08094 2.92673 3.10559e-18)
(0.091988 -0.114125 -9.6011e-19)
(0.0457921 -0.789988 3.91607e-19)
(-1.4634 -0.115465 -5.78051e-19)
(0.0513404 3.60069 2.70611e-19)
(-0.373907 -0.797578 -2.17807e-20)
(0.974723 0.145268 9.50305e-19)
(-1.19744 -0.400799 3.01112e-18)
(0.12262 -0.303468 1.04589e-17)
(0.0233995 -0.194433 -3.04426e-19)
(-1.3324 -0.294432 1.18028e-18)
(-0.326852 3.52291 8.55609e-19)
(-0.124338 -0.754086 -8.31674e-20)
(-0.0110152 -0.0565086 7.69669e-19)
(0.0197554 0.00996679 2.17778e-18)
(-1.62135 0.865064 3.30836e-18)
(-0.899493 3.09712 3.04729e-18)
(-0.0629865 3.59689 2.92313e-19)
(0.033122 -0.178197 5.97707e-19)
(-0.77209 -0.677059 4.56805e-18)
(0.825971 0.838801 2.47799e-18)
(0.346636 2.18439 8.55549e-19)
(0.125049 0.154535 -2.62531e-18)
(0.0351267 -0.812171 -2.36107e-19)
(-0.103889 -0.755783 6.57297e-19)
(-0.643562 3.25205 1.13203e-18)
(-1.67683 0.750584 3.66843e-18)
(-0.169356 -0.742602 -5.96017e-20)
(-1.45654 -0.142793 4.77904e-20)
(-1.47959 -0.0920981 -3.36446e-20)
(-1.38541 -0.235454 5.48466e-19)
(0.229422 2.45775 3.63001e-19)
(-1.64706 -0.0860265 1.45285e-19)
(0.245677 2.89398 2.19643e-19)
(-0.303252 -0.790055 -1.76352e-18)
(-1.51121 -0.0774558 -3.53248e-19)
(-1.72763 -0.037573 4.4443e-19)
(2.0009 -0.164758 6.03513e-19)
(2.29832 -0.407657 1.23317e-18)
(-0.951695 -0.577194 3.13689e-18)
(-0.175634 3.53521 3.57406e-19)
(-1.80065 0.251294 1.46378e-18)
(0.268165 3.13685 1.1718e-19)
(-0.0963963 -0.176367 4.5938e-18)
(-1.74674 0.464452 2.41919e-18)
(0.242249 3.3651 7.58388e-20)
(-1.49787 -0.0730294 3.34807e-19)
(0.179175 3.55033 8.54115e-20)
(-1.57055 -0.0757717 -4.04517e-19)
(-0.121933 0.00313855 1.08424e-19)
(-0.0613755 -0.768651 -1.41195e-19)
(0.0152875 -0.0774256 3.21231e-19)
(0.246562 -0.0752277 8.78515e-20)
(-1.80617 0.181612 1.80751e-18)
(-1.54152 -0.0689905 -4.07852e-19)
(0.0842657 3.65644 1.98003e-19)
(1.86347 -0.185869 1.02644e-18)
(0.0271327 -0.0838411 4.16196e-19)
(-0.486291 3.34352 7.41086e-19)
(0.67264 2.0465 7.33525e-19)
(0.15595 2.27315 2.72578e-20)
(-0.0194882 3.68727 2.21153e-19)
(0.205406 2.69444 2.41073e-19)
(-0.198323 -0.742001 -2.1331e-19)
(-1.54427 1.85138 1.81939e-18)
(-0.0463246 -0.774686 3.34984e-19)
(1.41936 0.327674 -3.97905e-18)
(0.195536 2.20882 3.73575e-19)
(-0.0182516 -0.796264 -4.80421e-19)
(-1.23747 2.65192 1.62542e-18)
(-1.0629 -0.496948 2.61924e-18)
(-1.43155 2.04315 1.80624e-18)
(0.164141 2.34219 1.11347e-19)
(1.30468 0.920264 -1.81598e-18)
(0.0374667 -0.136024 -3.25952e-18)
(-1.60345 -0.071548 -1.44239e-19)
(-1.46427 -0.0921476 6.15764e-20)
(4.36894 -0.333663 2.61461e-18)
(-1.53312 -0.0536209 -3.94355e-19)
(0.0327499 -0.876627 -2.47929e-19)
(-1.62874 1.3442 2.1929e-18)
(-1.23726 -0.367858 1.47214e-18)
(-1.77111 0.074986 5.1399e-19)
(-1.06134 2.81213 1.6826e-18)
(-1.50539 -0.0443358 -1.44197e-19)
(-0.095371 3.64607 2.892e-19)
(-1.55398 -0.0652876 -2.94738e-19)
(0.113497 -0.0924999 -2.75631e-19)
(-1.69603 -0.0484397 2.75151e-19)
(0.552647 2.06223 2.12918e-18)
(-1.43658 -0.148833 6.41829e-20)
(-1.2996 -0.304801 9.18146e-19)
(-1.77142 0.75843 2.18099e-18)
(-0.286212 3.41583 3.65885e-19)
(0.0251907 -0.245049 2.0594e-18)
(-1.69296 1.20081 2.22533e-18)
(-0.787117 2.96041 4.42558e-19)
(0.13928 -0.0858386 8.64472e-20)
(-0.61828 -0.721084 1.9776e-18)
(-1.53032 -0.0466085 -2.79046e-19)
(-0.042225 -0.784368 -3.46344e-19)
(-1.58067 -0.0650379 -1.74856e-19)
(0.0180365 -0.298505 1.92311e-18)
(0.148358 2.51352 2.66526e-19)
(-1.37668 -0.211695 2.78891e-19)
(0.452332 -0.29365 4.25601e-19)
(0.00722319 -0.311309 1.70394e-18)
(0.789277 -0.335511 -3.52059e-18)
(-0.628304 3.08073 1.59745e-19)
(-0.134615 -0.720544 -1.22063e-18)
(0.508062 -0.158174 1.17681e-18)
(0.300652 2.10157 8.87975e-19)
(-1.48449 -0.049089 -1.38049e-19)
(-1.74413 0.0438225 3.53134e-19)
(-0.19792 -0.425106 -1.13953e-17)
(-1.459 -0.108842 2.24437e-21)
(-1.55282 -0.0506022 -2.93449e-19)
(-1.523 -0.0268504 -2.66136e-19)
(-0.184159 3.54354 2.68046e-19)
(-1.78075 0.524289 1.48094e-18)
(0.0151642 -0.186114 1.7452e-18)
(-1.48101 -0.0715704 1.64504e-19)
(-0.160765 -0.717077 -1.61514e-19)
(0.149129 2.30066 1.60352e-19)
(-1.63812 -0.0464674 -2.8718e-19)
(-0.697797 -0.678563 2.70412e-18)
(0.11977 2.38793 5.86057e-19)
(-1.80367 0.43904 1.2141e-18)
(-1.73002 0.858797 2.38209e-18)
(0.690807 1.99686 1.53655e-18)
(-0.0904377 -0.739427 1.5573e-20)
(0.869934 1.74508 3.59114e-19)
(-0.830007 -0.610433 2.42801e-18)
(0.0192549 -0.439601 1.05937e-18)
(0.0552133 -0.471663 9.73183e-19)
(0.102914 -0.160073 -4.44358e-19)
(0.16289 2.43065 -1.97949e-19)
(-1.46474 0.0182699 3.73333e-19)
(2.97485 -0.584703 8.36052e-19)
(-1.77482 0.241249 9.24383e-19)
(-1.54311 -0.0403311 -2.05326e-19)
(-0.0423429 -0.295469 1.40943e-20)
(-1.61197 -0.047134 -3.76645e-19)
(-0.389674 3.23286 7.49368e-19)
(-1.41324 -0.165999 1.82526e-19)
(-0.277616 -0.748359 -7.77449e-19)
(-0.2491 -0.275183 -1.6068e-17)
(0.0275283 -0.465779 -3.29792e-20)
(-1.56603 -0.0305226 -1.34441e-19)
(-1.29712 -0.268392 4.41638e-19)
(-0.00751854 -0.821428 -1.16677e-20)
(0.0246479 0.0495316 1.59771e-17)
(0.0366583 0.0327742 1.74476e-17)
(2.30168 0.955967 -2.71424e-19)
(0.0711987 -0.0924008 -4.58514e-19)
(-1.52482 0.0463345 8.93269e-19)
(2.58727 0.456128 -5.83295e-19)
(-1.26838 2.29215 7.13034e-19)
(-1.12065 -0.44333 9.23387e-19)
(-1.45833 1.80284 9.60423e-19)
(-1.57618 -0.0428486 -3.38546e-19)
(-1.19534 -0.375033 1.07912e-18)
(-1.75654 0.185011 5.99446e-19)
(0.00142089 0.0983273 1.61031e-17)
(-1.69602 0.762822 1.1797e-18)
(0.0679729 -0.125655 3.09144e-18)
(0.0388896 -0.0730195 2.55474e-18)
(-0.913825 -0.574022 2.3216e-18)
(-1.34275 -0.218446 3.29101e-19)
(0.0776742 -0.0674107 -1.82468e-19)
(0.0254536 -0.513712 3.06871e-21)
(-1.54563 1.63438 9.71296e-19)
(0.231027 2.18883 4.15503e-19)
(-1.13068 2.44875 7.66901e-19)
(0.129673 3.23146 -1.53061e-19)
(0.457961 1.90632 1.63644e-18)
(0.138071 3.44336 2.23318e-19)
(-1.67311 0.00344293 -3.25638e-19)
(4.69875 0.264764 -4.14278e-18)
(0.0547253 -0.0915658 -1.1042e-19)
(0.0195953 -0.0642369 1.23585e-20)
(0.131257 3.6768 1.08533e-19)
(-0.503745 -0.726685 -2.89774e-19)
(0.152847 -0.0458645 8.75076e-20)
(-1.56377 -0.0389649 -2.48473e-19)
(-0.862079 2.61386 1.31412e-19)
(0.015049 -0.0717991 2.66138e-19)
(0.103375 3.88479 1.46773e-19)
(-1.5748 -0.0324382 2.55063e-20)
(0.0607139 4.03889 2.01039e-19)
(-0.0728797 -0.747935 -7.19747e-19)
(-0.0408982 -0.270919 2.14094e-17)
(0.0122812 4.11438 2.51845e-19)
(-0.273982 3.37463 1.17922e-19)
(-0.0781865 0.203187 2.12318e-17)
(-1.59328 -0.0279649 4.90955e-20)
(-1.51221 -0.0792941 4.6281e-19)
(0.232761 -0.057434 2.45039e-19)
(0.0219605 -0.557576 -1.20592e-19)
(-0.0424023 4.096 2.18561e-19)
(-1.66877 1.07603 1.2794e-18)
(1.44351 1.58511 -3.06371e-18)
(-1.64345 -0.0075128 -4.55834e-19)
(-1.6244 1.20688 1.34655e-18)
(-1.51138 -0.0806556 1.36299e-18)
(-0.72132 2.75928 2.12428e-20)
(-1.42547 -0.1454 5.08632e-19)
(-1.69174 0.0862759 -3.77358e-19)
(0.441935 -1.1185 9.39856e-18)
(-1.71166 0.440279 6.63871e-19)
(0.104487 3.03413 -1.37886e-19)
(-1.47762 -0.108122 -1.58378e-19)
(0.0102248 -0.0603033 3.51598e-20)
(-1.59784 -0.019539 -4.64687e-19)
(-0.119716 -0.70161 -9.02381e-20)
(-1.71504 0.672442 9.30116e-19)
(1.22119 1.85675 -3.22136e-18)
(0.150433 -0.390544 9.55423e-18)
(3.53361 -0.44178 4.67382e-19)
(0.0988378 -0.0604894 -1.207e-19)
(-0.0940243 3.99184 5.97342e-19)
(-0.32448 -0.750933 -8.68083e-19)
(-0.237154 -0.707207 -3.70825e-20)
(-1.70973 0.364273 4.84358e-19)
(-0.468137 2.99055 -6.84321e-19)
(-1.58312 -0.0214202 -3.30823e-19)
(0.349937 1.99531 7.08641e-19)
(-1.5805 -0.025883 6.64846e-20)
(-1.6638 0.0617251 -4.66088e-19)
(0.017501 -0.610188 -6.30999e-20)
(-0.0970496 -0.71203 4.02256e-19)
(-1.19771 -0.326191 5.00722e-19)
(0.687842 1.59654 6.45735e-19)
(-1.57222 0.0321642 2.04764e-18)
(-0.0369639 -0.778647 -2.15393e-19)
(-1.6116 -0.0280502 9.94715e-20)
(-1.35019 -0.182162 5.8676e-19)
(-1.25163 -0.270795 4.475e-19)
(-1.67131 0.200569 -4.56033e-19)
(0.0764609 2.87937 -2.40057e-19)
(-1.55199 0.874406 5.2657e-19)
(-1.2123 1.90401 2.13331e-19)
(0.0744198 2.76527 -2.28037e-19)
(-1.61263 0.0203907 -6.30356e-19)
(-0.58866 -0.695652 6.88812e-19)
(-0.0321026 -0.811977 -1.52458e-19)
(-1.56916 -0.0751838 1.06977e-18)
(-0.186432 -0.678266 4.59438e-19)
(-1.0726 -0.439389 9.24496e-19)
(-0.143607 3.81129 4.3487e-19)
(-1.47609 -0.107549 6.96241e-19)
(-1.44647 1.35315 4.84548e-19)
(-1.10766 2.06476 2.5849e-19)
(0.0932103 2.64311 -7.28901e-19)
(-1.58168 0.613188 4.99541e-19)
(-0.350345 3.14215 4.30358e-19)
(-1.52474 -0.0791569 1.11415e-18)
(-1.65107 0.157617 -5.21526e-19)
(-0.0263022 -0.0420442 8.06405e-20)
(-1.52232 0.999404 6.86116e-19)
(-0.0235727 -0.798454 -7.49748e-19)
(-1.38534 1.50714 5.24092e-19)
(-0.736404 -0.623685 1.21843e-18)
(-1.58771 0.529187 3.53949e-19)
(-1.40039 -0.137528 7.86546e-19)
(0.0526483 -0.0746244 3.11441e-20)
(-0.992675 -0.495681 1.7908e-18)
(0.0527192 -0.0561571 1.58294e-20)
(-0.805488 -0.589671 1.38351e-18)
(0.528199 1.70747 1.51833e-18)
(-1.59676 0.0107919 -4.55319e-19)
(0.154532 -0.0216763 8.45698e-20)
(-1.6011 0.00213767 2.01812e-18)
(-1.68685 -0.0197501 -1.91212e-19)
(-0.00665764 -0.58341 3.83246e-20)
(-0.866422 2.24985 1.11914e-20)
(0.0909988 -0.0331361 -5.41686e-20)
(-1.38978 0.769625 2.00051e-19)
(-1.58679 -0.00879908 1.72751e-19)
(0.0620589 -0.0512681 -1.38511e-20)
(4.04422 0.781608 -4.91492e-18)
(3.86737 -0.255934 -5.56263e-19)
(0.876989 -0.171992 -3.55542e-18)
(-1.59361 0.333074 -1.30263e-20)
(-0.226043 -0.668318 3.28599e-20)
(-0.280346 -0.704625 -1.69696e-19)
(0.0411604 -0.0713089 1.39759e-19)
(-0.132937 -0.666034 7.72019e-19)
(-0.166271 -0.650129 1.10971e-19)
(0.139506 2.48297 -1.777e-18)
(-1.60962 0.077283 -2.27293e-19)
(2.34918 1.21766 -1.52808e-18)
(-1.45947 0.453896 -6.6674e-20)
(-1.30535 1.06251 2.40653e-19)
(-1.61843 -0.0128014 1.58934e-19)
(-1.41023 0.661724 2.17947e-19)
(-0.757977 2.40685 -4.19749e-20)
(1.93166 1.51047 -4.01857e-18)
(-0.0551613 -0.745322 -2.70474e-19)
(-0.188253 3.55351 3.05158e-19)
(-1.58899 0.272625 -1.16812e-18)
(-1.26357 1.20274 -1.20939e-20)
(-0.0743925 -0.703414 -5.7413e-20)
(-1.11059 1.52932 1.8247e-19)
(0.0395027 -0.0559527 9.81867e-20)
(0.0584398 2.24078 -1.34629e-19)
(-1.2546 -0.218696 6.78047e-19)
(0.013286 -0.0563431 1.43119e-19)
(0.0655765 2.37377 -2.22182e-19)
(-1.57548 0.149245 -1.82589e-19)
(0.0783829 2.5315 6.49224e-20)
(-1.47007 0.380905 5.48049e-19)
(-1.0822 -0.374751 3.14448e-19)
(0.0782185 2.68147 8.65461e-20)
(-1.59531 0.0581163 -1.10138e-18)
(-1.74858 -0.0201744 7.86325e-20)
(0.0673704 2.80305 1.23948e-19)
(-1.28399 0.56453 -7.71151e-20)
(-0.103091 -0.64789 -2.10907e-19)
(0.197342 2.21944 -3.23239e-18)
(0.0432758 2.87435 1.62184e-19)
(0.0124182 2.88827 2.10838e-19)
(-1.03498 1.68691 -9.69874e-20)
(0.43753 -1.23848 8.91365e-18)
(-1.31044 0.474548 -7.98889e-20)
(-1.14244 -0.319706 5.25835e-19)
(-0.515572 2.70239 -2.5256e-21)
(-1.18514 0.79927 -4.56427e-19)
(-1.30194 -0.16747 8.62446e-19)
(0.0282027 -0.146491 4.46803e-19)
(0.0294654 -0.304661 1.5105e-17)
(0.00713743 -0.285582 1.51984e-17)
(-0.018157 2.84121 1.45277e-19)
(-0.829111 1.89872 -5.21391e-20)
(-1.58397 0.0172971 -1.11651e-19)
(-1.49938 0.230422 1.22793e-20)
(-1.5235 -0.0752773 1.72013e-18)
(-1.14575 0.923698 2.13667e-19)
(0.0437498 -0.0270598 1.27463e-20)
(-1.70062 -0.0547599 1.91926e-18)
(-1.00588 1.20129 -6.42754e-19)
(-1.38105 0.309543 5.89973e-19)
(-1.60628 -0.0499685 1.84849e-18)
(0.323392 1.88041 -3.57557e-18)
(1.09738 1.767 -1.02574e-18)
(0.0299646 -0.0524476 1.56091e-19)
(-0.0468886 2.74348 3.81324e-19)
(-1.40926 -0.0917269 1.4815e-18)
(-1.56714 0.117642 5.38506e-19)
(3.60005 0.204496 -4.66031e-18)
(-0.0747962 -0.679641 -2.62338e-19)
(-1.07494 0.6847 -7.85152e-20)
(-1.23002 0.389464 2.20683e-19)
(-0.183816 -0.60013 -9.4006e-19)
(-0.947124 1.34907 1.89155e-19)
(0.0344237 2.11611 -1.8201e-19)
(0.0366725 2.02618 -1.99863e-19)
(-1.61712 0.00835303 7.77203e-19)
(-1.50316 0.185375 1.36229e-19)
(0.0546185 1.95269 -4.3127e-19)
(-0.944299 -0.474134 7.06463e-19)
(-0.219707 3.2308 5.66288e-19)
(-1.12232 0.579185 -6.8307e-19)
(-0.400245 2.85994 -6.7891e-20)
(0.0963543 -0.0204297 2.51039e-20)
(-1.36466 -0.014041 1.75379e-18)
(-1.39257 -0.086797 1.67717e-18)
(-1.7668 -0.00950441 1.01981e-19)
(0.888341 1.82651 -9.00097e-19)
(-0.0540345 -0.731357 4.76504e-19)
(-0.870729 -0.519534 5.97225e-19)
(-1.26429 0.3165 1.00146e-18)
(-1.39938 0.251846 5.00208e-19)
(-0.478399 -0.678806 7.32249e-20)
(-0.104186 -0.608951 -5.81201e-19)
(-0.77427 1.58351 -1.3981e-19)
(-0.635 -0.623207 7.21211e-19)
(-0.934073 0.927324 6.15642e-19)
(0.0820125 1.86529 -1.02504e-18)
(-0.529482 -0.598052 3.38216e-19)
(-0.141727 -0.572388 -6.58558e-19)
(-0.745012 2.05921 -5.53661e-20)
(0.401924 0.971382 -3.31567e-19)
(-0.259309 -0.613519 -4.1868e-20)
(-0.0764645 2.58979 3.25594e-19)
(-0.704953 -0.594701 5.49168e-19)
(0.0366771 -0.18678 1.48185e-19)
(0.00389656 -0.0317031 1.41854e-19)
(0.0221978 -0.0388847 2.24281e-19)
(-0.226918 -0.577656 -5.33034e-19)
(-0.875905 1.06117 -1.41917e-19)
(-1.0506 0.481267 3.15874e-19)
(-1.33918 0.182568 1.83718e-19)
(-1.22919 -0.0167612 -4.601e-20)
(-1.44468 0.13661 1.10434e-19)
(0.0484033 -0.0204547 -3.6401e-19)
(2.92407 0.844138 -1.51025e-18)
(-0.0137974 -0.827485 -1.53157e-19)
(-1.10277 0.393831 -1.14378e-19)
(-0.753781 -0.515846 3.07469e-19)
(-0.959445 -0.400261 3.03931e-19)
(-0.723733 1.30832 1.15116e-19)
(-0.308047 -0.597738 3.17264e-20)
(-1.20513 0.233255 2.24374e-19)
(-1.26583 -0.108485 1.55782e-18)
(-0.707222 1.73698 -1.02012e-19)
(-0.00297596 -0.70027 -2.9322e-20)
(0.0354094 -0.698971 -6.85394e-20)
(-0.0383996 -0.771491 -2.97345e-19)
(0.11953 1.73884 -2.44988e-18)
(-1.56382 0.0514695 -4.68667e-20)
(-0.0405707 -0.709115 -1.18499e-19)
(-0.910091 0.694202 -7.69765e-20)
(-0.333873 -0.646063 2.10883e-19)
(-0.526912 2.3947 2.90259e-20)
(-1.01869 -0.352686 3.74426e-19)
(-1.51919 0.0920093 1.6741e-19)
(-1.13814 -0.250227 7.62419e-19)
(0.036128 -0.0398551 -3.09616e-20)
(-0.599872 -0.57544 4.09607e-19)
(-0.104428 2.38239 1.17619e-19)
(0.165292 1.5064 -4.19466e-18)
(-0.843791 0.812869 3.20119e-19)
(-1.01391 -0.0416639 1.21646e-18)
(2.8052 0.494508 -3.15039e-18)
(-0.636287 -0.489169 2.00573e-19)
(-1.26879 0.173475 7.48789e-20)
(-1.39405 0.136285 1.13827e-19)
(-1.10267 0.00616138 1.5266e-18)
(-0.692253 1.06179 8.55802e-20)
(-1.22797 -0.00328477 4.72187e-20)
(-1.76369 0.00332622 4.02782e-20)
(-0.821723 -0.482314 3.7399e-19)
(-0.388223 -0.63706 2.39814e-19)
(-1.15893 -0.0240991 1.41566e-18)
(-0.0576191 -0.622326 -1.43331e-19)
(-0.663449 1.45013 -2.10763e-19)
(-1.07688 -0.0282747 1.38741e-18)
(-0.410919 -0.693537 -1.11382e-20)
(-1.04063 0.29391 6.50946e-20)
(0.0129858 -0.0254584 2.12892e-19)
(-0.841843 0.586119 4.33758e-19)
(-1.18073 -0.195424 9.21936e-19)
(-0.911257 0.482853 5.15344e-19)
(-0.0284449 -0.770874 5.22001e-20)
(-0.513313 2.08653 5.13571e-21)
(-0.49017 -0.541858 4.35725e-19)
(0.152992 1.09511 3.24428e-19)
(0.142402 1.31836 -2.65665e-18)
(-0.702622 -0.461957 2.62104e-19)
(0.036767 -0.034171 -4.5281e-20)
(-1.59979 0.0353294 -5.68798e-19)
(-0.51922 -0.454589 4.14893e-19)
(-0.238981 -0.512642 -1.2142e-18)
(-0.333761 -0.528009 -1.91241e-19)
(-1.11381 0.219858 2.99985e-20)
(-1.49163 0.101342 1.31627e-20)
(-0.924041 -0.0536183 1.27662e-18)
(-0.288373 -0.485087 -4.89385e-19)
(-0.83544 -0.396836 3.44226e-19)
(-0.627485 1.19213 4.77324e-20)
(-0.387926 -0.507118 -3.05228e-19)
(-0.685622 0.824832 3.95694e-19)
(-0.137717 -0.515176 -4.25934e-19)
(0.00229476 -0.0246975 -7.8251e-20)
(0.00727377 -0.0186222 9.22305e-20)
(-0.84069 0.364045 2.14692e-19)
(-0.428273 -0.55935 3.55561e-19)
(-0.183165 -0.475252 -5.66784e-19)
(1.69846 1.20601 -1.89272e-18)
(0.208739 -0.530386 8.99106e-18)
(-1.48615 0.0722337 7.07175e-20)
(-1.23116 0.00438166 1.17485e-19)
(-0.709718 -0.368514 3.50746e-19)
(-1.00478 -0.266616 8.10862e-19)
(-1.33874 0.0941843 6.7379e-20)
(-0.582409 -0.428482 2.93688e-19)
(-0.237885 2.86405 3.12158e-19)
(-0.12615 2.13499 3.17363e-19)
(-0.922424 0.273616 2.08243e-19)
(-0.688802 0.583981 3.35734e-19)
(-0.610398 0.946276 -9.92352e-21)
(-0.489071 1.7895 -7.28651e-20)
(-0.0228067 -0.510115 -1.15784e-19)
(-0.0316016 -0.455801 -5.35594e-20)
(-0.422019 2.54754 6.80098e-20)
(-0.0773047 -0.506405 -3.32149e-19)
(-1.60044 0.0531286 -1.32321e-19)
(-1.15138 0.121051 9.66748e-20)
(-0.605241 0.437879 2.4156e-20)
(1.33869 1.34191 -1.24002e-18)
(-0.608188 0.696814 3.14949e-19)
(-0.582211 -0.333824 4.95488e-19)
(-0.462941 1.50506 -1.16975e-19)
(0.0240155 0.0028893 -2.53307e-19)
(0.022255 -0.00833989 1.20713e-19)
(-0.889915 -0.360314 4.35057e-19)
(-0.691787 0.333059 1.71992e-20)
(-0.290884 -0.406027 1.18914e-19)
(-1.09542 -0.121103 1.48839e-18)
(-0.816554 -0.0657952 1.15745e-18)
(-0.760136 -0.339634 4.5205e-19)
(-0.404961 -0.424951 -1.1357e-18)
(-1.55951 0.0668599 1.51653e-19)
(-0.343574 -0.373563 -3.57046e-19)
(-0.401308 1.91627 -2.71305e-20)
(-0.220892 -0.357794 1.73494e-21)
(-0.462095 -0.396782 -3.99017e-19)
(-0.917849 0.15246 1.84053e-19)
(-0.0418398 -0.38015 7.81138e-20)
(-0.4396 1.22916 -9.69042e-20)
(-0.0193009 -0.813655 -4.73324e-20)
(-0.419075 2.22776 5.88289e-20)
(-0.978467 0.0516489 2.70496e-20)
(-0.170054 -0.398879 -5.9979e-19)
(-1.07096 0.0412021 -6.5645e-20)
(-1.73718 0.0182699 -6.96173e-20)
(-1.22023 0.0127193 -1.76683e-19)
(-0.45361 -0.304647 -5.25388e-19)
(-0.0164523 -0.549086 2.46876e-20)
(-0.630095 -0.305032 3.48279e-19)
(-0.0971286 -0.361432 -2.58919e-20)
(-0.426081 0.952449 -1.05131e-19)
(-1.039 -0.213881 9.74063e-19)
(-0.859075 0.0649693 6.44202e-20)
(-0.634775 0.187832 2.85672e-19)
(-0.418584 0.669285 1.23943e-19)
(-0.228369 2.1063 2.03259e-19)
(-0.212274 1.74891 -3.14199e-20)
(-0.130414 1.33769 2.41238e-20)
(-0.860872 -0.261075 8.52691e-19)
(1.87355 0.433369 -1.5086e-18)
(-0.714614 -0.232984 7.45458e-19)
(-0.706222 0.0793364 1.20364e-19)
(-0.416079 0.37882 -2.05252e-19)
(-0.499103 -0.273029 3.43095e-20)
(-0.190969 -0.267531 6.40365e-19)
(-0.0516177 -0.280811 -1.41613e-20)
(-0.551064 -0.077609 1.03874e-18)
(-0.902915 -0.124803 1.42129e-18)
(-0.70214 -0.114939 1.30451e-18)
(-1.68371 0.0350318 2.95361e-20)
(-0.111355 -0.201866 8.22826e-19)
(-1.14157 0.0315585 3.74904e-20)
(-0.515863 0.0935318 1.5293e-19)
(-0.236785 -0.231399 2.68956e-19)
(-0.571541 -0.19816 5.02553e-19)
(-0.32457 -0.283502 1.34429e-19)
(-0.378746 1.61737 -8.14946e-20)
(-0.0570569 -0.16068 8.91507e-20)
(-0.276326 0.102655 5.51728e-19)
(-0.301598 0.218698 1.78133e-18)
(-0.326056 0.474019 3.77306e-19)
(-0.432644 -0.169316 4.41453e-19)
(-0.298997 -0.149088 2.95532e-19)
(-0.355302 1.3305 -1.02575e-19)
(-0.88483 -0.215464 9.93933e-19)
(-0.367986 -0.249331 8.66461e-20)
(-0.337455 1.04886 -1.13771e-19)
(-0.0566509 -0.0231012 -2.52889e-20)
(-0.0939909 -0.0440138 -2.05457e-19)
(-0.328287 0.764529 -9.78559e-20)
(-0.00790956 -0.585872 3.87718e-20)
(-0.13072 -0.0357033 -1.72591e-20)
(-0.0506562 -0.0331981 -1.0553e-19)
(-0.0464883 -0.03571 3.94965e-21)
(-0.17156 -0.132479 2.26931e-19)
(-0.314238 -0.116305 3.11925e-19)
(0.00142354 0.0291658 -3.82904e-19)
(-0.0359664 0.028524 -2.90145e-19)
(0.00168553 -0.0164554 -1.07488e-18)
(-0.00795757 0.0150431 -1.63252e-19)
(0.0431697 0.0629727 -1.72018e-18)
(-0.015933 -0.0204497 -2.59104e-19)
(-0.110792 0.867615 -2.18838e-20)
(-0.176977 1.1042 -5.17682e-20)
(-1.19103 0.0219037 2.80938e-20)
(-0.194756 1.41421 -4.48981e-20)
(-0.12142 1.09343 -2.37811e-20)
(-0.136315 1.59774 9.41266e-20)
(-0.163748 0.813383 -7.01987e-20)
(-0.1016 0.659745 -3.66715e-20)
(-0.13612 1.86799 2.70242e-19)
(-0.238845 2.48242 2.64631e-19)
(-0.355615 -0.0670553 5.77991e-19)
(-0.181563 -0.0410833 -2.12557e-21)
(-0.690568 -0.0752677 1.10408e-18)
(-0.106329 -0.0333905 3.98013e-19)
(-0.230395 -0.0477995 3.23599e-19)
(-0.281984 -0.0538977 8.9458e-19)
(-0.513512 -0.0918238 9.81134e-19)
(-0.0136987 -0.0461474 -1.24394e-19)
(-0.0661404 0.04267 7.6213e-20)
(-0.116565 0.0889698 6.83282e-20)
(-0.154044 0.260551 5.88671e-20)
(-0.0934282 0.27921 -5.00756e-19)
(-0.0967598 0.464808 -5.15761e-20)
(-0.15429 0.534472 -4.66883e-20)
(-0.409075 -0.0689689 8.03022e-19)
(-0.190054 -0.104875 2.17736e-19)
(0.484234 -0.171273 1.03925e-18)
(-0.443867 -0.137177 3.82774e-19)
(-0.728974 -0.196853 8.90999e-19)
(-0.581553 -0.165936 6.35058e-19)
(1.84232 0.657864 -2.29822e-19)
(1.13019 0.304348 -1.71705e-18)
(0.0405595 -0.134337 8.42254e-20)
(-0.122734 0.0786971 2.13126e-17)
(0.0345242 -0.212064 1.70006e-19)
(0.499245 0.27243 -7.16978e-19)
(1.0266 1.012 -1.43002e-18)
(0.359695 -1.39919 5.27941e-18)
(-0.203219 -0.108771 -3.8181e-18)
(0.72422 1.20611 5.00132e-19)
(0.940878 0.55166 -1.08343e-18)
(0.374986 0.481448 -2.45318e-18)
(0.487859 -0.20653 9.67052e-19)
(0.0479276 -0.20506 1.99015e-19)
(-0.0204956 -0.223587 -1.38497e-19)
(0.172213 0.448946 -4.41798e-19)
(0.00528907 -0.228529 -2.70129e-20)
(0.364681 -1.40265 7.00749e-18)
(0.39451 0.421601 -1.09254e-18)
(0.0333249 -0.150943 1.31478e-19)
(0.435258 -1.07462 1.04485e-17)
(0.00834992 -0.307429 4.35989e-19)
(0.861045 -0.313849 -1.941e-18)
(0.285985 -0.673748 8.7103e-18)
(0.0454887 -0.174457 -8.39649e-20)
(0.0897056 -0.393578 -7.58704e-18)
(-0.010698 -0.425349 -9.03354e-18)
(0.299341 -0.0316714 1.05059e-18)
(0.265081 0.00727944 9.02709e-19)
(0.388509 -0.224122 -2.26311e-19)
(0.294117 0.0172355 8.51945e-19)
(0.292775 0.0123008 9.76705e-19)
(0.23808 0.00977994 9.28346e-19)
(0.0227433 -0.131941 7.09654e-19)
(0.0271941 -0.26988 -6.82214e-20)
(0.09503 -0.22428 2.95806e-19)
(-0.125703 0.0409228 1.27269e-17)
(-0.0167389 0.0444056 1.2721e-17)
(-0.0782529 0.0441241 1.30094e-17)
(0.100955 -0.311042 2.10278e-19)
(0.30447 -0.751238 8.87653e-18)
(0.35245 -1.44191 8.00631e-18)
(-0.171345 0.0158934 1.47288e-17)
(0.842813 0.429839 -2.10284e-18)
(-0.0194317 0.55527 -2.80181e-18)
(0.1076 -0.210649 2.76783e-19)
(0.0751796 -0.18418 8.68393e-20)
(0.379046 -0.423513 -2.75816e-19)
(-0.229238 0.136808 2.2943e-17)
(0.465192 -0.229021 8.8392e-19)
(0.00883151 0.130958 2.08977e-17)
(0.33791 0.21739 -1.63147e-18)
(0.177946 0.258835 -1.37841e-18)
(-0.0957531 -0.157754 1.39539e-17)
(0.362527 -0.0188981 1.23216e-18)
(0.427512 0.027717 7.32117e-19)
(0.391501 -0.0589991 7.64597e-19)
(0.430405 0.0329585 1.2098e-18)
(0.43796 0.0462346 -3.46154e-20)
(0.40341 0.00863162 1.07768e-18)
(0.0145037 0.100625 -7.48612e-19)
(-0.0168411 0.180148 -7.3106e-19)
(0.00989086 -0.112612 2.51573e-19)
(0.327941 -0.814651 9.4568e-18)
(0.00638289 0.067925 1.94347e-17)
(0.475797 -0.259545 4.33506e-19)
(0.433077 0.19729 3.53905e-19)
(-0.0890443 0.0392044 1.65528e-17)
(0.46718 -0.33428 -4.8685e-18)
(-0.0173695 0.077783 1.88963e-17)
(0.612343 -0.118217 1.19316e-18)
(-0.172252 0.0562787 1.89559e-17)
(0.317008 -0.914076 9.16767e-18)
(-0.0527058 0.0916953 2.01052e-17)
(0.503753 -0.204874 2.14528e-18)
(0.900553 -0.384001 -2.61964e-18)
(-0.0169643 0.0149842 1.25094e-17)
(0.44001 0.0432521 2.24841e-18)
(-0.0238386 0.10991 2.07172e-17)
(0.819908 0.100624 -4.97085e-18)
(-0.256448 -0.0118972 2.05823e-17)
(0.549796 -0.706864 3.50729e-19)
(0.851248 -0.0562619 -2.9669e-18)
(0.365669 -0.985459 9.31861e-18)
(0.221035 -0.322441 2.19075e-18)
(-0.0698328 0.0100004 2.15851e-17)
(0.7453 -0.781819 9.40811e-20)
(-0.0880152 0.0904127 2.11516e-17)
(0.803833 0.656497 -2.08505e-18)
(-0.0339785 -0.180475 1.64289e-17)
(0.87974 -0.509119 -1.18801e-18)
(0.343251 -1.05013 9.47404e-18)
(0.934515 -0.773182 5.40422e-19)
(0.324895 0.382398 -4.45377e-19)
(0.793733 0.312182 -4.71706e-18)
(0.0537808 0.0935637 -7.22396e-19)
(0.383544 -1.07579 9.84828e-18)
(0.586244 -0.63109 -3.30638e-19)
(0.626816 0.184763 1.21262e-18)
(0.587923 -0.768726 -3.87041e-19)
(0.356729 -1.08482 9.36184e-18)
(0.0317073 0.0924694 9.24437e-19)
(0.364997 -1.08556 9.20313e-18)
(0.683785 -0.719034 -1.91339e-19)
(-0.183383 0.143814 2.25305e-17)
(0.35132 -1.35545 6.66483e-18)
(-0.191484 0.227627 2.17153e-17)
(-0.00805005 0.0609285 2.18894e-17)
(0.0271241 0.0832286 2.09447e-17)
(0.117635 0.171476 1.10347e-18)
(0.314103 -1.29798 8.49496e-18)
(0.250839 0.0691219 -9.30418e-19)
(0.256688 0.0163915 -5.26578e-19)
(0.83916 -0.726137 2.30077e-19)
)
;

boundaryField
{
    patch0
    {
        type            noSlip;
    }
}


// ************************************************************************* //
