/*--------------------------------*- C++ -*----------------------------------*\
  =========                 |
  \\      /  F ield         | OpenFOAM: The Open Source CFD Toolbox
   \\    /   O peration     | Website:  https://openfoam.org
    \\  /    A nd           | Version:  8
     \\/     M anipulation  |
\*---------------------------------------------------------------------------*/
FoamFile
{
    version     2.0;
    format      ascii;
    class       volVectorField;
    location    "0.15";
    object      U;
}
// * * * * * * * * * * * * * * * * * * * * * * * * * * * * * * * * * * * * * //

dimensions      [0 1 -1 0 0 0 0];

internalField   nonuniform List<vector> 
1924
(
(0.649976 -1.25914 3.55958e-19)
(0.740971 -1.15904 6.48285e-20)
(-0.0696979 -0.119897 1.41799e-19)
(0.125901 -0.319021 7.70771e-19)
(0.722375 -1.20909 -4.40137e-19)
(-0.18293 0.101017 1.79268e-18)
(-0.0439229 -0.15182 6.61104e-19)
(-0.324822 0.320316 -5.19837e-19)
(-0.303459 0.120864 -3.2125e-19)
(0.0109616 -0.496134 2.04287e-20)
(-0.520524 0.374057 -3.98086e-19)
(-0.56539 0.281677 -5.43771e-19)
(0.935454 2.15715 3.13017e-17)
(-0.665737 0.405583 -6.02128e-19)
(-0.379495 0.121025 2.53872e-20)
(-0.345496 0.128018 -2.06605e-19)
(0.904636 1.67593 3.00778e-17)
(-0.725088 0.338665 8.13915e-19)
(0.497625 -1.19711 3.22746e-18)
(-0.727049 0.31387 -3.8816e-19)
(1.09591 2.40338 1.87494e-17)
(0.196507 0.211107 -5.89972e-19)
(0.656333 -0.540399 -6.23007e-19)
(-0.760754 0.237364 1.38213e-19)
(0.165697 0.196706 -5.59809e-19)
(0.0267801 0.251073 -5.05144e-20)
(0.00849262 0.282726 -2.31747e-19)
(0.71796 -1.0193 2.4118e-18)
(-0.0401553 0.851054 4.40264e-18)
(0.154044 -0.527131 -1.39888e-19)
(0.881211 -0.226707 3.03682e-18)
(0.12741 0.218704 1.36667e-19)
(-0.869976 1.46019 -7.89532e-18)
(0.946957 0.559449 2.00847e-17)
(0.703658 -1.11355 -8.20231e-20)
(0.408672 -0.419194 -2.07282e-18)
(0.121362 0.265831 6.82998e-19)
(0.00384376 0.360477 2.25839e-18)
(0.118453 -0.516217 -4.23967e-19)
(0.967036 0.0579926 9.82557e-18)
(0.0798406 0.27332 1.55699e-19)
(1.0495 2.53128 2.45285e-17)
(0.0657652 0.248846 -2.89878e-20)
(0.540241 -0.705847 1.84256e-18)
(0.727982 -0.780706 2.80109e-18)
(0.183072 2.65137 2.96052e-18)
(0.568367 -1.16057 7.7448e-18)
(0.506561 -0.834349 -4.25566e-20)
(0.681566 2.39029 7.77664e-18)
(0.643987 1.93654 4.48786e-18)
(-0.684827 -0.562243 8.92002e-19)
(1.0715 2.58946 2.93621e-17)
(0.237828 0.193771 1.33142e-19)
(-0.8319 -0.43204 2.81159e-18)
(0.300064 1.70792 -2.71709e-19)
(0.437348 -1.04286 -1.1229e-19)
(0.482157 -1.13421 5.51982e-18)
(0.696292 -0.790518 1.05958e-18)
(0.786677 -0.933997 1.18964e-18)
(-0.104212 0.211033 2.68786e-20)
(0.299973 -0.786349 3.83411e-19)
(-0.334011 0.167221 -3.47377e-19)
(0.0194554 -0.906006 4.98624e-18)
(0.121132 -0.47797 -3.09193e-19)
(-0.571001 -0.201008 2.88622e-18)
(0.468254 -0.886618 3.04764e-19)
(-0.215433 0.196527 4.03962e-19)
(0.498369 -0.235752 -4.54948e-19)
(0.0373977 2.17946 2.63186e-18)
(-0.870327 -0.840471 -1.62479e-18)
(-0.121715 -0.273994 2.57254e-17)
(-0.29863 0.16082 -4.05527e-19)
(0.110115 -0.492192 -5.52833e-19)
(0.174885 -0.565681 4.48168e-20)
(0.140506 -0.58647 1.23878e-19)
(-0.906463 -0.321432 2.41067e-18)
(0.318042 -0.917783 6.15137e-19)
(0.162909 -0.624692 1.94195e-19)
(0.425436 -0.769628 4.90738e-19)
(-0.159098 -0.833014 1.47353e-18)
(-0.236263 -0.707983 -1.4009e-18)
(-0.0242288 0.277939 -4.95224e-19)
(0.335667 -0.432554 1.35687e-18)
(1.20261 2.23662 2.54168e-17)
(0.455193 -1.27755 -7.02098e-19)
(0.395041 -0.167422 -1.05367e-19)
(0.685513 -0.943966 8.67717e-19)
(-0.410861 0.155236 2.7394e-20)
(0.632311 2.16734 9.65425e-18)
(0.623046 0.81941 3.24796e-17)
(-0.212812 0.22986 1.08359e-18)
(-0.0319422 0.251837 2.96871e-20)
(0.420857 2.05454 -1.08029e-18)
(0.39573 0.781461 -1.22366e-18)
(0.659639 2.02769 3.69607e-17)
(-0.669638 -0.0834666 1.47908e-18)
(0.292403 -0.951885 6.42407e-19)
(-0.348544 -0.653043 -4.79548e-19)
(-0.0999063 0.230928 3.51744e-19)
(-0.596696 -0.42285 4.9123e-18)
(-0.329984 0.672397 2.41896e-19)
(0.953659 2.37779 3.35135e-17)
(-0.108431 0.251439 2.24914e-19)
(-0.0584287 0.246647 -1.18932e-19)
(0.331502 0.582656 -3.80188e-19)
(0.189025 -0.717394 2.23244e-18)
(-0.0566999 1.71374 8.74112e-19)
(0.0867716 0.297016 2.73445e-19)
(-0.0892532 0.193533 -1.85614e-19)
(0.516515 1.76781 -1.93208e-18)
(0.178458 -0.978116 6.50368e-19)
(0.118264 2.23046 1.18945e-18)
(0.379769 -0.508217 2.82613e-19)
(0.236216 -0.476103 4.52139e-19)
(0.338976 -0.788094 6.20874e-19)
(1.06623 1.47822 1.92978e-17)
(-0.294094 0.4517 -3.98066e-19)
(-0.322688 0.095481 -1.72377e-19)
(0.188938 -0.0326462 -1.0559e-19)
(0.283226 -0.866466 6.23574e-19)
(0.453507 -0.922995 3.00871e-18)
(1.6268 0.050679 -2.60695e-18)
(0.876988 2.25254 1.02296e-17)
(0.702645 0.40479 2.38093e-17)
(-0.244812 0.174798 3.88179e-20)
(0.238339 0.497503 -9.02613e-19)
(-0.905292 -0.0714969 4.76165e-18)
(0.147731 -0.647587 1.65612e-19)
(0.394841 1.8791 -9.60675e-19)
(1.37868 -0.30006 -1.75221e-18)
(0.183982 -0.976382 6.31805e-19)
(-0.216101 1.4123 7.55167e-19)
(-0.810848 -0.00162668 -9.1712e-19)
(0.316696 -0.476514 6.95588e-19)
(0.943324 2.61518 3.43522e-17)
(0.373157 0.887658 -3.46815e-20)
(-0.18851 0.793307 1.42815e-18)
(-0.0746337 1.80261 1.21792e-18)
(-0.717016 0.197638 -2.13152e-19)
(0.435658 -0.697834 2.53017e-20)
(0.583758 -0.921413 2.61939e-19)
(-0.273108 0.194437 1.65471e-19)
(0.626523 -0.966448 1.95436e-17)
(0.0748674 2.73616 8.18072e-18)
(-0.371869 0.724282 2.83192e-18)
(1.26596 -0.36017 -5.55192e-18)
(0.0949743 0.340368 7.03736e-19)
(-0.657391 -0.0544692 1.81867e-17)
(-0.095614 0.174234 -2.32454e-19)
(0.159364 -0.0365656 -5.20955e-20)
(0.209523 -0.409644 1.45832e-18)
(1.33062 0.00350624 4.67654e-19)
(-0.962132 0.385437 1.2749e-17)
(-0.200126 1.33598 5.27155e-19)
(-0.360541 0.594803 5.2429e-18)
(0.199123 0.495999 -1.95447e-18)
(1.55448 0.203166 -6.55661e-18)
(-0.220821 0.386318 4.33268e-19)
(0.158684 -0.945703 -1.49983e-19)
(0.627122 -0.254128 -1.17978e-18)
(0.226492 -0.507846 4.04496e-19)
(-0.700896 -0.321771 3.99581e-19)
(-0.319035 1.14619 6.66104e-20)
(1.77987 0.00722603 3.04341e-19)
(0.102855 -0.453078 4.85119e-19)
(0.321934 0.753674 -2.71423e-19)
(0.175822 0.603067 -3.76465e-19)
(1.52883 0.248727 -2.66147e-18)
(0.247586 -0.840931 7.14721e-19)
(0.36193 1.53298 -4.92729e-19)
(-0.399098 0.348994 1.54428e-18)
(-0.440259 0.744204 1.00699e-18)
(0.24047 -0.67741 5.2115e-18)
(-0.0701006 0.2286 6.68229e-20)
(0.511265 -0.912442 8.76492e-20)
(0.0221222 0.679284 -1.01263e-18)
(0.171858 -0.501884 6.44096e-19)
(-0.117998 -0.794515 1.54055e-17)
(0.304418 -0.431851 5.14241e-20)
(-0.307165 1.05792 6.8785e-19)
(0.118488 0.510541 -4.06541e-19)
(-0.322963 0.0687022 2.32928e-19)
(0.229635 -0.645874 5.8204e-19)
(0.130546 0.578795 -4.85273e-19)
(0.622926 2.55222 3.02183e-18)
(0.838132 -1.20701 5.84868e-19)
(-0.935708 0.705667 8.35372e-18)
(0.067677 0.484875 -4.77987e-20)
(0.221859 -0.901368 7.44293e-19)
(0.263662 -0.562706 2.52911e-19)
(-0.0726421 0.422795 1.53561e-19)
(-0.479868 0.656876 -2.10627e-18)
(0.107979 -0.932693 -5.56326e-19)
(-0.403465 0.942647 2.87285e-18)
(0.050979 0.625869 -4.40826e-19)
(1.2975 -0.00500842 8.35071e-20)
(0.0067995 0.453218 -2.81064e-19)
(0.109012 0.614872 -2.07898e-19)
(0.12345 0.550561 -2.4903e-19)
(0.280577 0.716847 7.10298e-19)
(0.302055 3.9844 3.01725e-19)
(0.735149 -1.16532 1.30493e-18)
(0.233946 0.900741 4.25551e-19)
(-0.524972 0.69592 -7.38749e-19)
(0.00230694 -0.237685 4.16745e-18)
(0.113105 0.483979 -2.59949e-19)
(-0.381765 0.848199 1.17894e-18)
(-0.396755 1.51356 2.4346e-17)
(-0.516624 0.948668 3.03209e-17)
(-0.0646149 -0.261289 -1.9946e-18)
(1.87578 -0.0244603 3.21023e-19)
(0.19062 1.51084 -4.56616e-19)
(-0.58569 0.149721 -1.00692e-18)
(0.0219684 0.586327 -8.20099e-19)
(0.057984 0.455339 -3.37276e-20)
(0.174819 -0.691798 6.11349e-19)
(-0.0843402 0.161263 -1.73626e-19)
(0.00688939 0.468812 -1.20153e-19)
(-0.46092 0.764505 6.80614e-19)
(0.124188 -0.656104 1.98987e-19)
(0.124534 0.474146 -5.66678e-19)
(0.443953 -0.453797 2.16118e-18)
(0.174966 0.79381 1.39254e-18)
(-0.527092 0.145657 -2.41213e-19)
(-0.590456 0.611233 -6.3695e-19)
(-7.86957e-05 0.421855 -1.29915e-19)
(-0.0372708 -0.843501 -6.35812e-19)
(0.112723 -0.952187 -5.72365e-19)
(-0.059637 0.593229 5.90848e-19)
(0.319105 0.59393 4.60431e-19)
(0.117459 2.17328 3.20194e-18)
(-0.161069 0.231619 -1.519e-19)
(0.142832 0.521135 -5.01851e-19)
(-0.461408 -0.568358 4.5884e-19)
(-0.0489838 0.413856 -7.83338e-20)
(0.0471454 0.0107981 -6.94437e-19)
(-0.585947 0.0827779 -1.4634e-19)
(-0.425645 0.667321 4.94512e-19)
(0.0561738 0.834994 6.82883e-19)
(1.35241 -0.0892707 -1.88587e-19)
(-0.296843 0.0505574 7.58231e-19)
(0.160895 0.480039 -1.14754e-19)
(-0.652061 0.0646263 -5.07306e-20)
(-0.366486 1.27534 1.30885e-17)
(1.11247 -0.441007 9.22729e-19)
(0.0410019 1.79757 3.78007e-17)
(-0.577996 0.578225 -1.31653e-18)
(0.41832 -0.909439 5.28117e-19)
(0.197123 -0.655937 6.43521e-19)
(0.0812449 -0.694936 -4.26809e-18)
(0.881054 -1.09925 -6.06866e-19)
(1.77049 -0.072287 -6.02553e-21)
(-0.0719184 0.548874 1.01032e-18)
(0.156512 1.26812 -8.46147e-19)
(0.253519 -0.782301 9.98499e-19)
(-0.484421 0.0933826 -4.99344e-19)
(0.0203755 0.233263 2.86272e-20)
(0.203569 0.392818 5.74925e-19)
(0.122818 0.491049 1.46802e-19)
(-0.483738 0.597257 5.61144e-19)
(0.125332 0.523656 -8.85645e-19)
(0.00639587 0.740941 -3.07774e-19)
(-0.0627528 0.212159 2.25106e-19)
(0.197954 -0.697224 3.2408e-19)
(0.111193 0.209195 7.87348e-20)
(0.105613 -0.582384 2.26197e-19)
(0.854419 2.28084 2.29276e-17)
(0.155364 -0.708925 3.74743e-19)
(0.167537 0.390783 -1.38252e-18)
(0.109717 -0.786974 3.63046e-17)
(0.43335 0.454732 2.85905e-19)
(0.151975 -0.431534 7.09047e-19)
(0.122201 2.76221 5.71314e-18)
(0.129242 0.368325 8.14247e-19)
(-0.150489 0.21386 -2.03043e-19)
(-0.319842 -0.688245 -1.86727e-18)
(-0.633703 0.512025 -3.31698e-18)
(-0.0513296 0.38271 -3.15849e-19)
(-0.00801753 1.21125 -7.21236e-20)
(0.21545 0.557507 1.20759e-19)
(0.556866 3.53958 5.13849e-18)
(1.27805 -0.100525 -1.00275e-18)
(-0.185314 0.245023 2.04032e-19)
(-0.140679 0.533698 2.0697e-19)
(0.365847 -1.15782 5.32158e-18)
(0.223158 -0.590455 2.36322e-19)
(-0.104505 -0.829993 4.64232e-19)
(1.6716 -0.213288 -1.91131e-18)
(-0.441043 0.509281 3.74691e-19)
(0.158183 0.436581 -9.61193e-20)
(-0.0970481 0.732568 1.19802e-19)
(0.0970202 -0.534805 -1.7239e-19)
(-0.0934802 0.369208 -3.84843e-19)
(-0.515811 0.0277335 -2.80506e-19)
(0.586231 1.08243 9.7987e-18)
(0.107386 -0.471456 4.64981e-19)
(-0.449045 0.10309 -2.21664e-19)
(0.381583 1.74982 1.89793e-17)
(0.128003 -0.68258 2.63937e-19)
(-0.475876 0.048411 -4.32044e-19)
(1.07105 -0.249257 -1.28536e-18)
(-0.0370583 1.0265 2.14151e-20)
(-0.619519 -0.021944 3.98772e-20)
(-0.0862105 0.145718 4.71336e-19)
(-0.581946 0.449358 -1.33074e-18)
(0.0685098 0.344866 1.85773e-19)
(0.89669 1.76928 2.6814e-17)
(-0.670434 -0.0872712 1.2243e-20)
(0.187975 0.35856 9.38607e-19)
(0.56762 -0.585263 1.35981e-18)
(0.236358 2.09978 3.57412e-17)
(0.133766 -0.072394 7.8045e-20)
(-0.140725 0.49067 6.71439e-19)
(0.199969 0.13635 4.47146e-19)
(0.203909 -0.843161 1.7365e-19)
(0.948327 1.43251 2.75477e-17)
(0.101413 0.515496 -1.43553e-18)
(-0.487928 0.443055 1.45496e-19)
(-0.120146 0.654129 8.74023e-19)
(0.0561796 0.534051 -5.4608e-19)
(0.0943707 -0.561636 -5.89319e-21)
(0.390489 0.401333 2.88049e-19)
(-0.171036 0.9655 -2.90774e-19)
(0.134501 -0.457564 4.47195e-19)
(0.0184555 0.313897 -1.21491e-19)
(-0.0661049 -0.851052 -5.73066e-19)
(0.0996002 0.435839 -6.80446e-20)
(0.118087 0.338967 1.09507e-18)
(0.267349 -0.790806 8.63646e-19)
(-0.387655 -0.511142 -2.16645e-18)
(0.230738 0.490128 6.81998e-20)
(-0.194133 0.176874 -5.83358e-20)
(0.197285 0.103145 2.94023e-19)
(-0.641031 0.375044 -1.15606e-18)
(0.102477 -0.626714 1.17381e-20)
(-0.0910621 0.339897 -5.3868e-19)
(-0.124295 0.203689 3.62957e-21)
(-0.196952 0.625437 2.38438e-19)
(-0.194286 0.463994 -1.83853e-19)
(-0.180098 0.831386 -4.14473e-19)
(0.0212174 -0.907576 8.5901e-20)
(0.181373 -0.44599 3.24886e-19)
(0.15198 0.167169 -1.54796e-20)
(0.555336 1.27259 1.26816e-17)
(-0.409687 0.0696865 -1.24313e-19)
(-0.287999 0.122122 -8.12181e-19)
(0.298095 3.93207 8.31764e-18)
(-0.229294 0.145636 2.29124e-19)
(0.108283 -0.0631857 -2.10791e-19)
(0.0592896 0.314156 8.32318e-20)
(0.0667332 0.219565 -2.08601e-19)
(1.28991 -1.04249 -2.30816e-18)
(0.053893 -0.446038 2.67098e-19)
(-0.488557 -0.0284335 -2.15455e-19)
(0.743494 2.51865 3.69827e-17)
(-0.255452 -1.06443 -1.78107e-18)
(1.47867 0.615034 6.40814e-19)
(-0.44021 0.373457 -6.35255e-20)
(0.217743 0.307441 -1.91528e-19)
(-0.52049 -0.0486224 3.05609e-19)
(-0.124556 0.322491 1.47392e-19)
(-0.423961 0.0166927 -2.25536e-19)
(-0.525063 -0.0726618 -1.34149e-19)
(-0.1545 0.194226 -2.99624e-19)
(0.0822424 0.211514 -3.65763e-20)
(-0.276507 0.774566 1.47533e-19)
(0.156493 0.144161 1.93079e-19)
(0.421346 0.284249 -7.85625e-19)
(-0.187481 0.424708 -5.75389e-19)
(-0.201265 0.562092 9.13085e-20)
(-0.600001 -0.179208 -7.13015e-20)
(0.0346011 0.509062 2.29538e-19)
(0.145863 0.292618 1.76964e-19)
(-0.291217 0.0262203 -4.90403e-19)
(-0.0217863 0.224183 -7.82018e-20)
(0.367409 -0.947905 8.18178e-18)
(-0.397963 0.0347236 -1.53174e-19)
(-0.38053 0.0832335 3.98008e-20)
(0.107781 0.180675 -9.37618e-20)
(-0.240325 0.127211 3.10432e-19)
(-0.264431 0.113002 -6.49355e-19)
(0.0681736 -0.782157 2.46956e-20)
(0.0913763 0.401681 1.10647e-19)
(-0.0221835 0.51049 -1.48805e-19)
(0.294722 0.423619 1.56724e-19)
(-0.611625 -0.277602 -5.29149e-19)
(0.0885044 -0.6037 3.67285e-19)
(-0.170187 0.17891 -4.46366e-19)
(-0.000947901 0.224686 -4.20231e-20)
(-0.26901 0.673003 1.52935e-19)
(0.0377689 -0.355184 1.51746e-18)
(0.165173 0.0981358 4.06586e-19)
(0.0403595 0.400085 6.6488e-20)
(-0.191029 0.15283 5.78228e-19)
(-0.261168 0.517495 -1.54866e-19)
(-0.686298 -0.407466 -6.84684e-19)
(0.0282704 0.209584 2.79491e-19)
(0.114199 0.163051 -2.28473e-19)
(-0.430529 -0.547097 -1.46857e-18)
(-0.297754 0.096196 -3.74775e-19)
(0.673827 -0.564137 -6.74746e-19)
(0.0972147 -0.658943 3.7936e-19)
(0.909379 0.609088 5.95059e-18)
(0.0924097 0.206865 -7.8997e-19)
(1.07212 0.154722 -1.98769e-20)
(-0.124399 0.183412 -3.37376e-19)
(-0.57186 -0.497833 -7.25291e-19)
(-0.202271 0.139516 8.22312e-19)
(0.193534 0.276295 -1.16244e-18)
(0.0405392 0.203014 3.15489e-19)
(-0.11874 0.296833 3.50751e-19)
(0.158578 0.0733149 1.64014e-19)
(-0.46608 0.317165 -3.03947e-20)
(-0.334163 0.6217 1.56353e-19)
(-0.226478 0.393038 3.01752e-19)
(-0.0754345 0.134719 4.17846e-19)
(-0.272304 -0.773079 -7.47852e-19)
(-0.402623 -0.0260454 -1.64977e-19)
(0.303395 -0.0855397 2.80189e-19)
(0.190189 -0.875202 6.00968e-19)
(-0.425929 -0.0583172 -1.55791e-19)
(0.372642 0.262171 -1.52114e-18)
(-0.489144 -0.608461 -9.39551e-20)
(0.662594 2.30537 3.09899e-17)
(0.0675954 0.184593 -1.5025e-20)
(-0.476636 -0.139681 -1.27137e-19)
(0.1885 -0.689903 5.82218e-19)
(0.0786728 -0.522456 -5.6443e-19)
(0.128845 0.128253 3.61159e-19)
(-0.0485648 0.200093 2.97967e-19)
(-0.138869 0.176474 -2.65417e-19)
(-0.1848 -0.845214 -1.06864e-18)
(-0.0723731 0.197844 -1.71275e-19)
(0.149622 0.0356142 1.50996e-19)
(-0.253562 0.465233 -5.19666e-19)
(-0.0343032 0.203296 8.64686e-21)
(-0.497425 -0.208552 -1.26234e-19)
(0.383535 1.97813 2.16228e-17)
(-0.319275 0.535819 -1.23465e-19)
(0.0780149 0.171895 -5.8319e-20)
(0.27342 0.379544 -1.7659e-19)
(-0.00409684 0.198888 -1.63436e-19)
(-0.0352535 0.477784 -7.60706e-19)
(0.0977102 -0.506897 4.68378e-19)
(-0.219886 0.112126 3.04493e-19)
(0.816077 -0.130893 -1.58148e-18)
(-0.142635 0.277061 -2.81135e-19)
(0.0837311 -0.637327 -9.05938e-20)
(0.0331526 0.369762 3.22329e-19)
(-0.161869 0.156682 -2.37228e-19)
(-0.348676 0.0591401 1.18895e-19)
(0.130146 0.107965 4.75171e-19)
(-0.0888611 0.466992 3.29021e-19)
(-0.698331 -0.234626 -1.21412e-18)
(0.00949459 0.194235 -2.71978e-19)
(-0.0119397 0.363978 -4.61346e-19)
(-0.528936 -0.365729 -3.2631e-19)
(-0.361192 0.0124166 -1.77583e-19)
(0.135774 0.0145017 9.82661e-20)
(-0.256891 0.0894121 -1.06487e-18)
(-0.0120277 -1.02607 4.75315e-19)
(0.0944715 0.145507 -4.47971e-19)
(0.789366 0.246994 1.83452e-17)
(0.137548 -0.0120317 -2.47179e-20)
(0.822234 0.456704 1.86405e-18)
(-0.171226 0.146013 -2.04395e-19)
(-0.189372 0.122288 1.81793e-19)
(-0.213656 0.358819 6.56238e-19)
(-0.365919 0.477219 -5.61901e-20)
(0.468373 -0.650785 6.09306e-19)
(0.0330988 0.181791 3.31138e-19)
(0.131575 0.0728013 2.81017e-19)
(0.0660299 -0.569467 1.28649e-19)
(-0.512989 -0.469214 -3.87609e-19)
(0.366709 0.171267 -2.44272e-19)
(0.0183677 -1.00661 5.09112e-19)
(0.0859602 -0.488197 3.9169e-19)
(-0.421245 0.270288 2.77714e-19)
(-0.225247 0.0975233 3.68193e-19)
(-0.279208 0.0733389 -5.13602e-19)
(-0.13488 0.250823 1.19534e-19)
(-0.294553 0.424031 -4.43564e-19)
(-0.110038 0.168191 -1.68406e-19)
(-0.195309 0.109905 1.59855e-19)
(0.0992658 0.129764 -4.97489e-19)
(0.0444408 0.17377 1.22351e-19)
(-0.0297169 0.184299 3.22041e-21)
(-0.266565 0.0123529 -6.24208e-19)
(-0.0661051 0.181585 -5.27304e-19)
(0.0699172 -0.734498 3.81941e-19)
(0.539805 1.39412 2.32186e-17)
(-0.0541418 0.183263 -2.15284e-19)
(0.125238 0.0533507 2.90794e-19)
(0.133542 -0.782035 5.29237e-19)
(-0.39329 -0.112481 -1.00087e-19)
(-0.432866 -0.665952 5.09497e-20)
(-0.241577 0.0855644 -7.13957e-19)
(-0.132777 0.15652 -1.03808e-19)
(-0.0173105 0.1829 2.68397e-21)
(0.136531 -0.462527 8.28849e-19)
(-0.407457 -0.163934 -9.02408e-20)
(-0.340638 0.0294583 -2.01841e-19)
(0.303661 0.305695 -4.526e-19)
(0.0635149 0.154447 -7.11674e-21)
(0.903525 1.40844 2.38525e-17)
(-0.076544 0.121655 1.05919e-19)
(-0.360895 -0.0487211 -1.27727e-19)
(0.00555016 0.175491 -4.1547e-19)
(0.107059 0.100123 4.97657e-19)
(-0.43582 -0.285545 -8.98564e-20)
(-0.606607 -0.787926 -2.28702e-18)
(-0.372782 -0.74798 8.02796e-19)
(-0.14306 0.148477 -7.48828e-20)
(-0.0932944 0.432485 1.62073e-19)
(-0.161156 0.130154 -2.20193e-19)
(-0.169138 0.119372 -9.41433e-20)
(0.0705412 0.142502 -2.9288e-20)
(-0.0150491 0.336274 -7.90523e-19)
(-0.345845 0.419416 -2.99072e-19)
(-0.261198 0.0724566 -4.30001e-19)
(0.114562 0.0248019 2.39638e-19)
(-0.344826 -0.0225715 -1.1604e-19)
(-0.19506 -0.937341 1.15434e-19)
(-0.434088 -0.374392 -1.07155e-19)
(-0.138176 0.413779 -3.5953e-19)
(-0.0537678 0.326998 -2.20263e-19)
(0.0636978 -0.606525 5.71646e-19)
(0.136962 -0.617576 -1.46834e-18)
(0.0163845 0.170463 -2.26751e-19)
(-0.241377 0.325208 5.78212e-19)
(0.115392 -0.00791466 -1.43112e-21)
(-0.433109 0.230281 1.5279e-19)
(0.105531 0.0829931 2.81396e-19)
(0.315056 -0.202189 -5.71454e-20)
(0.799392 0.165921 4.54128e-19)
(-0.181307 0.097129 6.69874e-20)
(-0.276609 0.387446 -4.60465e-19)
(0.314242 0.171599 -9.47801e-20)
(0.791779 -0.432511 1.0576e-17)
(0.0363386 0.156743 6.12697e-20)
(0.0821541 0.118183 -6.01272e-19)
(0.13833 -0.459825 6.28453e-19)
(-0.171765 -0.597875 -3.51303e-19)
(0.0451395 -0.654464 1.41174e-18)
(-0.43153 -0.550824 -1.68478e-19)
(-0.0486654 0.168258 -6.6242e-20)
(0.0623632 -0.536865 -2.87256e-19)
(0.111299 -0.460861 7.36646e-20)
(-0.20473 0.0874123 3.13551e-19)
(-0.680801 -0.312375 -1.58083e-18)
(-0.0379215 0.169006 -1.08445e-19)
(-0.108506 0.151062 4.49125e-20)
(-0.277605 0.0556976 2.56576e-19)
(0.102993 0.0554373 3.3431e-19)
(-0.0166473 0.165799 1.61116e-19)
(0.269063 -0.150263 1.62826e-19)
(0.168041 -0.508758 -1.5909e-18)
(-0.372214 -0.396828 -5.609e-20)
(0.135409 -0.480946 5.58158e-19)
(0.0725961 -0.503987 3.98888e-19)
(0.0441669 0.148033 3.77639e-20)
(0.103545 0.00967842 1.09016e-19)
(-0.311771 -0.126279 1.30372e-18)
(-0.117844 0.145169 1.12943e-20)
(0.273867 0.280523 2.49908e-20)
(0.371128 -0.0758147 -3.08745e-19)
(-0.121925 -0.968038 3.31295e-19)
(0.0552493 -0.680545 -2.56034e-19)
(0.0571796 -0.558079 -3.41986e-19)
(0.0837136 0.103868 -4.11936e-19)
(-0.411654 -0.637717 -7.67271e-20)
(-0.0704065 0.165555 -1.47173e-19)
(-0.00662752 0.162952 7.49952e-20)
(-0.135655 0.132442 -3.78534e-19)
(0.0605758 -0.637799 2.44918e-19)
(-0.158384 0.106221 -4.90849e-20)
(0.242718 -0.333801 -7.49232e-19)
(0.964682 0.675852 1.0317e-17)
(-0.364483 -0.231773 -4.98815e-20)
(0.218433 -0.0642665 -8.01603e-20)
(0.0582823 0.128795 1.20612e-20)
(-0.230928 0.0680818 -8.44907e-19)
(-0.376175 0.373726 -3.37179e-19)
(-0.143566 0.124103 -5.4134e-19)
(-0.376387 -0.202681 7.80715e-19)
(-0.0261491 -0.54678 -3.14972e-19)
(-0.347249 -0.135214 -5.89543e-20)
(0.0761274 -0.0816754 -1.81832e-19)
(-0.332293 -0.817932 4.87512e-19)
(0.159349 -0.456929 9.09394e-20)
(0.0125819 0.153773 -9.87729e-20)
(0.096601 0.0406086 3.42682e-19)
(0.0288689 -0.475577 3.66132e-17)
(-0.326528 -0.249819 2.35152e-19)
(-0.240651 -0.446973 -4.61835e-19)
(-0.365245 -0.303731 -4.2722e-20)
(-0.16394 0.0963061 -1.32297e-20)
(0.218232 -0.797805 1.51738e-18)
(-0.184404 0.0868489 1.10768e-19)
(0.101643 -0.0224195 -4.06822e-20)
(-0.4449 -0.0377776 8.3015e-20)
(-0.337075 -0.0940975 -6.35214e-20)
(-0.225704 0.297076 6.90041e-21)
(0.0904635 -0.44853 1.01927e-18)
(0.0864884 0.0790852 1.50546e-19)
(-0.39974 0.197377 -3.17373e-19)
(-0.0535212 0.300388 -2.07934e-19)
(-0.037598 -0.907871 -9.64021e-19)
(0.426921 0.00397838 1.90308e-20)
(0.0568759 -0.0661052 -2.24665e-20)
(0.0207824 0.147879 -7.864e-21)
(-0.310266 0.0124908 -6.4252e-19)
(0.222256 -0.260448 -3.33652e-19)
(-0.056063 -0.74689 2.90185e-19)
(0.0620038 0.117418 -6.64224e-20)
(-0.207457 0.0761329 3.78209e-19)
(-0.135699 0.380651 -3.31533e-19)
(0.670429 0.157081 -1.15476e-21)
(-0.341579 -0.134445 4.8727e-19)
(0.121385 -0.45336 -5.98554e-19)
(-0.366089 -0.456018 -3.04865e-20)
(-0.272765 -0.89316 4.73934e-19)
(-0.152249 -0.391621 -5.48973e-19)
(0.0361222 0.133372 4.45084e-20)
(-0.303944 0.341757 -5.96546e-19)
(0.0503201 -0.593178 1.63401e-18)
(0.070218 -0.378209 -3.65209e-19)
(-0.218925 0.0661329 -4.20645e-19)
(-0.0856153 0.288497 1.36733e-19)
(0.212705 -0.144104 -1.04809e-19)
(-0.246301 0.0576634 -1.54117e-19)
(-0.0344714 0.153682 -3.57633e-19)
(0.140645 -0.890506 1.98811e-19)
(0.0974044 -0.0428912 -1.32674e-19)
(0.08363 0.0651827 -1.44833e-19)
(-0.380064 -0.0945721 3.13292e-19)
(-0.0251988 0.152744 -2.41357e-19)
(0.117696 -0.514742 8.45416e-19)
(-0.0534266 0.15361 -2.21287e-20)
(-0.354319 -0.546044 -9.65053e-21)
(-0.0968989 0.140739 4.56468e-19)
(-0.11367 0.130686 -3.43316e-20)
(0.0687378 0.0960863 -3.55302e-19)
(-0.00710813 0.147253 5.1734e-20)
(-0.067833 0.112171 3.62153e-19)
(-0.31135 -0.0408465 -4.22059e-20)
(0.0412683 0.12461 5.05702e-20)
(-0.257071 -0.0141007 6.21488e-20)
(-0.063011 0.151944 -1.14254e-19)
(0.277944 0.21865 3.29754e-20)
(0.0851269 0.0197428 1.21771e-19)
(-0.121458 0.124479 7.1747e-20)
(-0.0131782 -0.133236 -8.14119e-20)
(-0.170621 0.356919 7.54043e-20)
(0.123264 -0.329642 -3.27617e-19)
(-0.136346 0.110886 -4.51257e-20)
(0.0859362 -0.00691597 7.64621e-20)
(-0.129565 -0.804075 -2.64281e-18)
(0.000873393 0.143405 -2.81802e-21)
(0.187754 -0.104449 -7.46213e-20)
(0.265052 -0.0507977 4.43147e-19)
(-0.0885886 -0.376011 -2.95605e-19)
(0.0581452 -0.624135 -1.10599e-18)
(-0.340238 -0.709646 7.8922e-20)
(-0.142822 0.102774 -2.63155e-21)
(0.0729043 -0.465431 6.66247e-19)
(0.0162236 0.133196 3.70037e-21)
(-0.232058 0.0566311 -2.48022e-19)
(0.0787254 0.0443529 3.39486e-19)
(0.0684291 0.0838884 -2.72842e-20)
(0.0507006 0.107108 4.94326e-20)
(-0.11095 -0.938882 6.32498e-20)
(0.258424 -0.187667 1.68817e-17)
(-0.206115 -0.681964 -3.88775e-19)
(-0.297298 -0.0192441 -4.45878e-20)
(-0.314235 -0.785571 4.44567e-20)
(-0.349813 0.327719 6.81389e-19)
(-0.25813 0.0413883 4.78684e-19)
(-0.220225 -0.300229 -6.6932e-20)
(0.144523 -0.210607 -2.2364e-19)
(-0.315049 -0.252099 -2.39429e-20)
(-0.314471 -0.192802 -2.85305e-20)
(-0.18898 0.0695766 2.35299e-19)
(-0.171682 0.0777101 5.95805e-20)
(0.022213 0.12679 2.20506e-20)
(-0.284798 0.310783 -2.13822e-19)
(-0.15404 0.0864014 3.85027e-21)
(0.201372 -0.363632 -2.68616e-22)
(-0.312455 -0.379612 -6.45206e-21)
(-0.0136863 -0.340407 -6.00905e-19)
(0.155788 -0.47738 4.33907e-19)
(-0.23761 0.25743 7.44795e-19)
(-0.115853 -0.549549 -4.96578e-19)
(-0.023236 0.13835 -1.7364e-20)
(0.0771253 0.0094984 7.9254e-20)
(-0.300781 -0.112302 -4.21806e-21)
(0.1466 -0.17486 -2.49138e-19)
(-0.706236 -0.625445 5.61696e-19)
(0.0524324 0.0969401 7.57072e-21)
(0.0333308 0.113088 6.89827e-20)
(-0.225105 -0.869205 1.32612e-19)
(0.0779945 -0.0421732 5.30095e-20)
(-0.0398112 0.140688 7.90862e-20)
(0.965259 0.178037 5.07854e-18)
(-0.264843 -0.19914 -1.47989e-20)
(-0.0481218 0.140322 2.75735e-20)
(-0.0945258 0.127186 -3.1164e-19)
(-0.0156073 0.136221 1.98807e-20)
(-0.300564 -0.464872 8.68594e-21)
(0.0681928 0.0640576 -3.69441e-19)
(0.0729313 0.0331159 1.9543e-19)
(-0.134248 -0.302216 -9.04629e-20)
(-0.102124 0.122448 -4.36896e-19)
(0.24208 -0.359206 -8.80407e-19)
(-0.000745434 0.129512 5.85945e-21)
(-0.082974 0.267014 -1.55395e-19)
(-0.116636 0.111864 9.61481e-20)
(0.0748915 -0.015761 1.32527e-19)
(-0.291213 -0.0800467 8.37847e-21)
(0.546614 -0.602689 5.60818e-18)
(-0.0219689 -0.63127 6.28436e-18)
(-0.20887 0.0528893 -3.24646e-19)
(-0.0824203 -0.89251 -5.47409e-19)
(0.0637379 -0.255142 2.12682e-19)
(-0.244737 0.0448642 7.27272e-20)
(0.10535 -0.434594 1.66776e-17)
(-0.26451 -0.589914 4.30978e-18)
(-0.285553 -0.109008 1.68595e-19)
(0.60131 0.0187888 1.01176e-19)
(-0.284484 -0.619656 9.47658e-20)
(-0.123307 0.105534 8.50733e-20)
(0.146727 -0.100872 1.46119e-19)
(0.146903 -0.430714 1.72267e-18)
(0.0365179 0.104925 1.02706e-19)
(-0.172908 0.0696849 9.04032e-20)
(0.00545385 0.125075 -8.89518e-21)
(-0.157774 0.0780816 -1.27542e-20)
(-0.0655235 0.137868 1.27294e-19)
(-0.190872 0.0614169 1.56956e-19)
(0.0708166 -0.0311769 4.36947e-20)
(-0.210449 -0.218471 -8.62697e-20)
(-0.135776 0.0920436 4.89924e-20)
(-0.187812 -0.860587 5.73147e-19)
(-0.346714 0.128376 1.12488e-18)
(-0.452984 -0.0111358 -4.72751e-19)
(0.0603905 -0.537851 2.0004e-19)
(0.0557906 0.0791458 -1.67686e-20)
(0.0827398 -0.215848 1.2662e-20)
(0.0648837 0.053098 -1.2651e-19)
(-0.274328 -0.693352 1.49208e-19)
(0.0172903 0.114906 -1.00024e-20)
(-0.0682145 0.101068 6.12987e-20)
(-0.367168 0.285841 1.11415e-18)
(0.119722 -0.412576 4.96644e-19)
(0.131487 -0.434454 6.83663e-19)
(-0.16278 0.327165 2.02842e-19)
(0.0458107 -0.538518 -1.28432e-18)
(-0.243459 -0.136254 1.89892e-19)
(0.663209 -0.424818 -1.11908e-19)
(-0.199581 0.0520079 5.43224e-21)
(0.0349787 -0.577977 3.29369e-19)
(-0.140793 0.0846479 5.15229e-20)
(-0.235945 -0.024946 4.993e-19)
(-0.248705 -0.790972 -1.88484e-19)
(0.0214179 0.108654 -1.54121e-20)
(0.10264 -0.145356 -9.498e-20)
(-0.0149228 0.123366 1.67602e-20)
(0.0424974 0.0897597 -2.59446e-20)
(-0.040857 -0.253941 -4.61811e-19)
(-0.0360126 0.127927 1.30874e-19)
(-0.220238 0.0458595 -2.64371e-19)
(-0.0289503 0.12715 6.16584e-20)
(0.15081 -0.478473 6.03747e-19)
(-0.0989287 0.110327 -2.45868e-21)
(0.821393 0.021876 1.09847e-18)
(-0.269869 -0.316614 -3.40877e-21)
(0.0544598 0.0691098 1.00207e-20)
(-0.00879613 0.120552 1.21243e-20)
(0.00198514 -0.234255 -2.19483e-19)
(-0.0847477 0.117902 -2.93081e-21)
(0.056983 -0.0529265 2.09714e-20)
(-0.158733 -0.692077 -1.12959e-19)
(-0.299644 0.264395 -4.64268e-19)
(-0.298217 0.122504 4.11314e-19)
(-0.647724 0.224204 -4.58689e-19)
(0.0365005 -0.610739 3.64112e-19)
(-0.252408 0.0229609 -3.16214e-20)
(-0.0511719 0.12781 -1.22358e-19)
(-0.271806 -0.160883 4.85527e-21)
(0.134821 -0.453197 -5.16551e-19)
(0.103575 -0.120175 -2.34777e-20)
(0.0626265 -0.00327138 5.26024e-20)
(-0.273987 -0.20759 -4.01918e-21)
(-0.105526 0.105412 4.62831e-20)
(0.0292125 0.0963419 1.46162e-19)
(-0.235064 -0.79957 -1.02751e-19)
(-0.259594 -0.390152 9.41334e-21)
(-1.56912 0.177036 6.19126e-19)
(-0.0588379 0.126415 -1.53537e-19)
(0.0630399 0.0177382 3.22393e-20)
(0.326244 -0.724788 1.16185e-17)
(0.49747 0.0433077 3.14831e-19)
(0.0031448 0.113439 -3.23859e-20)
(0.0517608 -0.507083 9.05414e-19)
(-0.111613 -0.746708 -3.94091e-21)
(-0.269314 -0.0335232 6.71263e-20)
(0.0989907 -0.423813 3.69613e-19)
(-0.20929 0.0446511 -4.56207e-19)
(-0.118287 0.0946117 8.70628e-20)
(0.0428595 0.0810408 -1.59927e-19)
(0.0424427 -0.620493 -3.65326e-20)
(-0.236828 -0.532241 7.53462e-20)
(0.148187 -0.455182 6.16923e-19)
(-0.458191 0.0113521 2.46315e-20)
(0.0593236 0.0369146 7.08194e-20)
(0.0473207 -0.171029 1.03791e-19)
(-0.182275 0.0530699 1.00237e-19)
(-0.127295 -0.214916 3.61358e-20)
(0.00772992 0.108881 -7.94524e-20)
(0.206948 0.00702136 3.56313e-20)
(0.05636 -0.0296675 -2.91926e-20)
(-0.187709 0.301979 -3.92917e-19)
(-0.260576 -0.0933801 6.01177e-20)
(-0.0795032 -0.210769 8.01981e-20)
(-0.149001 0.0706247 -2.84494e-19)
(-0.221482 -0.611944 1.62855e-19)
(0.0308863 0.089088 5.4718e-20)
(-0.162457 0.0631869 1.73095e-20)
(-0.123931 0.0884245 8.36344e-20)
(0.0592007 -0.148976 1.7319e-19)
(-0.230116 0.0335606 -1.26597e-19)
(-0.177602 -0.73902 -5.70171e-19)
(0.0525447 0.0533374 -1.08723e-19)
(-0.0264742 0.115509 3.38867e-20)
(0.0165764 0.0993977 -1.06413e-19)
(-0.0206183 0.114001 2.20162e-20)
(-0.240902 -0.680758 3.16423e-19)
(-0.172783 0.0499792 6.03833e-20)
(-0.204996 -0.719866 -2.2447e-19)
(0.340448 1.59941 1.44416e-18)
(-0.535552 -0.104118 -1.15716e-18)
(-0.377045 -0.0528944 1.01059e-19)
(-0.0395916 0.116939 -2.39373e-19)
(-0.00898437 0.10951 1.29584e-20)
(1.52877 0.566596 -1.05055e-18)
(0.0543938 -0.00981651 1.19393e-20)
(-0.0461082 0.116642 -3.54444e-19)
(0.0191962 0.0936398 -1.12201e-19)
(-0.19179 0.0418518 1.65015e-19)
(0.056363 0.00995631 6.91901e-21)
(-0.338306 0.248967 -1.55267e-19)
(-0.134064 0.0758948 9.00569e-20)
(-0.0200546 -0.17434 4.52779e-20)
(-0.0854508 -0.732902 2.57441e-18)
(-0.219803 0.0359091 1.40848e-20)
(-0.0829906 0.10631 3.78736e-20)
(0.0513688 -0.021555 -4.6875e-20)
(0.0439221 0.0665248 7.3927e-20)
(-0.177074 -0.154314 1.05441e-19)
(-0.598378 -0.130694 4.28372e-18)
(-0.165025 0.0558469 4.46864e-20)
(-0.252734 -0.0659397 1.12678e-19)
(-0.0893093 0.102681 5.61411e-20)
(0.0280227 -0.574743 1.33064e-18)
(0.041229 -0.0460078 -2.56439e-21)
(-0.101921 0.0945162 -5.95222e-21)
(-0.137841 -0.162237 9.64473e-21)
(-0.00423003 0.1064 1.17064e-20)
(0.00537949 -0.159484 8.47527e-20)
(0.0737393 -0.100613 -2.539e-19)
(-0.208893 -0.741377 -6.64405e-19)
(0.0541889 0.0282811 6.19911e-20)
(0.0217204 -0.0569657 -2.08137e-20)
(-0.273833 0.238147 3.07619e-19)
(0.0342782 0.0763931 -1.31942e-19)
(0.0314404 -0.559922 -2.43955e-19)
(-0.157163 -0.676565 -2.13019e-18)
(0.0336904 -0.0715751 1.77434e-20)
(-0.456717 0.436765 3.99184e-18)
(-0.0601935 0.114534 1.45407e-19)
(0.0453118 -0.459448 2.64867e-19)
(0.0491188 0.0446662 -1.08715e-19)
(-0.184026 0.0421651 1.62732e-19)
(0.0235134 -0.607901 -9.07639e-20)
(-0.0609237 0.0928381 2.74979e-20)
(0.00510552 0.0995059 -1.92508e-19)
(-0.107721 0.0895293 3.29545e-20)
(-0.710968 0.14701 -2.95966e-19)
(-0.137897 0.0695066 1.53839e-19)
(-0.15167 0.064016 -4.08713e-19)
(0.0243427 0.0830756 3.27011e-20)
(-0.197751 -0.709669 -1.85672e-19)
(0.678476 2.0329 3.56981e-18)
(-0.222671 -0.051913 2.86013e-19)
(-0.232173 -0.259655 1.07426e-20)
(-0.22319 -0.319502 2.16555e-20)
(-0.198712 -0.445023 6.97089e-20)
(-0.201016 0.0361197 -7.2165e-19)
(0.0409364 -0.0376928 -2.14799e-20)
(-0.235651 0.0107731 1.43046e-19)
(0.0350903 -0.118163 -1.70361e-20)
(0.0436042 -0.625383 -7.18174e-19)
(0.0420103 0.0583769 -6.12389e-20)
(-0.205168 -0.087597 -6.23211e-21)
(-0.0191149 0.103765 1.74333e-20)
(0.00831968 0.0951503 -1.31547e-19)
(-0.235876 -0.169033 1.34335e-20)
(-0.0806935 -0.15217 -1.10975e-19)
(-0.0358054 0.106523 -1.66236e-20)
(-0.235256 -0.131322 1.25854e-20)
(-0.0302648 0.106073 7.68214e-21)
(0.0396133 -0.529183 2.58222e-19)
(-0.178626 -0.521381 1.79678e-19)
(-0.105881 1.38408 -2.02348e-18)
(-0.171217 -0.104523 -6.45826e-20)
(-0.118771 0.0789365 3.09095e-20)
(-0.0493028 -0.148245 -1.81377e-19)
(-0.0143945 0.101861 1.73041e-20)
(0.0337218 0.0691285 -8.22688e-21)
(-0.197295 -0.557172 1.39805e-18)
(0.0675723 -0.611537 5.66794e-18)
(-0.226399 0.0182977 2.49194e-19)
(0.0146538 0.086821 -5.40679e-20)
(0.378451 -0.386341 -1.05689e-18)
(-0.147347 -0.642112 1.94272e-19)
(0.0432844 -0.103342 -4.70629e-20)
(-0.19847 -0.642136 -6.49997e-19)
(-0.175864 0.277799 -5.01929e-19)
(-0.354769 0.208958 -3.03405e-19)
(-0.0480229 0.106031 -8.86442e-22)
(0.02491 0.0768821 -9.74618e-22)
(-0.192795 0.0351066 -5.04793e-19)
(-0.00496611 0.0972659 5.68809e-20)
(0.0447166 0.000243083 1.18198e-19)
(-0.0868947 0.092045 -2.43904e-19)
(0.778969 -0.169651 -4.38509e-19)
(-0.168938 0.040275 5.04065e-20)
(0.0453088 0.0167329 2.44928e-20)
(-0.0541301 0.104876 4.44789e-21)
(-0.123435 0.0731975 6.40623e-20)
(-0.0680644 -0.603366 2.12348e-18)
(-2.15809 1.52879 -5.75186e-19)
(-0.145987 -0.684161 2.54586e-19)
(-1.36335 -0.271031 2.44419e-18)
(-0.274902 -0.0619547 3.1658e-20)
(-0.0747877 0.0981733 2.1604e-20)
(0.0161085 0.0817832 1.02512e-20)
(-0.0925506 0.08819 -3.17385e-19)
(-0.0100668 -0.121071 1.49438e-19)
(-0.209634 0.026467 4.06883e-19)
(0.0402666 -0.0199461 -6.36983e-21)
(-0.00141673 0.0941646 7.14337e-20)
(0.0271962 -0.341647 1.70839e-19)
(0.0432922 0.0322717 7.0626e-20)
(-0.155721 0.0516853 2.23192e-20)
(0.983852 3.35119 2.79515e-18)
(0.0251676 -0.0495365 -1.70643e-20)
(0.0690847 -0.303371 3.9531e-18)
(0.0062465 -0.111243 1.11311e-20)
(-0.178444 0.0329436 2.22978e-19)
(0.169115 -0.507747 9.95887e-19)
(-0.153805 -0.680779 6.68789e-19)
(0.0390296 0.0460903 -1.42727e-19)
(-0.505494 0.201782 7.12856e-19)
(-0.121596 -0.113398 -2.01254e-19)
(-0.103805 0.0797073 -2.37561e-19)
(-0.227914 -0.0747957 1.38141e-19)
(0.00565163 0.0879785 -3.79417e-20)
(-0.0274589 0.0967211 7.08785e-21)
(-0.0925462 -0.118122 -7.03493e-20)
(-0.137219 -0.500023 4.58324e-20)
(0.0331732 0.0576377 5.07268e-21)
(-0.522165 -0.204246 1.84228e-18)
(-0.0228606 0.0958157 1.18106e-20)
(-0.227986 -0.0103859 1.57003e-19)
(0.026463 -0.490108 3.25099e-19)
(-0.0608125 0.0832089 -2.14552e-20)
(-0.0380681 0.0972019 2.97099e-20)
(-0.144217 0.0578988 -5.5766e-20)
(-0.541872 0.304281 1.06161e-18)
(-0.201672 0.0279335 2.93633e-19)
(-0.0432817 0.0968063 3.80326e-20)
(0.0292446 -0.0321862 5.2708e-20)
(0.0263674 0.0666892 2.7205e-20)
(-0.0135641 0.0931929 2.50684e-20)
(-0.131668 0.0620971 9.57062e-20)
(0.00774302 0.0840787 -1.47109e-20)
(0.120883 -0.386156 -5.32695e-19)
(0.0867147 -0.416483 1.588e-19)
(0.0399101 0.0109897 4.83012e-20)
(0.232926 0.149729 4.38633e-19)
(-0.10885 0.0748201 -3.28608e-19)
(-0.175166 -0.618052 4.56334e-19)
(0.0191733 0.0731971 -1.37394e-19)
(0.0387798 0.0257308 4.19666e-20)
(-0.132231 -0.497682 2.17123e-18)
(0.0384028 -0.00465022 5.39418e-20)
(-0.157357 0.0458059 2.06377e-20)
(-0.163437 0.0394343 8.85731e-21)
(0.0263453 -0.0819955 5.97346e-20)
(-0.00987117 0.0911733 3.94738e-20)
(-0.0520165 -0.107724 -1.69617e-19)
(0.0365558 -0.0138632 -1.02997e-20)
(-0.171655 0.0322735 9.77646e-20)
(0.0356389 0.0393862 -1.47582e-19)
(0.624385 -0.112107 1.21994e-19)
(-0.214539 0.00838358 1.05709e-19)
(-0.787371 0.053035 -4.95928e-21)
(-0.166267 -0.359784 8.25589e-20)
(0.143405 -0.374132 -1.28369e-18)
(0.0120185 0.0772531 4.24572e-20)
(-0.0312915 -0.104563 -1.98412e-19)
(-0.18699 0.0275855 -5.3295e-19)
(-0.0733037 0.0880537 2.9654e-20)
(-0.14354 -0.424122 1.32321e-19)
(-0.101457 -0.54412 5.67026e-19)
(-0.0787001 0.0851042 6.16143e-20)
(-0.0548964 0.0947192 3.22723e-20)
(0.0309186 0.0512279 9.62658e-20)
(-0.00241995 0.0869558 4.99757e-20)
(-0.199463 -0.207806 1.12915e-20)
(-0.204957 -0.0577315 7.44209e-19)
(-0.189949 -0.25516 2.13807e-20)
(0.487071 2.43992 5.21172e-18)
(-0.0790777 -0.455666 2.00352e-18)
(-0.167681 -0.428663 6.61676e-20)
(-0.0896782 0.0784137 4.94028e-20)
(0.0251755 0.0608862 2.38858e-20)
(-0.118314 0.0648727 4.30427e-20)
(0.384895 -0.562906 5.51612e-19)
(0.140928 -0.470712 5.48153e-19)
(0.130057 -0.561658 5.33155e-19)
(0.0289641 -0.026052 6.31337e-20)
(-0.0829416 -0.600814 1.42007e-18)
(-0.146321 0.0524251 3.2159e-21)
(-0.146399 -0.0654622 5.89335e-20)
(-0.119728 -0.0777786 1.35006e-19)
(0.0189207 0.0681875 -1.51166e-19)
(-0.810705 0.112106 2.14131e-19)
(0.154268 -0.444203 1.18632e-18)
(0.000100666 0.084119 2.07026e-20)
(0.0155922 -0.0398952 -1.62003e-20)
(-0.207672 0.0142326 3.79787e-20)
(-0.445599 0.14374 3.66916e-19)
(-0.134815 0.0566956 2.05817e-20)
(-0.180473 0.026866 -2.99592e-19)
(-0.0207716 0.0877276 9.52887e-21)
(-0.071653 -0.643853 1.8746e-18)
(-0.0342662 0.088752 1.77516e-20)
(-0.0298284 0.0886697 8.87869e-21)
(-0.0947591 0.0744332 1.12332e-19)
(0.0125589 0.0731382 5.78018e-20)
(-0.206497 -0.135226 -4.92626e-20)
(-0.00473662 -0.0847338 4.77299e-20)
(0.00524379 0.0790366 1.65609e-20)
(-0.0620817 -0.783086 -1.36682e-18)
(-0.59799 0.302434 -9.63435e-19)
(-0.0170444 0.086627 1.25105e-20)
(-0.206829 -0.105027 -1.04817e-19)
(-0.122232 0.0597466 5.90143e-20)
(0.0309159 0.0172237 1.50893e-20)
(-0.0443434 0.08772 3.33779e-20)
(0.0180118 -0.035007 8.0781e-21)
(0.0299159 0.0302141 -1.15274e-20)
(0.0694033 -0.433349 1.97053e-19)
(0.00649056 -0.0780801 4.15429e-20)
(-0.139331 -0.339762 -5.23494e-20)
(-0.213647 -0.0195995 -6.40138e-20)
(-0.0094436 0.0841484 2.28403e-20)
(-0.0999849 -0.598508 2.64465e-18)
(-0.0832956 -0.0819483 5.43866e-20)
(-0.19457 0.0199265 2.4641e-19)
(-0.0624302 -0.0851174 6.11124e-20)
(0.00641089 0.075843 2.97221e-20)
(0.0273072 0.0421007 -1.80366e-19)
(-0.049361 0.0866236 5.78515e-20)
(-0.104763 0.0659638 -1.16311e-20)
(-0.193466 -0.0487657 -1.71643e-20)
(-0.169093 0.0249229 1.50468e-20)
(0.0234864 0.0523601 1.56523e-19)
(-0.00665725 0.0822566 2.71668e-20)
(0.0134053 -0.616139 4.75765e-19)
(-0.0766501 0.07565 7.48376e-20)
(0.0189153 0.06067 -2.21073e-20)
(0.253745 -0.885709 3.40011e-18)
(0.000338858 -0.0424076 1.64485e-20)
(0.0303861 0.00371812 2.68214e-20)
(-0.132849 -0.396108 1.06222e-18)
(-0.0661515 0.0808524 1.244e-20)
(-0.188196 0.0207533 6.7381e-20)
(-0.054451 0.0761444 -2.49439e-19)
(0.0139878 0.0668899 -9.39941e-20)
(-0.161495 0.0312256 -5.25417e-20)
(0.00674487 -0.640714 3.64159e-19)
(0.0171214 -0.590655 1.6771e-19)
(-0.000938553 0.078834 2.20358e-20)
(-0.0815721 0.0724671 7.38218e-20)
(-0.20882 -0.0083898 1.90538e-20)
(-0.00344559 -0.78126 -3.23173e-19)
(-0.109158 0.0613457 1.88376e-20)
(-0.0340199 -0.0762222 2.80577e-20)
(0.0257854 0.0254862 2.95194e-21)
(0.00901396 0.071013 2.75341e-20)
(0.027879 -0.0123189 -2.27772e-20)
(0.0432657 -0.645194 8.36351e-19)
(-0.0267422 0.0812116 6.42757e-21)
(-0.399055 0.38477 -6.99457e-19)
(0.0199884 -0.021945 -2.40008e-21)
(-0.035526 0.0807307 1.42409e-20)
(-0.150168 0.0423401 2.61833e-20)
(-0.0230386 0.0808841 6.56838e-21)
(-0.0198307 -0.074121 2.59921e-20)
(-0.140277 0.0469406 8.64316e-21)
(-0.388381 -0.0287841 9.0772e-19)
(-0.37179 0.0188599 -1.6409e-19)
(-0.525447 0.275339 -1.72058e-19)
(0.00649222 -0.0555287 -1.99554e-20)
(0.000715265 0.076524 1.88115e-20)
(-0.142257 -0.282881 2.80211e-20)
(0.0239358 0.037251 -8.91399e-20)
(-0.0154263 0.0799173 6.41883e-21)
(-0.039793 0.0801354 1.91359e-20)
(0.00554512 -0.0394112 -6.09945e-21)
(-0.176601 0.0201263 -1.89616e-19)
(-0.119781 -0.332336 1.45021e-19)
(-0.0725777 -0.435201 3.26881e-19)
(-0.36132 0.519013 4.19051e-19)
(-0.0915803 0.0654362 7.01166e-20)
(0.0209542 0.0477248 1.00615e-19)
(0.0258407 -0.554662 3.91508e-18)
(-0.137147 -0.263203 3.1587e-19)
(-0.164443 0.0243683 -4.92125e-21)
(-0.129332 0.0500869 -2.30751e-19)
(-0.199076 0.00628477 6.06536e-20)
(0.0172251 0.0565014 -2.82644e-20)
(0.0263412 0.0131426 1.46177e-20)
(-0.0124832 0.07885 7.98676e-21)
(-0.0385005 -0.489595 8.04325e-19)
(0.0061769 -0.570891 2.13922e-18)
(-0.0829878 -0.0568406 -1.2448e-20)
(0.0130914 0.0633484 -5.10192e-20)
(-0.171658 0.0194383 -6.28935e-20)
(-0.329237 -0.0251515 2.98223e-20)
(-0.103003 -0.0477144 -8.06567e-20)
(0.0106835 -0.0281888 -2.29149e-20)
(0.00423714 0.0731302 1.91608e-20)
(-0.580334 -0.205519 2.52971e-18)
(-0.0064038 0.0769352 1.35005e-20)
(0.00882977 0.0681876 -1.5435e-20)
(0.0198553 -0.556039 7.73369e-20)
(0.19238 -0.517178 1.54834e-17)
(-0.0961523 0.0614611 6.62708e-20)
(8.39876e-06 -0.557438 2.33762e-18)
(-0.193575 0.0104654 1.12208e-19)
(-0.157496 0.031085 -1.15701e-19)
(-0.202912 -0.0399523 4.60479e-19)
(-0.168023 -0.200376 -1.06189e-20)
(-0.00151924 -0.0597645 -3.9883e-20)
(-0.117456 0.0522596 7.12497e-20)
(0.183637 -0.454633 2.82268e-19)
(-0.0647734 0.0718928 2.42297e-20)
(-0.0495469 0.0778279 -1.77476e-19)
(-0.269627 -0.0264083 -3.0252e-21)
(-0.0291766 -0.179398 1.81539e-18)
(-0.00440271 0.0754313 1.89953e-20)
(0.0324151 -0.632278 4.05767e-17)
(-0.0570062 -0.058746 -4.26284e-20)
(-0.0694228 0.0693769 4.63541e-20)
(-0.0402956 -0.39714 3.39425e-18)
(0.0046651 0.0710465 1.91858e-20)
(-0.17653 -0.164096 -2.60065e-20)
(0.0254809 0.000151219 6.12273e-21)
(0.0194671 -0.0175494 5.05508e-21)
(-0.0420235 -0.0611253 -4.79234e-20)
(-0.47155 0.193032 4.61909e-19)
(-0.15208 0.0371963 1.52218e-20)
(-0.0791258 0.0636227 -1.83498e-19)
(0.0972415 -0.373426 1.25016e-19)
(0.315992 -0.604171 3.03651e-19)
(-0.142399 0.0424418 3.04261e-20)
(-0.132298 0.0454771 -3.39977e-19)
(0.0120595 -0.0249737 -1.92198e-20)
(-0.183003 0.0141191 2.40117e-20)
(0.0248914 -0.00776244 -3.08894e-20)
(-0.0538799 0.067685 5.47843e-21)
(0.0181409 0.0313245 8.27657e-21)
(-0.135423 -0.037027 -1.42211e-19)
(-0.000167704 0.0734068 1.79813e-20)
(-0.0316585 0.0739063 7.82372e-21)
(-0.0204487 0.0745621 3.6006e-21)
(0.0122371 -0.159697 2.63573e-18)
(0.0167052 0.0420486 -3.15427e-20)
(-0.0280062 0.0742276 5.16349e-21)
(0.0777337 -0.4061 7.186e-20)
(-0.00128431 -0.491642 5.78177e-19)
(-0.163875 0.0181214 4.27795e-20)
(0.624693 -0.3234 1.16473e-18)
(-0.0174179 0.0742016 2.76613e-21)
(0.0144981 0.0514752 8.83644e-20)
(0.000705326 -0.0303399 1.2967e-20)
(-0.120998 0.0477343 1.32131e-19)
(-0.198232 -0.0150971 4.23263e-20)
(-0.0836547 0.0602884 -2.46438e-19)
(0.0185691 0.0198527 1.341e-20)
(-0.105136 0.0532788 2.9085e-20)
(0.0118033 0.0592539 -1.90462e-20)
(-0.0111217 0.0736186 -1.63893e-21)
(0.3857 -0.320657 -1.71904e-18)
(-0.0710858 -0.229296 3.0481e-18)
(-0.157494 0.0237801 -2.78956e-19)
(0.00885591 0.0651972 -2.7384e-20)
(-0.187903 -0.0811258 -4.74875e-19)
(-0.0222874 -0.0541268 1.67256e-20)
(-0.17803 0.0145475 -6.16335e-20)
(-0.286348 0.961966 3.89274e-18)
(0.163823 -0.562754 4.65956e-19)
(-0.16983 0.0138878 -1.8563e-20)
(0.000762224 0.0720592 1.43869e-20)
(-0.0644517 -0.334541 3.57442e-19)
(0.44273 -0.253561 2.7066e-17)
(0.26216 0.142729 2.6335e-17)
(-0.0401525 0.0722253 1.34971e-20)
(-0.00887038 0.0728356 -6.73464e-21)
(0.00584801 0.0692445 -1.38549e-21)
(0.195309 -0.493429 1.09358e-18)
(-0.194668 -0.0064035 5.88976e-20)
(-0.0123104 -0.0529523 1.12137e-20)
(0.00401956 -0.028708 -1.34481e-20)
(-0.489872 0.107906 2.67561e-19)
(-0.0871775 -0.0233417 1.29472e-18)
(-0.0261092 -0.375845 9.05083e-19)
(-0.00411418 0.0720838 1.36235e-20)
(-0.0443205 0.0710618 1.92499e-20)
(-0.111566 -0.257342 -4.87342e-20)
(-0.161018 0.0178199 5.01844e-20)
(-0.154769 0.0236341 -1.99189e-19)
(-0.16682 0.0134337 2.05089e-20)
(0.0181872 0.00805003 1.76306e-20)
(-0.109109 0.0490055 4.0383e-20)
(0.014226 0.0276082 3.02597e-20)
(-0.185699 -0.105691 -6.53098e-19)
(-0.147023 0.0337536 8.30178e-20)
(-0.0928472 0.0531368 4.09564e-20)
(-0.057056 -0.0412811 4.15803e-20)
(-0.0718713 -0.0343746 -4.55754e-21)
(-0.186789 0.00432354 1.60727e-20)
(0.0029334 0.0714374 1.8338e-20)
(-0.0675616 0.0608739 4.84591e-20)
(0.0132574 0.0384775 -1.89687e-20)
(0.0304696 -0.422554 6.22737e-19)
(-0.0583475 0.0656064 2.06386e-20)
(0.0116489 0.0482994 3.25906e-20)
(-0.149509 0.029026 1.87262e-19)
(0.00961588 0.0566509 1.70106e-20)
(-0.127922 0.0392242 -6.01195e-20)
(0.0245713 -0.451219 3.95397e-19)
(0.0432494 -0.456404 1.73338e-18)
(0.149809 -0.336354 3.09527e-21)
(0.891964 -0.218696 2.37443e-19)
(-0.0719 0.0581154 7.76665e-20)
(-0.138017 0.0371624 1.27043e-20)
(0.00734445 0.0632704 -1.82252e-20)
(-0.212722 -0.0164528 -4.78924e-21)
(0.185793 -0.320408 9.72583e-19)
(-0.00276247 0.0713991 3.72938e-20)
(-0.00891961 -0.0280192 2.16863e-20)
(0.0120384 -0.0165207 2.22746e-20)
(0.00498621 0.0680349 -1.54768e-20)
(0.0145059 0.016383 1.23226e-20)
(-0.130145 -0.220173 1.03483e-20)
(-0.0246326 0.0683231 4.06506e-21)
(0.0770738 -0.472789 3.37337e-18)
(-0.0387724 -0.0420526 -8.6334e-21)
(0.00631655 -0.0222102 -1.49568e-20)
(0.0726111 -0.394291 4.67839e-18)
(-0.015127 0.0691414 6.70376e-22)
(-0.182416 0.00718053 -4.88287e-20)
(-0.0215528 0.0685643 2.73897e-21)
(0.0172826 -0.00758294 -9.95192e-20)
(-0.0279605 -0.0440078 -7.31715e-20)
(-0.859412 0.441478 -3.89689e-21)
(-0.116914 0.0407252 7.98458e-20)
(-0.15725 0.0171885 -1.10526e-19)
(-0.0940721 -0.0275828 -2.16944e-20)
(-0.140663 0.0333919 3.93129e-20)
(-0.0967435 0.16008 1.498e-18)
(-0.0320968 0.0668763 9.02854e-21)
(-0.174695 0.00950079 -3.40466e-20)
(-0.0809607 0.0519769 -5.74682e-22)
(-0.0126967 0.0689844 -1.2614e-22)
(-0.146601 0.0253961 8.61809e-20)
(0.00267252 0.0709367 2.72751e-20)
(-0.131221 0.0351386 -2.35478e-20)
(0.443588 -0.253963 -4.49428e-19)
(-0.0970395 0.0492676 3.68084e-20)
(-0.00396288 -0.0283295 1.73654e-20)
(-0.162975 0.0125664 -3.74172e-20)
(-0.171591 0.00970163 -1.25535e-20)
(-0.0480728 0.0616612 3.46733e-20)
(0.000221382 0.0719009 1.48738e-20)
(0.00854654 -0.433093 2.39094e-19)
(-0.0356771 0.0660139 1.30409e-20)
(-0.00755462 0.0693616 -2.84663e-20)
(0.519536 -0.237771 2.76249e-19)
(-0.19011 -0.043969 2.26521e-19)
(-0.138135 0.0280257 2.64153e-20)
(0.0432944 -0.223292 4.22296e-18)
(-0.120525 0.0366481 4.08485e-20)
(0.00399322 -0.452017 1.23706e-19)
(0.0139568 0.00477614 3.35461e-21)
(-0.167725 0.00915889 1.27634e-20)
(0.209263 -0.767997 6.98593e-19)
(0.000575259 -0.456015 4.84513e-19)
(-2.18955 0.106303 8.70899e-19)
(-0.00587146 0.0692796 -5.87997e-20)
(-0.0415539 -0.28643 -7.68452e-19)
(0.314993 -0.681333 8.09683e-19)
(0.000384458 -0.0243546 -8.92508e-21)
(-0.149884 0.0208608 6.0988e-21)
(-0.0851811 0.0485743 1.17906e-20)
(-0.236924 0.609885 -5.21822e-18)
(-0.162206 0.0121858 -1.4978e-19)
(-0.12828 0.0288278 -6.13731e-21)
(-0.141598 0.0250889 5.35584e-20)
(0.000492812 0.0720643 2.87308e-21)
(-0.0569354 0.057578 2.26642e-20)
(0.00976474 -0.420338 -2.77589e-20)
(-0.155952 0.0166487 3.38364e-20)
(-0.0698691 -0.25768 -2.69542e-19)
(0.00687603 -0.0204285 -5.85969e-21)
(-0.105435 0.0414704 3.5905e-20)
(-0.189336 -0.0304426 8.8212e-20)
(0.010952 -0.0129291 2.63038e-20)
(-0.0610038 0.0552875 2.69972e-20)
(-0.0439849 0.0633105 3.86453e-20)
(-0.00708903 -0.0381937 7.08942e-22)
(0.0297749 -0.338192 7.24301e-19)
(-0.0143672 -0.0386241 -3.90252e-20)
(-0.186046 -0.0111317 8.65621e-20)
(0.0037042 -0.690888 4.77691e-18)
(-0.161991 -0.511723 1.02112e-17)
(0.430802 -0.449535 -1.28921e-18)
(0.0134213 -0.0024801 -1.12802e-19)
(-0.149153 0.0157027 -1.59782e-19)
(-0.161865 -0.0100896 -4.90899e-20)
(-0.0697026 0.0500187 7.02139e-20)
(-0.132504 0.0250025 4.51647e-21)
(0.098097 -0.625871 7.34902e-19)
(-0.109326 0.0374959 3.38507e-20)
(-0.00221 0.070796 6.34173e-20)
(-0.167142 0.00874719 1.19642e-20)
(-0.153524 -0.156096 -1.16326e-20)
(-0.954646 0.522208 2.79054e-18)
(-0.10704 0.0714939 -8.40395e-19)
(-0.141985 0.0191531 9.03214e-20)
(-0.171232 0.00625594 1.24015e-21)
(-0.0796523 0.302325 2.62067e-18)
(0.0135116 -0.152588 2.96096e-17)
(0.0435648 -0.426678 3.84518e-17)
(-0.0387135 -0.0299748 -4.02552e-20)
(0.317341 -0.277067 -9.03927e-19)
(-0.146228 0.0168787 2.16248e-19)
(-0.0497135 -0.0246109 9.38641e-22)
(-0.0184949 0.0637198 2.93286e-21)
(-0.17737 0.00287741 -1.68147e-19)
(-0.0249963 0.0621426 7.85484e-21)
(-0.11749 0.0297394 1.73174e-20)
(-0.174675 0.00479255 -6.9838e-20)
(-0.0738029 0.0470768 6.24273e-20)
(-0.129456 -0.258869 3.91003e-17)
(-0.0471398 0.054123 3.05038e-20)
(0.0111704 -0.435742 6.10684e-19)
(0.0458435 -0.45431 6.84924e-19)
(-0.183211 -0.00470721 1.43739e-19)
(-0.170812 0.00625006 1.45953e-20)
(0.329265 -0.202016 -3.44324e-19)
(-0.0357986 0.17736 2.09022e-18)
(-0.0280949 0.0613943 1.31565e-20)
(0.00262454 -0.0244656 -1.85117e-20)
(-0.0159319 0.0640999 1.81178e-21)
(0.00821007 0.0211607 -4.9773e-21)
(-0.00521925 -0.0229067 3.47347e-20)
(0.00806215 0.0330702 8.44187e-20)
(-0.093825 0.0414463 2.87378e-20)
(-0.0647504 -0.0205897 -7.91496e-20)
(0.267312 -0.295221 -3.4725e-19)
(0.121786 -0.315514 -1.03199e-18)
(0.0075016 0.0442313 -4.00209e-20)
(-0.17295 -0.0798673 -5.7055e-19)
(0.625885 -0.133188 3.38651e-19)
(-0.121723 0.0258698 3.11926e-21)
(-0.0105004 0.0654619 2.11415e-21)
(0.0496672 -0.451758 1.07189e-19)
(0.00659487 0.0540992 1.73374e-20)
(-0.131921 0.0180145 9.65061e-22)
(0.00546585 0.0622958 -1.6115e-21)
(0.0828113 -0.358547 1.13672e-18)
(1.16417 1.25747 1.16051e-18)
(0.00421817 0.0686116 -9.06354e-21)
(-0.001493 0.0715656 2.96297e-20)
(0.151431 -1.15166 4.57559e-18)
(-0.13845 0.0141596 2.04945e-20)
(-0.155775 0.00910058 -2.45524e-19)
(0.789237 -0.156156 1.31356e-18)
(-0.0438622 0.22254 2.97282e-18)
(0.00293587 0.0729596 -2.29039e-20)
(-0.0389603 0.0576883 2.9825e-20)
(-0.0259819 -0.0301258 -4.59611e-20)
(-0.0978705 0.0377043 4.78258e-20)
(-0.03543 0.059008 2.22331e-20)
(-0.162429 0.0106008 2.311e-19)
(-0.00855814 0.0659004 3.86175e-22)
(-0.172572 0.00527451 8.49118e-20)
(-0.0824018 0.0406886 6.37033e-21)
(0.277624 0.094134 -1.16111e-19)
(-0.0591888 0.0475494 1.63272e-20)
(0.00799824 0.00893292 3.68652e-20)
(-0.16818 0.0074535 -3.14028e-19)
(0.092962 -0.346449 -5.39937e-19)
(-0.106351 0.0301809 2.96008e-20)
(-0.0036595 -0.257576 -1.0289e-19)
(-0.0509789 0.0521399 2.43644e-20)
(-0.0180539 -0.0318916 8.70836e-21)
(-0.03071 0.869144 1.07603e-18)
(-0.120301 -0.0059306 1.94566e-21)
(0.408365 -0.166565 -1.2562e-19)
(0.00169538 0.0753678 8.20525e-20)
(-0.161513 -0.127674 -8.05172e-20)
(-0.108916 -0.199392 7.74305e-20)
(-0.0630724 0.0450105 9.84748e-21)
(-0.00434928 0.0682876 -1.7715e-19)
(-0.110654 0.0263331 -2.02448e-21)
(-0.00152922 -0.0249271 1.56114e-20)
(-0.120531 0.0185139 -1.56084e-20)
(-0.0864682 0.0372635 -2.30622e-20)
(-0.0807208 0.293009 1.54784e-18)
(0.030848 -0.268634 5.56936e-19)
(-0.172879 0.00220021 -1.62592e-20)
(-0.010071 -0.0181733 2.14638e-20)
(-0.152831 0.0134562 1.27424e-19)
(0.144244 -0.351846 4.5879e-18)
(-0.126735 0.014763 -1.41072e-20)
(-0.175573 0.00385479 3.17198e-20)
(-0.172916 0.00338409 -8.78409e-22)
(-0.0714004 0.0393158 3.25223e-20)
(0.00671472 -0.00215409 -2.998e-20)
(-0.0416715 0.0490289 3.29084e-20)
(-0.021312 0.057536 1.04141e-20)
(0.004643 -0.0134716 5.65013e-20)
(-0.0950605 0.0301475 4.65334e-20)
(-0.176076 -0.0609007 -3.3963e-19)
(0.0294586 0.328357 3.46139e-18)
(-0.163825 0.0088964 1.80712e-19)
(-0.0561257 -0.222712 3.77521e-19)
(-0.174879 -0.0030513 2.86597e-19)
(0.000540293 0.0759461 -3.67704e-20)
(-0.175066 0.00459603 1.00403e-19)
(-0.0309305 0.0539399 2.65541e-20)
(-0.0186514 0.0583704 6.0905e-21)
(0.00196417 -0.0214352 -2.50692e-20)
(-0.0494463 0.0448538 2.43226e-20)
(-0.00325776 0.0695688 -1.501e-19)
(-0.170103 0.00663205 -2.29598e-19)
(-0.0753677 0.0362374 3.5119e-20)
(0.0103979 -0.330529 1.98936e-19)
(-0.0381787 0.0507395 3.24299e-20)
(0.138178 -0.227469 5.58213e-18)
(-0.0278404 0.0551104 3.02067e-20)
(-0.178988 -0.0325671 4.01751e-20)
(-0.0530611 0.0426369 2.06936e-20)
(-0.178521 0.00341382 4.89177e-20)
(0.233649 -0.248792 -3.70324e-20)
(-0.176404 -0.00765816 4.00778e-19)
(0.231216 -0.187142 3.98224e-20)
(-0.178605 -0.0220902 3.11838e-20)
(-0.00506534 -0.0219508 1.42347e-20)
(-0.0993658 0.0264264 8.71622e-20)
(0.576719 -0.0448862 3.07225e-19)
(-0.15609 0.00610811 -5.06209e-20)
(-0.142712 0.0077321 -6.77928e-20)
(-0.077507 0.357483 1.43066e-18)
(-0.0129944 0.0605788 4.10841e-21)
(0.45284 -0.0954933 2.10154e-19)
(-0.0404166 0.0421962 2.05831e-20)
(-0.109092 0.0187547 -1.21803e-20)
(0.284487 -0.154395 -1.69575e-21)
(-0.044082 -0.0154165 1.37835e-20)
(-0.0884258 -0.00312964 -5.18222e-20)
(-0.814497 1.03079 6.79338e-18)
(-0.060972 0.0375215 -1.67842e-19)
(-0.0769279 -0.200728 1.68432e-19)
(-0.123622 -0.171075 4.04017e-20)
(0.191029 -0.270782 1.70957e-19)
(-0.00459302 -0.213747 3.69906e-19)
(-0.0283553 -0.204348 2.94333e-19)
(-0.000813613 -0.0260387 -3.21975e-20)
(-0.0838643 0.0296325 -1.88838e-19)
(-0.033932 -0.0174849 -6.15451e-20)
(-0.0511886 0.0355199 2.59527e-20)
(-0.0332444 0.0460829 2.12123e-20)
(-0.115074 0.0150091 -2.18568e-20)
(-0.0437735 0.0401936 3.07323e-20)
(-0.0108438 0.0614609 5.4202e-21)
(-0.0256084 -0.0217786 -6.25569e-20)
(0.12182 -0.265089 2.1066e-18)
(-0.000505366 0.0748381 -1.03327e-21)
(-0.0647492 0.0347721 -1.97733e-19)
(-0.030158 0.0476145 -1.05711e-21)
(0.0520914 -0.210606 5.07219e-19)
(-0.0236498 0.050751 3.20928e-20)
(0.151699 -0.241549 -7.37805e-20)
(0.00336772 0.00352484 1.28309e-20)
(-0.176931 0.00193286 1.16405e-20)
(0.0557002 -0.363305 -1.00812e-19)
(0.00304964 0.0130489 6.71392e-20)
(-0.0729697 0.0286906 4.05711e-20)
(0.0026766 0.0226507 -5.20639e-20)
(-0.0547179 0.0330529 3.49589e-20)
(-0.171655 -0.00441766 1.18219e-19)
(0.00218624 0.031491 -1.38355e-20)
(-0.0880945 0.0261205 -2.46925e-19)
(-0.130439 0.00758154 -1.11123e-20)
(0.00162382 0.0392039 4.63901e-21)
(-0.0420652 0.0335071 1.95975e-20)
(0.0103337 -0.179095 1.63849e-19)
(-0.00349984 -0.0271394 1.44284e-20)
(0.00102714 0.0455397 -3.59158e-21)
(0.000422341 0.0503656 -5.23663e-21)
(-0.0209262 0.0519619 1.82117e-20)
(0.235499 0.0846618 -8.91615e-20)
(-0.0453168 0.0312662 3.84549e-20)
(-0.172691 -0.00128749 3.7623e-20)
(-0.00619391 0.0645862 2.92354e-20)
(-0.0351219 0.0379204 -1.29438e-19)
(-0.180637 0.00224219 2.75276e-20)
(0.198109 -0.434156 -1.85329e-19)
(0.90128 1.77474 1.05891e-18)
(0.121389 3.65363 -1.87098e-19)
(-0.000167236 0.0536501 9.94106e-20)
(-0.0151008 0.0548825 5.60366e-21)
(-0.0975881 0.0187095 1.97512e-19)
(-0.0625296 0.0274445 -2.37847e-20)
(-0.190234 0.0017525 2.21106e-20)
(-0.0320581 0.0397565 -1.06839e-19)
(0.302549 -0.0881215 8.17664e-20)
(-0.180806 0.00423375 6.4497e-20)
(-0.0255665 0.0435074 -1.32443e-19)
(-0.0526371 0.0260457 3.05521e-20)
(-0.185182 0.00292063 -9.50853e-20)
(-0.00535554 -0.0246633 -3.28305e-20)
(-0.0168446 -0.0219205 -1.17204e-20)
(0.115926 -0.276086 -2.21925e-19)
(-0.000720897 0.0554467 -6.50687e-20)
(-0.193262 0.00162202 -1.48845e-20)
(-0.0770449 0.0254329 7.48541e-20)
(-0.0642722 -0.00132537 2.4476e-20)
(0.0298357 -0.178128 2.05343e-19)
(-0.0335617 0.0316589 -1.22931e-19)
(-0.0433359 0.0246466 1.43605e-19)
(-0.0272555 -0.173925 -1.4906e-19)
(-0.02281 0.0450244 -1.21701e-19)
(0.00357483 -0.00670546 5.28097e-21)
(0.00397605 -0.0149123 1.02088e-20)
(-0.10329 0.0150591 2.60813e-19)
(-0.0663827 0.024448 3.74247e-21)
(0.00346828 -0.0214492 4.8583e-20)
(-0.170752 -0.0149198 -3.02566e-20)
(-0.00143108 0.0722401 -1.07424e-20)
(-0.0365453 0.0295726 -1.27931e-19)
(-0.00479185 0.0662913 3.71694e-20)
(0.408489 -0.0426789 2.13162e-19)
(-0.137599 0.00900435 9.96337e-20)
(-0.125416 -0.00570402 2.02586e-19)
(-0.117839 0.00781261 3.03156e-20)
(-0.0109982 -0.0238719 2.79012e-20)
(0.083417 -0.201169 9.79031e-19)
(-0.170299 -0.022779 -3.39625e-20)
(-0.04662 0.0220935 1.63179e-19)
(-0.0562209 0.0232896 1.43615e-20)
(-0.153292 -0.0964739 -1.02539e-20)
(0.000515608 -0.157675 -7.09293e-21)
(-0.0168765 0.0485279 8.85037e-21)
(-0.164353 -0.0591531 -2.88634e-20)
(-0.02713 0.0359278 3.33459e-20)
(0.00325625 -0.0249446 1.1618e-20)
(-0.141302 -0.0887829 6.39367e-20)
(-0.0133437 -0.153999 -3.93111e-20)
(-0.0127795 0.0561347 5.84169e-21)
(-0.00663298 -0.0109878 -2.03755e-20)
(-0.0670347 -0.174722 9.49163e-20)
(-0.00122647 0.055851 -1.54133e-20)
(-0.167234 -0.0446793 -8.80408e-22)
(0.246951 -0.528438 3.06313e-19)
(0.0298261 -0.307896 -1.12484e-19)
(0.0694992 -0.275935 6.94925e-20)
(-0.0445021 -0.164143 2.98585e-20)
(-0.0243596 0.0376938 2.89578e-20)
(-0.0346407 0.0233884 -8.94699e-21)
(-0.0541786 0.0161959 1.04656e-20)
(-0.104097 0.00447808 -1.25521e-19)
(-0.0643758 0.0170418 4.54853e-22)
(0.285971 -0.0440903 -3.28918e-19)
(-0.0293305 -0.0115441 -2.48921e-20)
(0.108558 0.184692 4.2896e-18)
(-0.0376032 0.0209941 -1.8043e-20)
(-0.15792 -0.0421165 -1.43863e-20)
(-0.166344 -0.0143806 -2.35408e-20)
(-0.0183681 0.0416606 -2.73602e-21)
(-0.0832522 -0.156347 7.63273e-20)
(-0.0445276 0.0153783 2.76637e-20)
(-0.195694 0.00128711 6.04485e-20)
(-0.0144218 0.0500784 4.78106e-21)
(0.0423292 0.309995 2.91479e-18)
(0.0234514 0.27152 3.09e-18)
(0.16498 -0.228992 2.65558e-18)
(0.00289907 -0.0253145 -1.49439e-20)
(-0.0861943 0.0183857 -1.01868e-19)
(0.0221581 -0.148713 3.61259e-20)
(-0.0283577 0.0281273 -8.12709e-20)
(-0.108813 -0.154087 6.5919e-20)
(-0.00776287 0.0598721 1.03971e-20)
(-0.169044 -0.00870373 2.36872e-20)
(-0.0750776 0.017805 3.87064e-20)
(-0.175956 -0.00157263 1.96281e-20)
(0.179934 -0.154495 1.25593e-19)
(-0.148256 -0.0708762 3.43456e-20)
(-0.00167623 0.05497 9.89385e-20)
(0.00248425 -0.0226556 -2.35312e-20)
(-0.0256322 0.0300989 -6.88325e-20)
(-0.146254 0.000901947 -1.12523e-19)
(-0.0462955 9.48313e-05 5.15814e-21)
(-0.138734 -0.0640925 3.31247e-20)
(-0.0483415 0.0127289 1.43293e-20)
(-0.0584008 0.013355 1.10094e-21)
(-0.129986 0.00580484 -4.07034e-20)
(-0.0196388 0.034429 3.3559e-20)
(-0.0944215 0.00446352 -7.96353e-22)
(-0.105092 0.00780018 1.95027e-20)
(-0.161077 -0.030926 -2.79482e-20)
(-0.12137 -0.13115 7.18772e-20)
(-0.139887 0.00204685 4.92546e-20)
(0.00229249 -0.14911 -8.44059e-20)
(-0.0158128 0.043438 2.51007e-21)
(-0.143284 0.00114362 -6.27392e-20)
(-0.14542 -0.119441 4.08624e-20)
(-0.0354228 0.014712 -1.53077e-20)
(0.0336603 -0.241038 1.71608e-19)
(-0.0265622 0.0223829 3.15038e-20)
(-0.180906 3.57932e-05 1.09317e-20)
(-0.0291851 0.0201189 2.13048e-20)
(0.0570412 -0.128038 6.69168e-20)
(-0.00910125 0.054306 7.5051e-21)
(-0.121521 -0.0978085 9.80668e-20)
(0.00276831 -0.0223239 -1.48451e-20)
(0.00364159 -0.0154748 -3.08979e-20)
(-0.14511 -0.0501147 6.60622e-21)
(0.142232 -0.18692 4.08879e-21)
(-0.0915758 0.0148954 -1.4384e-19)
(-0.113153 -0.0858377 9.60061e-20)
(-0.0416895 -0.141192 -2.13706e-19)
(-0.07551 -0.136045 4.93319e-20)
(-0.0388294 0.0122045 -9.35969e-21)
(-0.0690041 0.0139823 2.70761e-21)
(-0.148343 0.000977282 1.42008e-19)
(-0.0561085 -0.130314 -1.24149e-19)
(-0.155836 -0.0276959 -1.53796e-20)
(-0.0170114 0.036353 2.19773e-20)
(-0.0892709 -0.119675 3.09501e-20)
(-0.0207181 0.0270161 2.93801e-20)
(-0.0156624 -0.137356 2.46434e-20)
(0.1651 -0.0964927 5.45112e-19)
(0.183092 -0.0500419 2.8816e-19)
(-0.0268566 0.0143224 1.35476e-20)
(-0.11048 -0.116879 8.45351e-20)
(-0.0274941 -0.129702 4.31323e-20)
(-0.0226101 -0.0123718 -1.56419e-20)
(0.344007 1.07669 4.82825e-18)
(-0.0573993 0.00668943 -5.18949e-21)
(-0.0849366 0.00453172 1.44381e-19)
(-0.13954 -0.0434771 1.42146e-20)
(-0.171617 -0.00725022 7.13654e-22)
(-0.046852 0.00635198 4.47158e-21)
(-0.122895 -0.0703479 7.9119e-20)
(-0.00223104 0.0683617 7.31252e-21)
(-0.00207087 0.0529654 -7.55286e-20)
(-0.0298238 0.0119048 3.34935e-21)
(-0.0213947 0.019579 3.29092e-20)
(-0.0180861 0.0289876 2.53355e-20)
(-0.0102562 0.0480337 6.07738e-24)
(0.0224645 -0.0808401 -3.7852e-20)
(0.00885864 -0.107137 -4.01351e-20)
(-0.00610262 0.0619203 1.38683e-20)
(-0.00792151 -0.136294 -6.17264e-20)
(-0.0685443 0.00705812 -3.65985e-20)
(-0.0368236 0.00611874 -7.51749e-21)
(-0.0189685 0.0141522 1.58569e-20)
(-0.0159041 -0.0162793 8.39272e-21)
(-0.019035 0.0215712 3.21661e-20)
(-0.117739 -0.0598818 8.88547e-20)
(-0.0112659 0.041187 2.81289e-21)
(0.0862435 -0.164555 -2.73186e-20)
(0.0439976 -0.169583 -3.37218e-20)
(-0.160822 -0.0191929 -1.62455e-20)
(-0.0212946 0.0118969 1.18637e-20)
(-0.0529036 -0.111496 1.79073e-19)
(-0.197015 0.000174733 4.01323e-21)
(-0.150177 0.00076734 1.82271e-20)
(-0.147166 -0.0323642 1.67916e-21)
(-0.0832298 -0.103004 -2.75067e-19)
(-0.0800977 0.014521 4.68124e-21)
(-0.0662753 -0.100005 9.71027e-20)
(-0.00819193 0.0505495 -4.28211e-21)
(-0.0386093 -0.104206 -4.06559e-20)
(-0.0955766 -0.088361 -2.39725e-19)
(-0.0271237 0.00609762 3.71058e-21)
(0.00137586 -0.108166 -4.19973e-20)
(-0.0122064 0.0338874 1.28979e-20)
(0.141661 -0.0169822 8.91652e-19)
(-0.00722094 0.056624 1.64141e-20)
(-0.0400633 0.00403411 -1.25948e-21)
(-0.0267246 -0.114476 -1.43042e-19)
(-0.0483992 0.00418321 -7.88249e-20)
(-0.0925094 0.00765909 -9.01083e-20)
(-0.0754599 0.00453597 -1.47051e-19)
(-0.0917616 -0.0741619 -2.09026e-19)
(0.0720274 -0.0314841 -1.80535e-19)
(-0.127881 -0.0470405 3.7543e-20)
(-0.0151513 -0.114341 6.30885e-20)
(-0.0131671 0.0262842 1.29988e-20)
(-0.178428 -0.00383792 4.54699e-21)
(-0.0320296 0.00391649 -2.67679e-21)
(-0.017527 0.00633625 -1.09522e-21)
(-0.0140046 0.0187281 1.58192e-20)
(-0.00349113 0.0575276 3.70011e-20)
(-0.00401298 0.0508741 -2.63751e-20)
(-0.00292022 0.0415687 -6.39155e-20)
(-0.162728 -0.0152835 -4.93242e-21)
(-0.0330984 0.00112822 8.91728e-20)
(-0.148411 -0.0253523 7.90966e-21)
(-0.0241455 0.00386961 7.746e-22)
(-0.0132085 0.0116898 -3.01863e-20)
(-0.103776 -0.0610338 -1.80825e-19)
(-0.0371598 -0.0884876 2.27515e-19)
(-0.0030389 -0.0972788 -4.12708e-20)
(-0.150349 -0.00150122 -2.43225e-21)
(-0.195936 -0.00200962 -9.80812e-22)
(-0.190878 -0.0053486 -5.9234e-21)
(-0.080276 0.00739881 3.60855e-20)
(-0.0224866 -0.0838456 1.91238e-19)
(-0.0570951 0.00433465 1.03018e-19)
(-0.0161437 0.00394149 1.27844e-21)
(-0.0498008 -0.0775966 1.45074e-19)
(-0.128404 -0.0365564 2.64504e-20)
(-0.0640575 -0.0835361 1.45222e-19)
(-0.00904889 0.0438298 6.87308e-22)
(-0.0074266 -0.0772824 1.39188e-20)
(-0.00765411 0.00410556 -4.52758e-20)
(-0.00746877 0.00673893 4.60136e-20)
(-0.0119421 0.0128779 -3.0088e-20)
(-0.103405 -0.0472613 6.12727e-20)
(-0.0753336 -0.0557808 8.15973e-20)
(-0.00984475 0.0365815 6.52205e-21)
(-0.171973 -0.0096578 -3.99682e-21)
(-0.0768441 -0.072033 1.09923e-19)
(-0.0106796 0.0289008 9.00528e-21)
(-0.0128866 -0.046606 7.96497e-20)
(-0.0321812 -0.0403955 -1.38413e-20)
(-0.0115717 0.0209294 1.03594e-20)
(0.119041 0.0878779 2.35013e-18)
(-0.102453 -0.0259608 1.349e-20)
(-0.0721748 -0.0164609 -1.46361e-20)
(-0.0625604 -0.0301843 3.48939e-20)
(-0.0474263 -0.0593363 6.66258e-20)
(-0.091039 -0.0443446 6.11419e-20)
(0.0505177 -0.0734908 1.11962e-19)
(0.0328768 -0.0338488 -5.90902e-20)
(-0.00877667 -0.0115504 -1.32284e-19)
(0.0292373 -0.0277683 -2.4554e-20)
(-0.0187182 -0.0157429 -1.15094e-19)
(0.0723832 -0.0310682 -2.51507e-19)
(-0.00335732 0.0303933 3.72914e-22)
(-0.00497067 0.0355881 3.00848e-21)
(-0.066139 0.00446247 7.07219e-21)
(-0.00449042 0.0435372 -4.58016e-22)
(-0.0031508 0.0363015 -7.25939e-21)
(-0.00267498 0.0461496 9.55396e-20)
(-0.00555911 0.0269893 3.51615e-21)
(-0.00359329 0.0238008 8.67038e-22)
(-0.00240301 0.0499803 2.33039e-21)
(-0.00290899 0.0633995 -3.76737e-21)
(-0.162176 -0.0152033 2.09019e-20)
(-0.122823 -0.0101587 -2.04752e-19)
(-0.151223 -3.48179e-05 -2.2125e-21)
(-0.101137 -0.0135588 1.63436e-19)
(-0.13614 -0.0207858 2.50839e-20)
(-0.137577 -0.00671517 2.49167e-19)
(-0.180136 -0.00982732 1.13447e-20)
(-0.0349712 -0.0158266 1.43185e-20)
(-0.000510396 0.00289104 2.36641e-20)
(-0.00323009 0.000546269 -4.91299e-21)
(-0.00695517 0.00736339 3.38268e-20)
(-0.00427995 0.00797642 6.81575e-20)
(-0.00392043 0.0163766 2.20472e-21)
(-0.00627052 0.0176769 1.22447e-20)
(-0.146263 -0.00370929 -1.28392e-19)
(-0.0597803 -0.0498429 5.47059e-20)
(0.256679 -0.691089 7.28207e-19)
(-0.119332 -0.0359459 4.56855e-20)
(-0.160361 -0.0173845 8.03752e-21)
(-0.142818 -0.0265197 1.11416e-20)
(-0.0188091 -0.00870382 7.98229e-20)
(-0.0233178 0.00201191 4.78671e-20)
(0.270316 -0.407817 -2.65457e-19)
(0.407524 -1.22098 4.43838e-18)
(0.220876 -0.626221 8.88693e-19)
(-0.013828 0.00174784 -2.64297e-20)
(-0.0139329 -0.010079 1.96258e-20)
(0.220396 0.0529037 -6.05843e-20)
(-0.681168 0.293049 5.06949e-19)
(-0.00746692 -0.0152961 2.54653e-20)
(-0.010755 -0.00771428 2.14405e-20)
(0.691517 1.85171 -1.06284e-18)
(0.242812 -0.746177 8.64811e-19)
(0.274342 -0.612132 3.54819e-19)
(0.0387046 -0.519479 -8.70405e-20)
(0.00165434 -0.0136256 -1.85686e-20)
(0.0527199 -0.705579 2.1779e-19)
(0.184707 0.0559617 -2.73404e-20)
(0.87571 1.52971 -5.24699e-19)
(0.247276 -0.440854 -5.86705e-19)
(0.284071 0.136686 -3.1125e-20)
(0.0564162 -1.03408 6.01981e-19)
(-0.791148 1.04828 1.29038e-17)
(0.474876 0.829967 1.93639e-18)
(0.283722 -0.497201 -5.75992e-19)
(-0.0507131 0.193533 -6.67306e-19)
(-0.0615578 0.245136 -1.19843e-18)
(1.09994 -0.1015 1.56154e-18)
(1.00592 0.0185312 1.62186e-18)
(1.37965 -0.854682 -1.5859e-18)
(1.04979 -0.0280945 1.62256e-18)
(1.07653 0.0308701 1.45461e-18)
(0.922407 0.0432785 1.53225e-18)
(0.172441 -0.414834 3.03176e-19)
(0.190464 -0.757428 3.15274e-19)
(0.437861 -0.683621 2.21264e-19)
(0.899917 -0.210007 9.95194e-19)
(0.232921 -0.0727833 6.60674e-19)
(0.412619 -0.00481022 -5.356e-20)
(0.440212 -1.00234 9.5148e-20)
(0.637331 0.52978 8.30999e-19)
(0.17601 0.0295971 9.85231e-20)
(1.14562 -0.144537 6.27503e-19)
(-0.26398 1.71444 6.21958e-18)
(-3.12806 0.608009 -9.42912e-18)
(0.453192 -0.632031 1.9534e-19)
(0.381727 -0.51995 -2.1614e-19)
(1.30854 -1.50874 -1.83389e-18)
(0.316379 -0.888284 1.47623e-17)
(0.217889 -0.734562 9.85932e-19)
(0.0837418 -1.11616 5.12988e-18)
(1.30858 0.403104 1.36034e-19)
(0.912423 1.0191 -1.63169e-18)
(0.850626 0.285759 2.21517e-19)
(1.31663 -0.101258 1.64415e-18)
(1.52346 0.0550189 1.06882e-18)
(1.41853 -0.28951 5.31367e-19)
(1.55783 0.115163 1.89355e-18)
(1.51417 0.147027 -3.41379e-19)
(1.46517 0.0311448 1.89179e-18)
(0.561365 0.193793 -7.60546e-19)
(0.448887 1.3751 -1.76076e-18)
(0.171345 -0.393579 -2.75921e-19)
(0.56456 0.424013 2.53976e-19)
(-0.0471647 -0.824386 1.16559e-17)
(0.225994 -0.768691 7.76539e-19)
(1.45803 0.287258 2.94771e-18)
(0.727549 -0.431807 3.89001e-18)
(-3.00189 1.35776 -4.33513e-18)
(0.196953 -0.790163 9.2924e-18)
(0.709854 2.33627 1.47233e-17)
(1.26922 -0.183961 1.599e-18)
(0.567214 0.258952 4.85835e-21)
(0.819844 -0.473382 3.81502e-18)
(0.731873 2.33795 2.01768e-17)
(-1.2137 -0.586999 3.03207e-18)
(0.160177 -0.115258 4.4093e-18)
(0.731985 2.36255 1.19871e-17)
(0.489024 -0.859045 5.98797e-18)
(0.231494 1.57541 5.31971e-18)
(1.20246 0.392226 6.9413e-19)
(-0.63626 -0.408149 -5.31716e-19)
(0.485175 1.90873 9.04666e-18)
(0.49475 0.223088 8.14782e-20)
(-0.162222 0.0587146 1.28304e-18)
(1.09259 0.429253 2.75032e-18)
(-0.787178 -0.0391 -2.16628e-20)
(1.16555 -0.148924 2.96248e-18)
(0.21894 2.22601 7.78667e-18)
(0.19668 0.885989 -5.23604e-19)
(-0.478888 -0.943796 5.739e-18)
(0.464001 0.128253 2.07617e-19)
(-0.729653 0.122993 -4.89914e-19)
(0.635998 2.33909 -1.45618e-18)
(0.272064 2.04407 6.69475e-18)
(0.518653 0.222166 2.62888e-19)
(0.394445 0.117664 8.16471e-20)
(-0.576625 -0.445973 -4.81505e-19)
(0.5237 2.23328 8.89111e-18)
(-0.698247 -0.273374 -8.98922e-19)
(0.370604 0.0480885 -3.6311e-19)
(-1.32845 0.430405 1.47674e-18)
(0.320392 0.0570849 -7.17047e-19)
(-0.764864 -0.170466 -1.10916e-18)
(0.215159 -0.944823 1.13506e-17)
(0.240417 0.0182725 -5.02503e-20)
(0.245042 -1.13394 7.01317e-18)
(0.107735 -0.845634 1.55884e-17)
(0.0189972 -0.875708 1.13258e-17)
(1.07862 0.508142 4.19941e-18)
(0.283502 0.000593146 -6.44572e-20)
(0.994673 0.191568 2.0038e-18)
(0.897304 0.0051949 1.94822e-18)
(-0.789605 0.0567007 5.4353e-20)
)
;

boundaryField
{
    patch0
    {
        type            noSlip;
    }
}


// ************************************************************************* //
