/*--------------------------------*- C++ -*----------------------------------*\
  =========                 |
  \\      /  F ield         | OpenFOAM: The Open Source CFD Toolbox
   \\    /   O peration     | Website:  https://openfoam.org
    \\  /    A nd           | Version:  8
     \\/     M anipulation  |
\*---------------------------------------------------------------------------*/
FoamFile
{
    version     2.0;
    format      ascii;
    class       volScalarField;
    location    "0.95";
    object      nut;
}
// * * * * * * * * * * * * * * * * * * * * * * * * * * * * * * * * * * * * * //

dimensions      [0 2 -1 0 0 0 0];

internalField   nonuniform List<scalar> 
1924
(
0.0016315
0.00176681
0.00221151
0.00234029
0.0018187
0.00233549
0.00239385
0.00239505
0.00244187
0.00219779
0.00244376
0.00251067
0.0018613
0.00250808
0.0026827
0.0026753
0.00188613
0.00259645
0.00153627
0.00259645
0.00175366
0.00206332
0.00183602
0.00269774
0.00206164
0.0023806
0.00236569
0.002033
0.0017972
0.00251789
0.00188547
0.00217134
0.00160619
0.00186899
0.00204312
0.00182721
0.00222269
0.00187833
0.00253808
0.00191005
0.00233713
0.00179777
0.00236309
0.00178128
0.00229338
0.0017422
0.00156586
0.00236648
0.00109769
0.00136342
0.00156875
0.00186283
0.00202403
0.00148443
0.00175461
0.00221883
0.00151708
0.00228634
0.00213658
0.00240965
0.00171377
0.0026192
0.00167961
0.00249643
0.00141479
0.00236557
0.00248383
0.00187953
0.00176321
0.00161977
0.00182002
0.00261488
0.00250672
0.00253005
0.00257092
0.00189107
0.0024172
0.00258804
0.00242019
0.00162648
0.00276083
0.0023521
0.0023763
0.00175753
0.00152588
0.00185573
0.0021303
0.00267762
0.0011734
0.00181972
0.00245333
0.00238172
0.00176552
0.00189037
0.00186883
0.00120017
0.00241578
0.00275515
0.00238501
0.00189068
0.00210766
0.00186765
0.00236904
0.00236724
0.00192648
0.0026648
0.0018823
0.00197751
0.0024242
0.00181266
0.00241978
0.00180171
0.00189246
0.00243645
0.00246544
0.00168594
0.00219518
0.00267478
0.00177567
0.00246738
0.0012744
0.000318191
0.00152804
0.00168403
0.00253877
0.00200739
0.00193824
0.00263134
0.00182309
0.000391002
0.00249239
0.00201643
0.000201507
0.00242975
0.00189626
0.0019345
0.00195416
0.00185358
0.0027067
0.00198653
0.00229839
0.0025367
0.000102808
0.000113557
0.0022305
0.00122893
0.00199912
0.00189416
0.00244178
0.00171808
0.00237178
0.000157479
0.0019516
0.00201493
0.00232018
0.00202994
0.000321739
0.00205854
0.00249008
0.000255109
0.00248113
0.00182472
0.00217189
0.000320266
0.00229961
0.00195889
0.00203068
0.000241902
0.00249719
0.00185005
0.00174027
0.00233084
0.00268756
0.0023938
0.0022892
0.00210318
0.00249099
0.000402405
0.00176116
0.00217037
0.00220459
0.0027134
0.00251978
0.00204821
0.000913961
0.00174415
0.0020038
0.00224403
0.00251341
0.0024854
0.00202835
0.00238998
0.0025737
0.00230975
0.00203334
0.000159776
0.00225782
0.00213581
0.00215151
0.00214163
0.000302109
0.00182468
0.00195332
0.00239444
0.00179243
0.00223783
0.00230507
0.00202234
0.00193986
0.000153724
0.000326245
0.00186562
0.00272741
0.0020522
0.00226372
0.00261818
0.00244592
0.00205827
0.00238808
0.00265325
0.00206246
0.00234548
0.00196752
0.00272067
0.00244223
0.00227319
0.00257394
0.00271699
0.00205738
0.00214165
0.000272225
0.00240299
0.00219495
0.000364427
0.00226163
0.000194221
0.00275669
0.00238899
0.00196588
0.000162892
0.0027092
0.00223043
0.00276179
0.00204442
0.000346907
0.00194307
0.00244554
0.00236829
0.002557
0.00271039
0.00187248
0.000287842
0.00207609
0.00188264
0.00256493
0.00273629
0.00239633
0.00217611
0.00210162
0.0024419
0.00210916
0.00197962
0.00240721
0.00258452
0.00218518
0.00261036
0.00174291
0.00269148
0.00182739
0.000273369
0.00211464
0.00237486
0.0017105
0.00225155
0.00241287
0.00277185
0.00249358
0.00227072
0.00193606
0.00219021
0.000275751
0.000117935
0.00240498
0.00210801
0.00128577
0.00251034
0.00264938
0.000305418
0.00244502
0.00221348
0.0020249
0.00255195
0.00226426
0.00276336
0.00140448
0.00230106
0.00272928
0.00205427
0.00267392
0.00275816
0.000180955
0.00194846
0.00277754
0.00244412
0.00249439
0.00231106
0.0017531
0.00278068
0.00215298
0.00234937
0.00198453
0.00166071
0.00212518
0.00194557
0.00259397
0.00177161
0.00214324
0.00248711
0.00203698
0.00213166
0.00258478
0.00210327
0.0020631
0.00234716
0.00234298
0.00274953
0.0022611
0.00224765
0.00236534
0.00266836
0.00217952
0.00248828
0.00192258
0.00257857
0.00265488
0.00227546
0.00242768
0.00212664
0.002196
0.00206849
0.00273943
0.00241651
0.00200102
0.00206291
0.00273254
0.0026223
0.000235315
0.00254125
0.00163832
0.00233976
0.00233575
0.000288888
0.000514111
0.00277369
0.00198954
0.00272323
0.000832092
0.00249102
0.00211925
0.00112222
0.00229155
0.00275314
0.00277772
0.00243376
0.00228191
0.00222351
0.00195496
0.00205622
0.00221016
0.00213502
0.00278828
0.00215709
0.00222166
0.00271296
0.00240036
0.000358851
0.00274766
0.00272447
0.00210418
0.0025663
0.00261909
0.00270574
0.00227782
0.00214833
0.00214349
0.00279059
0.00263435
0.00248354
0.00240344
0.00221919
0.000461224
0.00191681
0.00229616
0.00249407
0.00226449
0.000128132
0.00237933
0.00201593
0.00272451
0.00266954
0.00132243
0.0026864
0.00204124
0.00188197
7.28119e-05
0.00244254
0.00278597
0.00251894
0.00210933
0.00235707
0.00230656
0.00190424
0.00257735
0.00233779
0.00229071
0.0024068
0.0027704
0.00275572
0.00185128
0.00240377
0.00276063
0.00204131
0.00278415
0.00200391
0.00221303
0.00278105
0.00264331
0.00252798
0.00195067
0.0024198
0.00244819
0.00275986
0.00242952
0.0018831
0.00227008
0.00242397
0.00278507
0.00163077
0.00233863
0.00212605
0.00212102
0.00239723
0.00217162
0.00207248
0.00256317
0.000162874
0.00234582
0.00266624
0.00231304
0.002486
0.00271967
0.00192311
0.00217171
0.00273504
0.00238355
0.00231028
0.00279241
0.00273422
0.00184911
0.00261925
0.00274356
0.00200968
0.00175513
0.00178448
0.00203978
0.00249245
0.00251789
0.00230247
0.0024238
0.00241851
0.00229623
0.00190035
0.00259887
0.0027937
0.00199599
0.00272865
0.00249265
0.00257546
0.00256466
0.00266811
0.00236352
0.00235615
0.00245253
0.00252369
0.0019628
0.00224991
0.00241665
0.00270796
0.00243607
0.00266922
0.00168828
0.00243407
0.00189123
0.0024046
0.00275758
0.00278574
0.00261535
0.00245827
0.00239803
0.00234407
0.00276343
0.00272843
0.00208078
0.00207722
0.00199142
0.0023693
0.00273105
0.00232671
0.00192295
0.0027852
0.00270829
0.00277679
0.00247619
0.00218999
0.00249349
0.00249972
0.00202434
0.00231672
0.0024273
0.00266281
0.00187145
0.0027252
0.00275934
0.00279191
0.00220861
0.00230832
0.00263327
0.00169506
0.00229003
0.00237617
0.00178205
0.00262698
0.00190392
0.00179322
0.00200741
0.00252057
0.00236181
0.00198584
0.00179036
0.00213968
0.00196116
0.00238321
0.00160779
0.0026923
0.00279497
0.00242473
0.00253244
0.00247531
0.00255817
0.00275558
0.00240101
0.00245945
0.00270233
0.00188958
0.00234508
0.0017669
0.00169302
0.00153488
0.00221642
0.00248314
0.0020963
0.001852
0.00193843
0.00246442
0.00206738
0.00188805
0.0027425
0.00246038
0.00257198
0.00193438
0.00279061
0.00243771
0.00229039
0.00247834
0.00265359
0.00249951
0.00172018
0.00199866
0.00276011
0.00177139
0.00199314
0.00261591
0.0024759
0.00248432
0.00139246
0.00161506
0.00272364
0.0016224
0.00277722
0.00241614
0.00216768
0.00188356
0.000289804
0.00144992
0.00155071
0.00277602
0.0025019
0.00266559
0.0025218
0.00173246
0.00112122
0.00271632
0.00238498
0.00247361
0.00190528
0.00262931
0.00231932
0.00271991
0.00192755
0.00164079
0.00213198
0.00271938
0.0017122
0.00270443
0.0019726
0.00255976
0.00222504
0.00200321
0.00128824
0.00240592
0.0027911
0.00275832
0.00245888
0.0020186
0.0024311
0.00261028
0.00163555
0.00260428
0.00232484
0.00170312
0.00266278
0.00234723
0.00269981
0.00168307
0.00189267
0.0011605
0.00227604
0.0021017
0.0023983
0.00279669
0.00245434
0.00246667
0.00193573
0.00216147
0.00218366
0.00270024
0.00200187
0.00269315
0.00242051
0.0020308
0.00186827
0.00247202
0.0020912
0.00227174
0.00161488
0.00248528
0.0018032
0.00270712
0.00212107
0.00169535
0.00183589
0.00157712
0.00263921
0.00279253
0.00248799
0.00246818
0.00203823
0.00265
0.00188162
0.00191537
0.00196813
0.00273068
0.00168868
0.00273695
0.00269115
0.00277939
0.00248082
0.00270036
0.00152564
0.00162994
0.00274482
0.0027131
0.00255173
0.00251926
0.00202356
0.00243608
0.00250134
0.00182487
0.00277035
0.00154948
0.00246758
0.00244261
0.0025391
0.00215763
0.00186425
0.00268294
0.00162684
0.00267051
0.00194994
0.0019931
0.00275062
0.00170179
0.00226967
0.00197107
0.00143136
0.00232474
0.00244485
0.00210077
0.00278699
0.00189286
0.00187945
0.00153307
0.00244668
0.00170134
0.00204286
0.00233901
0.00246813
0.00179639
0.00265993
0.00111779
0.00265485
0.00260751
0.00271431
0.00154283
0.00268618
0.00028484
0.000157909
0.001274
0.00196575
0.00279759
0.00246877
0.00163063
0.00229296
0.00198003
0.00252274
0.00202935
0.00250512
0.00238721
0.00255535
0.00174851
0.00145938
0.00248413
0.00272701
0.000202263
0.00253135
0.0004154
0.00191594
0.00154532
0.0018838
0.00279527
0.00201422
0.00214566
0.00254895
0.0023403
0.00234478
0.00228736
0.00246384
0.00131881
0.00134232
0.00259153
0.00253015
0.00248732
0.00268392
0.00277786
0.00200344
0.00156055
0.00204983
0.00194903
0.00149738
0.00213948
0.00265274
0.00206397
0.00221688
0.00242046
0.00196914
0.00274077
0.00190165
0.00203696
0.00147264
0.00236366
0.00167246
0.00267602
0.00249537
0.00197462
0.00269626
0.00255202
0.00270228
0.00224608
0.0026759
0.00237859
0.00158905
0.00183814
0.00269688
0.00241532
0.0019798
0.00275247
0.00276155
0.0013252
0.00225916
0.00187375
0.0016978
0.00195705
0.00203515
0.0024216
0.00267969
0.00267876
0.00240316
0.00263617
0.00245284
0.00193031
0.00257943
0.00278967
0.00226937
0.000241354
0.00187798
0.00149251
0.00256121
0.00149038
0.00202429
0.00183643
0.00175604
0.00234696
0.00265165
0.00146588
0.00250303
0.00279631
0.00196465
0.00252203
0.00245406
0.00152473
0.00268725
0.0026955
0.00188542
0.00206259
0.00200543
0.00205999
0.00266657
0.00255134
0.00279626
6.84785e-05
0.0026445
0.000261642
0.00207814
0.00206254
0.000843202
0.00183018
0.00210009
0.00199284
0.00259906
0.0018708
0.00255036
0.00247776
0.00144201
0.00266697
0.0026707
0.00230669
0.00179511
0.00190166
0.00143456
0.00259163
0.0025277
0.00266162
0.00229652
0.00250656
0.00167811
0.00238001
0.00144925
0.00204911
0.00146215
0.00157591
0.00278324
0.00187696
0.00159405
0.00249968
0.00192636
0.00246938
0.00267278
0.00159378
0.000233666
0.00218664
0.00241295
0.00188018
0.00258501
0.00253155
0.0021162
0.00202927
0.00237923
0.00263488
0.0024831
0.00250864
0.00195626
0.00272853
0.000198204
0.00267259
0.00271397
0.00273055
0.00277512
0.00264223
0.00169761
0.00269967
0.00152102
0.0025499
0.00189277
0.00128074
0.0020987
0.0020171
0.00266585
0.00143481
0.00208973
0.0026589
0.00209736
0.00241209
0.00278497
8.77519e-05
0.00131225
0.00243131
0.00141443
0.00208241
0.001912
0.00259469
0.00257911
0.00269131
0.00198166
0.00147675
0.00280076
0.00156017
0.00269442
0.0023596
0.00260968
0.00209341
0.00194151
0.00262218
0.00205645
0.00184419
0.0022538
0.00193532
0.00256324
0.00187199
0.0020969
0.00243543
0.00258736
0.00013355
0.00279871
0.00149813
0.000270689
0.00214428
0.00196899
0.0022524
0.00146296
0.00267521
0.00175854
0.00204067
0.000205406
0.0018781
0.00252853
9.83735e-05
0.00160821
0.000156419
0.00150479
0.00259651
0.00196573
0.00276598
0.00188344
0.00265757
0.00141177
0.00234742
0.0026606
0.00200225
0.00214023
0.00142142
0.0025869
0.00189188
0.00258577
0.00212488
0.00269413
0.00238472
0.00213007
0.00213783
0.00250558
0.00199965
0.00265618
0.00213038
0.00165896
0.00190769
0.00209664
0.00247235
0.00199028
0.00222569
0.00237917
0.00186544
0.00195507
0.00235066
0.00273362
0.0019308
0.00187427
0.00258202
0.00183064
0.00253634
0.00255768
0.00157177
0.00207009
0.00140011
0.00178811
0.00258412
0.00188085
0.00192994
0.00269096
0.00272009
0.00275692
0.00214237
0.00195168
0.0014184
0.00263299
0.00213299
0.00276893
0.00279566
0.00213746
0.00211329
0.00188168
0.00202212
0.00269434
0.00267848
0.00270497
0.000114386
0.00257263
0.00260587
0.00222634
0.00189384
0.00241674
0.00243394
0.00246908
0.0018814
0.00167465
0.00279873
0.0025135
0.00126726
0.00130324
0.0019177
0.00271334
0.00226242
0.00200901
0.00156603
0.00268124
0.00268631
0.00248055
0.00261387
0.00214794
0.00277899
0.00218094
0.00216835
0.00223108
0.00193993
0.00266468
0.00150921
0.00196447
0.00274096
0.00260308
0.00211519
0.00266469
0.00242564
0.00185854
0.00216851
0.0015724
0.00186619
0.00236895
0.00153532
0.00257722
0.00268973
0.0020497
0.0027705
0.00137239
0.00266291
0.00137748
0.00195346
0.00186433
0.00215877
0.0023287
0.000267319
0.0026006
0.00185477
0.002029
0.000586967
0.00213269
0.00187139
0.00112134
0.00149817
0.00183158
0.00265313
0.00213026
0.00264631
0.00217339
0.00190109
0.00257424
0.000589349
0.000584674
0.00197185
0.00213946
0.00269123
0.00271907
0.00233857
0.00141281
0.00185644
0.00192277
0.00171664
0.000592367
0.00219416
0.00101955
0.00159834
0.002203
0.00253875
0.00216874
0.00147265
0.0025116
8.61673e-05
9.29918e-05
0.00259912
0.00153036
0.00196111
0.00273913
0.00186276
0.00209576
0.00220873
0.00148829
0.00262835
0.00274928
0.00278582
0.00203417
0.00222282
0.00184566
0.000592545
0.00260229
0.00259419
0.00247314
0.00268277
0.00182793
0.00184715
0.0020584
0.00279055
0.00277724
0.00129181
0.00187935
0.0026182
0.000119051
0.00126952
0.0015045
0.00193245
0.000587717
0.00197947
0.00190659
0.000582505
0.000206959
0.00223371
0.00277799
0.00267222
0.00257051
0.00268598
0.00269588
0.00153008
0.00241546
0.00204377
0.00213639
0.00218512
0.000129645
0.000589694
0.00196857
0.00025467
0.00131716
0.00213667
0.00270351
0.0019172
0.00268991
0.0018133
0.00160393
0.00134939
0.00265354
0.00254863
0.00214236
0.00221897
0.00247686
0.00252192
0.00248448
0.00150281
0.00265598
0.00175442
0.00218291
0.00181975
0.000268752
0.00193594
0.00222183
0.0021499
0.000591641
0.00183517
0.00220958
0.00226436
0.000578915
0.00261338
0.00128984
0.00210748
0.00181565
0.00142546
0.00242838
0.00269081
0.0021699
0.00181988
0.00233329
0.00176036
0.00199683
0.00141044
0.00265889
0.00258967
0.00182951
0.00268239
0.00147232
0.00264345
0.00206491
0.00183461
0.00263616
0.0019168
0.00277233
9.07061e-05
0.000108975
0.00221916
0.00197805
0.0018641
0.00193066
0.00268771
0.0015031
0.00140791
0.00101394
0.000595311
0.00277923
0.00193687
0.00221427
0.00273613
0.00260857
0.0025837
0.00263025
0.00179694
0.00234929
0.00177736
0.00268113
0.0025521
0.0022368
0.00125883
0.00123849
0.00267781
0.00187241
0.00215645
0.00179604
0.000159382
0.00217096
0.00181047
0.00256294
0.00169775
0.00248244
0.000579846
0.00277129
0.00177879
0.000336165
0.00215934
0.00252226
0.00177048
0.000130354
0.00167479
0.00191794
0.00144177
0.00158364
0.00181038
0.00175187
0.00272868
0.00219137
0.00277303
0.00134779
0.00143881
0.00271098
0.00203556
0.00266759
0.00216189
0.00171231
0.00141862
0.00119526
0.00242768
0.00259988
0.000269492
0.00253393
0.000602832
0.0022269
0.00265854
0.00220262
0.00199561
0.00256498
0.00183431
0.00249545
0.00132277
0.00225726
0.00140906
0.00262412
0.00265072
0.00220196
0.00187043
0.000292178
0.00222788
0.00192495
0.0012739
0.00269245
0.00253517
0.00270454
0.00244285
0.000293298
0.00175794
0.00264578
0.00263803
0.000294503
0.0013079
0.00191216
0.00276581
0.00247644
0.00132387
0.00257452
0.00221216
0.000181075
0.00261447
0.00249706
0.00254579
0.00184677
0.0021805
0.000291121
0.00259032
0.00275865
0.00144797
0.00235629
0.00269282
0.00160939
0.00217308
0.00221128
0.00148066
0.0027679
0.00149102
0.00269224
0.000291608
0.000292731
0.00142437
0.0017162
0.0025657
0.00012954
0.00218184
0.00250952
0.000375814
0.00237328
0.00187566
0.00263722
0.00270377
0.000186656
0.000293318
0.00254066
0.00266537
0.000613993
8.05538e-05
8.61199e-05
0.00129078
0.00141736
0.00253843
0.00124832
0.00209052
0.00267942
0.00219794
0.00244829
0.00267105
0.00217361
0.000120568
0.00219921
0.000288976
0.000290265
0.00268628
0.00265761
0.00130657
0.000294249
0.00221151
0.00130932
0.00203807
0.000383869
0.00134376
0.000386012
0.00225841
0.0002695
0.0015095
0.00159041
0.000395203
0.002701
0.000277089
0.00246142
0.00192188
0.000563661
0.000395108
0.00251042
0.000391253
0.00276711
0.000175554
0.0004076
0.00185275
0.00121616
0.00250986
0.00256835
0.000161868
0.000295625
0.000406794
0.00221892
0.00143343
0.00230248
0.0022241
0.00259211
0.00190378
0.00263364
0.00218814
0.00193123
0.00218021
0.00039122
0.00261356
0.00182619
0.00237439
0.00276317
0.00219132
0.00145833
0.00209076
0.00012866
0.00125827
0.000386564
0.0027006
0.00273511
0.00216972
0.00187478
0.00238978
0.00128189
0.00245922
0.00219034
0.000298548
0.00276461
0.0026839
0.0013822
0.000616328
0.00270129
0.00244884
0.00265172
0.00267593
0.00211094
0.000386363
0.00220628
0.00213122
0.000377028
0.0022939
0.00269959
0.000619614
0.00257416
0.00275722
0.00268982
0.000388844
0.00261826
0.00221727
0.00209716
0.000354017
0.00218847
0.00185886
0.00259671
0.00209931
0.000283833
0.00221278
0.00270484
0.00221203
0.00270287
0.00217883
0.00263799
0.00137627
0.00269713
0.00121198
0.00269871
0.00134895
0.00233079
0.000111427
0.00063544
0.000628887
0.00030363
0.0019391
0.000273811
0.00219943
0.00239022
0.00119688
0.000284906
0.000126484
0.00138718
0.00210659
0.00275209
0.00273008
0.00142332
0.00275847
0.00275639
0.000305427
0.00215193
0.00131394
0.00213289
0.00221225
0.00241664
0.00219136
0.00189927
0.00136694
0.002698
0.00039685
0.0020885
0.00221209
0.00270056
0.0021597
0.00122386
0.000189127
0.00266744
0.000440087
0.000188274
0.00199259
0.000191241
0.00211377
0.00270142
0.000190234
0.00216693
0.000599398
0.000187042
0.00216298
0.00271207
0.000290642
0.000197269
0.000199324
0.00213631
0.00192026
0.00214611
0.00269326
0.0018757
0.00219975
0.00265557
0.00201675
8.06748e-05
7.76156e-05
0.000187633
0.00198186
0.00230506
0.00201824
0.000643277
0.00220263
0.00024881
0.000635665
0.00217809
0.00207332
0.000639435
0.000299242
0.00142964
0.00126454
0.000184547
0.000646269
0.0019738
0.000128653
0.00270223
0.00217397
0.00211231
0.0027496
0.00215784
0.000191893
0.000189378
0.00234269
0.001993
0.000182022
0.00270591
0.000396847
0.00216495
0.0018607
0.000111546
0.000266499
0.000281924
0.000582567
0.00143385
0.00269507
0.00271286
0.00208476
0.00204042
0.00271611
0.00270635
0.00203199
0.0027168
0.00217695
0.000160796
0.00273277
0.00271454
0.00192754
0.000307401
0.00275384
0.000188266
0.00271235
0.00168375
0.000240893
0.000263668
0.00274675
0.00216007
0.00206261
0.00201316
0.000290442
0.00196876
0.000112617
0.000302612
0.000626686
0.0020707
0.00272756
0.00271646
0.00206196
0.00274948
0.00202083
0.000647393
0.00198816
0.000309662
0.000311669
0.00269048
0.000134626
0.00210251
0.000634167
0.00214041
0.00274114
0.0018717
0.00270895
0.0018336
0.00268099
0.00106915
0.00272824
0.000188812
0.00013651
0.00211964
0.000320409
0.000134849
0.00273752
0.00200335
0.00197733
0.000311412
0.00208096
0.000289021
0.000557406
0.0027214
0.00273648
0.000314474
0.000643366
0.00201781
0.000317738
0.00271937
0.00199096
0.00015683
0.00198787
0.00267106
0.00198091
0.000633342
0.00184636
0.00274005
0.000135575
0.0001293
0.00273209
0.00106348
0.00214576
0.00273841
0.00273305
0.00274629
0.00198061
0.00181708
0.000322284
0.00272747
0.00272347
0.0020205
0.00274088
0.00202724
0.00269407
0.000226915
0.000104338
0.00191907
0.00274489
0.00269764
0.00131916
0.00210262
0.000440287
0.000282738
0.00272276
0.00268385
0.000446495
0.00273316
0.000401526
0.000189472
0.00191095
0.0019255
0.00197297
0.00189736
0.000315923
0.000317926
0.00186005
0.000650878
0.000435868
0.000445155
0.00187899
0.00135767
0.00193807
0.0027108
0.00191585
0.000214198
9.29563e-05
0.00271705
0.00186643
0.00269951
0.000647673
0.000323151
0.00271669
0.00272625
0.00179662
0.00269208
0.00183998
0.00265895
0.00272103
0.000437715
0.000320063
0.001911
0.000631698
0.00180317
0.000217108
0.00265982
0.000215686
0.000523165
0.000269126
0.00268526
0.000316295
0.00270516
0.000649754
0.00189386
0.00267754
0.000215127
0.000437117
0.00187587
0.000385181
0.000406599
0.000188907
0.00267672
0.000129135
0.0026666
0.000210368
0.00182955
0.00268014
0.00259207
0.000317903
0.000323308
0.000646934
0.000647488
0.000437641
0.000647793
0.000211436
0.00020722
0.00258378
0.00264674
0.00264027
0.00187391
0.000310314
0.000202345
0.000444985
0.00183351
0.00261019
0.0025391
0.00188036
0.00266965
0.00263248
0.00188104
0.000284112
0.000615721
0.0018702
0.000314447
0.00060058
0.000267412
0.000514705
0.00244801
0.00253218
7.96666e-05
0.000166556
0.000204842
6.43659e-05
0.000548087
9.28624e-05
0.000179988
0.000391104
0.00023155
0.000416751
0.000193666
0.000182137
0.000406452
0.000183468
0.000189272
0.000400483
0.000646991
0.000319729
0.000323341
0.000306451
0.000635527
0.000323393
0.000648186
0.000244652
0.000177544
0.000171433
0.000394324
0.000180244
0.000185273
0.000413923
0.000323591
0.00242032
0.00250441
0.00260538
0.00265825
0.00263941
0.00028201
0.000122079
0.00164825
0.00138003
0.00159914
0.000110703
0.00130095
0.00190625
0.00116498
0.00131963
0.000278115
0.000188782
0.00251144
0.00153765
0.000150768
0.000113123
0.000120062
0.00190177
0.000836954
0.00174126
0.00195482
0.00011142
0.00156402
0.00210852
0.0016072
7.71256e-05
7.59917e-05
9.04846e-05
7.43114e-05
0.000113655
7.39025e-05
8.02606e-05
7.64057e-05
0.00213126
0.000290399
0.00138313
7.22639e-05
5.32071e-05
5.81472e-05
0.000248318
0.00208327
0.00188481
8.33643e-05
6.54978e-05
6.36296e-05
0.00137623
0.00147283
0.000177547
0.00136069
0.0025602
0.00116976
0.000807775
0.000186984
8.03286e-05
0.000255619
0.000158195
0.000270197
0.000165967
0.000165732
0.000161064
5.12417e-05
5.40281e-05
0.00211086
0.00207871
0.00104853
0.0025865
9.93285e-05
0.000171799
0.000167981
0.000984406
0.00145779
0.000184551
0.00203878
0.00100243
0.00162171
0.00157135
7.18736e-05
0.00143427
0.00106762
0.00117859
0.000178937
0.00278329
0.00135994
0.00202959
9.07961e-05
0.000989613
0.0027655
0.000970236
0.000147379
7.04434e-05
0.00164366
0.00198308
0.00274437
0.000839003
0.00113569
6.21841e-05
0.00197113
0.00276123
0.00119095
0.00278098
0.0019339
0.000174533
0.00192166
0.00276963
0.00132198
0.00187738
0.00133372
0.00122699
0.00116403
4.76987e-05
0.00189127
0.000144388
6.48467e-05
0.0027512
)
;

boundaryField
{
    patch0
    {
        type            nutkWallFunction;
        Cmu             0.09;
        kappa           0.41;
        E               9.8;
        value           nonuniform List<scalar> 
4010
(
0.000164234
0.000164234
0.000204775
0.000204775
0.000206561
0.000206561
0.000225102
0.000225102
0.000211363
0.000211363
0.000245277
0.000245277
0.000260285
0.000260285
0.000273999
0.000273999
0.000278863
0.000278863
0.000205188
0.000205188
0.00027919
0.00027919
0.000285497
0.000285497
0.000215495
0.000215495
0.000285301
0.000285301
0.000300867
0.000300867
0.000302238
0.000302238
0.000215806
0.000215806
0.000292948
0.000292948
0.000147567
0.000147567
0.000293256
0.000293256
0.000191527
0.000191527
0.000238204
0.000238204
0.000186124
0.000186124
0.00029609
0.00029609
0.000238219
0.000238219
0.000273538
0.000273538
0.000272319
0.000272319
0.000189216
0.000189216
0.000206515
0.000206515
0.000283476
0.000283476
0.000200666
0.000200666
0.000247821
0.000247821
0.000167541
0.000167541
0.000214598
0.000214598
0.000191229
0.000191229
0.000185
0.000185
0.000250802
0.000250802
0.000206263
0.000206263
0.000284935
0.000284935
0.000218898
0.000218898
0.000260305
0.000260305
0.000180769
0.000180769
0.000262491
0.000262491
0.000191441
0.000191441
0.00026269
0.00026269
0.000203652
0.000203652
0.000148616
0.000148616
0.000270808
0.000270808
0.000106792
0.000106792
0.000158422
0.000158422
0.000159676
0.000159676
0.000215533
0.000215533
0.000227804
0.000227804
0.000142926
0.000142926
0.000205267
0.000205267
0.0002071
0.0002071
0.00014461
0.00014461
0.000262155
0.000262155
0.00019753
0.00019753
0.000275971
0.000275971
0.000195098
0.000195098
0.000296824
0.000296824
0.000191623
0.000191623
0.000283862
0.000283862
0.000134832
0.000134832
0.000270824
0.000270824
0.000284074
0.000284074
0.000219406
0.000219406
0.000205833
0.000205833
0.000164448
0.000164448
0.000198698
0.000198698
0.000295151
0.000295151
0.000285145
0.000285145
0.000288047
0.000288047
0.000292107
0.000292107
0.000206077
0.000206077
0.000276157
0.000276157
0.000287464
0.000287464
0.000276388
0.000276388
0.000185681
0.000185681
0.000309144
0.000309144
0.000270943
0.000270943
0.000271981
0.000271981
0.000204601
0.000204601
0.000155233
0.000155233
0.000215475
0.000215475
0.000197089
0.000197089
0.000297177
0.000297177
0.000113694
0.000113694
0.000203334
0.000203334
0.000279252
0.000279252
0.000274251
0.000274251
0.000206389
0.000206389
0.00021624
0.00021624
0.000216326
0.000216326
0.000115714
0.000115714
0.00027608
0.00027608
0.000308279
0.000308279
0.000274908
0.000274908
0.000204847
0.000204847
0.000216067
0.000216067
0.000216212
0.000216212
0.00027347
0.00027347
0.000272974
0.000272974
0.0002135
0.0002135
0.000292239
0.000292239
0.000218468
0.000218468
0.000225365
0.000225365
0.000278161
0.000278161
0.000211101
0.000211101
0.00027652
0.00027652
0.000210096
0.000210096
0.000208482
0.000208482
0.000278591
0.000278591
0.000280812
0.000280812
0.000196886
0.000196886
0.000207435
0.000207435
0.00029897
0.00029897
0.000192362
0.000192362
0.00028116
0.00028116
0.000129526
0.000129526
3.46751e-05
3.46751e-05
0.000175771
0.000175771
0.000196642
0.000196642
0.000289382
0.000289382
0.000223214
0.000223214
0.000211077
0.000211077
0.000289058
0.000289058
0.000212695
0.000212695
4.18083e-05
4.18083e-05
0.000283317
0.000283317
0.000232021
0.000232021
2.08313e-05
2.08313e-05
0.00027742
0.00027742
0.000216611
0.000216611
0.000214091
0.000214091
0.000213229
0.000213229
0.000215291
0.000215291
0.000296666
0.000296666
0.000218087
0.000218087
0.000215205
0.000215205
0.000289226
0.000289226
1.22205e-05
1.22205e-05
1.22205e-05
9.86593e-06
9.86593e-06
9.86593e-06
0.000217202
0.000217202
0.000118648
0.000118648
0.000228718
0.000228718
0.000205908
0.000205908
0.000279615
0.000279615
0.000178467
0.000178467
0.000271448
0.000271448
1.81632e-05
1.81632e-05
1.81632e-05
0.000217045
0.000217045
0.000222725
0.000222725
0.000228845
0.000228845
0.000223799
0.000223799
3.50296e-05
3.50296e-05
0.00020666
0.00020666
0.000283088
0.000283088
3.01862e-05
3.01862e-05
0.000283348
0.000283348
0.000211615
0.000211615
0.000237909
0.000237909
3.48827e-05
3.48827e-05
0.000262992
0.000262992
0.000216565
0.000216565
0.000223794
0.000223794
2.69783e-05
2.69783e-05
0.000283998
0.000283998
0.000211859
0.000211859
0.000203302
0.000203302
0.000244268
0.000244268
0.000294955
0.000294955
0.00027559
0.00027559
0.000230731
0.000230731
0.000238006
0.000238006
0.000282865
0.000282865
4.84808e-05
4.84808e-05
0.000178742
0.000178742
0.000224286
0.000224286
0.000253308
0.000253308
0.000302082
0.000302082
0.000286412
0.000286412
0.000233301
0.000233301
9.04922e-05
9.04922e-05
0.000167721
0.000167721
0.000222363
0.000222363
0.000257714
0.000257714
0.000285448
0.000285448
0.000283541
0.000283541
0.000231344
0.000231344
0.00025769
0.00025769
0.000291468
0.000291468
0.000237789
0.000237789
0.000235432
0.000235432
1.84088e-05
1.84088e-05
1.84088e-05
0.000260891
0.000260891
0.000242183
0.000242183
0.000246285
0.000246285
0.00024626
0.00024626
3.3605e-05
3.3605e-05
0.00018357
0.00018357
0.00021603
0.00021603
0.000273561
0.000273561
0.000209054
0.000209054
0.000257075
0.000257075
0.000237303
0.000237303
0.0002079
0.0002079
0.000223205
0.000223205
1.72163e-05
1.72163e-05
1.72163e-05
3.54772e-05
3.54772e-05
0.000217059
0.000217059
0.000299046
0.000299046
0.000237769
0.000237769
0.000260825
0.000260825
0.000287235
0.000287235
0.000276628
0.000276628
0.000234549
0.000234549
0.000250298
0.000250298
0.000291564
0.000291564
0.0002335
0.0002335
0.000257903
0.000257903
0.000217292
0.000217292
0.000298451
0.000298451
0.000278294
0.000278294
0.000262298
0.000262298
0.000291266
0.000291266
0.000298232
0.000298232
0.000238256
0.000238256
0.000246694
0.000246694
3.05955e-05
3.05955e-05
0.000276239
0.000276239
0.00025119
0.00025119
4.38707e-05
4.38707e-05
0.000260946
0.000260946
2.32435e-05
2.32435e-05
2.32435e-05
0.000302876
0.000302876
0.000263648
0.000263648
0.000220444
0.000220444
1.87394e-05
1.87394e-05
1.87394e-05
0.000306004
0.000306004
0.000258137
0.000258137
0.000308376
0.000308376
0.000210227
0.000210227
4.04814e-05
4.04814e-05
0.000224146
0.000224146
0.000279524
0.000279524
0.000271141
0.000271141
0.000287555
0.000287555
0.000300479
0.000300479
0.000173653
0.000173653
3.16337e-05
3.16337e-05
0.000230311
0.000230311
0.00021868
0.00021868
0.000289866
0.000289866
0.000300052
0.000300052
0.000272421
0.000272421
0.000252685
0.000252685
0.000238188
0.000238188
0.000274628
0.000274628
0.000242221
0.000242221
0.000228393
0.000228393
0.00027692
0.00027692
0.000286012
0.000286012
0.000242877
0.000242877
0.000292701
0.000292701
0.000170029
0.000170029
0.000296239
0.000296239
0.000212871
0.000212871
3.02464e-05
3.02464e-05
0.000239339
0.000239339
0.000272056
0.000272056
0.000199889
0.000199889
0.00026059
0.00026059
0.000276363
0.000276363
0.000310509
0.000310509
0.000284013
0.000284013
0.000261821
0.000261821
0.000223863
0.000223863
0.000251901
0.000251901
3.03069e-05
3.03069e-05
1.38659e-05
1.38659e-05
1.38659e-05
0.000276066
0.000276066
0.00023139
0.00023139
0.000123892
0.000123892
0.000285884
0.000285884
0.000293866
0.000293866
3.33804e-05
3.33804e-05
0.00027961
0.00027961
0.000256653
0.000256653
0.000232971
0.000232971
0.000286955
0.000286955
0.000261568
0.000261568
0.000311764
0.000311764
0.000151329
0.000151329
0.000224949
0.000224949
0.000299326
0.000299326
0.000211321
0.000211321
0.000293786
0.000293786
0.000305425
0.000305425
2.06331e-05
2.06331e-05
2.06331e-05
0.000225244
0.000225244
0.000313439
0.000313439
0.000276978
0.000276978
0.000284169
0.000284169
0.000266682
0.000266682
0.000203145
0.000203145
0.000309636
0.000309636
0.000250086
0.000250086
0.000268666
0.000268666
0.000213014
0.000213014
0.000166285
0.000166285
0.000233135
0.000233135
0.000223858
0.000223858
0.000292676
0.000292676
0.000205225
0.000205225
0.000247074
0.000247074
0.000283607
0.000283607
0.000234888
0.000234888
0.000246256
0.000246256
0.000291762
0.000291762
0.000222731
0.000222731
0.000226076
0.000226076
0.000268498
0.000268498
0.000269682
0.000269682
0.000307044
0.000307044
0.000261593
0.000261593
0.00025874
0.00025874
0.000270329
0.000270329
0.000292975
0.000292975
0.000251254
0.000251254
0.000284205
0.000284205
0.000202084
0.000202084
0.000292451
0.000292451
0.000292088
0.000292088
0.000263003
0.000263003
0.000277641
0.000277641
0.000243352
0.000243352
0.000240234
0.000240234
0.000236606
0.000236606
0.000304661
0.000304661
0.000276596
0.000276596
0.000231798
0.000231798
0.000212325
0.000212325
0.000299893
0.000299893
0.000293768
0.000293768
2.56381e-05
2.56381e-05
0.000289549
0.000289549
0.000164401
0.000164401
0.000268841
0.000268841
0.000254707
0.000254707
3.15707e-05
3.15707e-05
5.49673e-05
5.49673e-05
0.000314196
0.000314196
0.000205134
0.000205134
0.000302217
0.000302217
8.32261e-05
8.32261e-05
0.000284093
0.000284093
0.000246046
0.000246046
0.000108977
0.000108977
0.00025861
0.00025861
0.000310183
0.000310183
0.000313739
0.000313739
0.00027814
0.00027814
0.000248975
0.000248975
0.000234062
0.000234062
0.000226773
0.000226773
0.000213928
0.000213928
0.00024179
0.00024179
0.000236692
0.000236692
0.000309165
0.000309165
0.00024902
0.00024902
0.000253377
0.000253377
0.00030702
0.00030702
0.000275893
0.000275893
4.22884e-05
4.22884e-05
0.00030674
0.00030674
0.000299743
0.000299743
0.000242881
0.000242881
0.000292053
0.000292053
0.000296625
0.000296625
0.000300387
0.000300387
0.000263185
0.000263185
0.000243904
0.000243904
0.000247008
0.000247008
0.000308367
0.000308367
0.000290047
0.000290047
0.000282688
0.000282688
0.0002761
0.0002761
0.000240323
0.000240323
5.26076e-05
5.26076e-05
0.000201563
0.000201563
0.000264861
0.000264861
0.000283667
0.000283667
0.000246157
0.000246157
1.01291e-05
1.01291e-05
1.01291e-05
0.000270471
0.000270471
0.000233726
0.000233726
0.000298968
0.000298968
0.000298599
0.000298599
0.000126733
0.000126733
0.000295413
0.000295413
0.000210398
0.000210398
0.000218181
0.000218181
8.77215e-06
8.77215e-06
8.77215e-06
0.000279047
0.000279047
0.000312096
0.000312096
0.000286798
0.000286798
0.000243108
0.000243108
0.000263811
0.000263811
0.000266503
0.000266503
0.000200666
0.000200666
0.000292671
0.000292671
0.000252677
0.000252677
0.000249733
0.000249733
0.000264986
0.000264986
0.000310459
0.000310459
0.000312487
0.000312487
0.000216654
0.000216654
0.000274892
0.000274892
0.000313042
0.000313042
0.000224766
0.000224766
0.000311829
0.000311829
0.000206541
0.000206541
0.000241545
0.000241545
0.000315191
0.000315191
0.00028976
0.00028976
0.00028601
0.00028601
0.000224565
0.000224565
0.000278056
0.000278056
0.00027943
0.00027943
0.000309405
0.000309405
0.000278942
0.000278942
0.000217771
0.000217771
0.000246892
0.000246892
0.000278117
0.000278117
0.000314195
0.000314195
0.000181105
0.000181105
0.00025274
0.00025274
0.000240919
0.000240919
0.000246876
0.000246876
0.000269573
0.000269573
0.000252166
0.000252166
0.000194955
0.000194955
0.000291775
0.000291775
1.96598e-05
1.96598e-05
1.96598e-05
0.000270696
0.000270696
0.000293395
0.000293395
0.00026654
0.00026654
0.000282755
0.000282755
0.000300794
0.000300794
0.000206391
0.000206391
0.000242775
0.000242775
0.00030001
0.00030001
0.00027004
0.00027004
0.000265875
0.000265875
0.000308638
0.000308638
0.000309432
0.000309432
0.000214183
0.000214183
0.00029765
0.00029765
0.000304058
0.000304058
0.000232906
0.000232906
0.000202403
0.000202403
0.000189691
0.000189691
0.000210387
0.000210387
0.000283374
0.000283374
0.000286349
0.000286349
0.000251023
0.000251023
0.000270091
0.000270091
0.000275332
0.000275332
0.000250341
0.000250341
0.000202061
0.000202061
0.000293392
0.000293392
0.000312574
0.000312574
0.000210684
0.000210684
0.000302814
0.000302814
0.000281724
0.000281724
0.000292457
0.000292457
0.000292033
0.000292033
0.000298587
0.000298587
0.000272902
0.000272902
0.000265123
0.000265123
0.00028082
0.00028082
0.000287618
0.000287618
0.000228075
0.000228075
0.000245436
0.000245436
0.000269217
0.000269217
0.000307493
0.000307493
0.000279129
0.000279129
0.000292521
0.000292521
0.000187525
0.000187525
0.000279046
0.000279046
0.000214134
0.000214134
0.000275017
0.000275017
0.000312947
0.000312947
0.000312055
0.000312055
0.00029739
0.00029739
0.000280431
0.000280431
0.000267957
0.000267957
0.000265749
0.000265749
0.000313728
0.000313728
0.000305369
0.000305369
0.000242031
0.000242031
0.000239262
0.000239262
0.000205929
0.000205929
0.000258979
0.000258979
0.000310104
0.000310104
0.000263797
0.000263797
0.000203975
0.000203975
0.000315323
0.000315323
0.000300957
0.000300957
0.000311115
0.000311115
0.000281932
0.000281932
0.00025387
0.00025387
0.000283849
0.000283849
0.000284643
0.000284643
0.000233938
0.000233938
0.000266671
0.000266671
0.000278088
0.000278088
0.000300988
0.000300988
0.000210088
0.000210088
0.000309461
0.000309461
0.00030638
0.00030638
0.000313887
0.000313887
0.000241919
0.000241919
0.000266157
0.000266157
0.000296958
0.000296958
0.000184265
0.000184265
0.000252582
0.000252582
0.000262589
0.000262589
0.000200433
0.000200433
0.000294931
0.000294931
0.000202075
0.000202075
0.000188903
0.000188903
0.000214427
0.000214427
0.000286005
0.000286005
0.000258794
0.000258794
0.000210937
0.000210937
0.000205992
0.000205992
0.000234318
0.000234318
0.000227836
0.000227836
0.000254864
0.000254864
0.000159473
0.000159473
0.000296213
0.000296213
0.000312046
0.000312046
0.000267105
0.000267105
0.000286612
0.000286612
0.000281902
0.000281902
0.000291503
0.000291503
0.000302738
0.000302738
0.000260768
0.000260768
0.000280954
0.000280954
0.000304722
0.000304722
0.000217867
0.000217867
0.000259122
0.000259122
0.000188032
0.000188032
0.00017264
0.00017264
0.000156473
0.000156473
0.000247055
0.000247055
0.000278073
0.000278073
0.000234824
0.000234824
0.000209751
0.000209751
0.000212917
0.000212917
0.000280266
0.000280266
0.00024043
0.00024043
0.0002207
0.0002207
0.000304156
0.000304156
0.000280353
0.000280353
0.000290585
0.000290585
0.000225026
0.000225026
0.00030989
0.00030989
0.000276488
0.000276488
0.000252569
0.000252569
0.000282111
0.000282111
0.000293427
0.000293427
0.000281814
0.000281814
0.000178735
0.000178735
0.000216237
0.000216237
0.000313587
0.000313587
0.000194636
0.000194636
0.000229715
0.000229715
0.000296927
0.000296927
0.000282905
0.000282905
0.000280333
0.000280333
0.000132852
0.000132852
0.000159073
0.000159073
0.000309929
0.000309929
0.000154878
0.000154878
0.000311081
0.000311081
0.000276118
0.000276118
0.000237306
0.000237306
0.000202818
0.000202818
3.19394e-05
3.19394e-05
0.000138761
0.000138761
0.000151923
0.000151923
0.000315193
0.000315193
0.000285186
0.000285186
0.000292024
0.000292024
0.000286294
0.000286294
0.00018133
0.00018133
0.000108959
0.000108959
0.000308918
0.000308918
0.00025968
0.00025968
0.000279236
0.000279236
0.000216366
0.000216366
0.0002961
0.0002961
0.000267576
0.000267576
0.000302492
0.000302492
0.000224926
0.000224926
0.000154694
0.000154694
0.000233543
0.000233543
0.000305973
0.000305973
0.000180265
0.000180265
0.000296526
0.000296526
0.000228357
0.000228357
0.000290981
0.000290981
0.000246886
0.000246886
0.000221033
0.000221033
0.000123763
0.000123763
0.000274391
0.000274391
0.000313294
0.000313294
0.000309312
0.000309312
0.000280329
0.000280329
0.000233501
0.000233501
0.000278045
0.000278045
0.000294582
0.000294582
0.000164542
0.000164542
0.000293659
0.000293659
0.000268675
0.000268675
0.000178898
0.000178898
0.000300547
0.000300547
0.000255048
0.000255048
0.000295991
0.000295991
0.000168399
0.000168399
0.000219639
0.000219639
0.000112502
0.000112502
0.000247853
0.000247853
0.00019859
0.00019859
0.000260794
0.000260794
0.000312935
0.000312935
0.000280015
0.000280015
0.000273536
0.000273536
0.000219153
0.000219153
0.000236788
0.000236788
0.000243311
0.000243311
0.000306795
0.000306795
0.000230889
0.000230889
0.000305709
0.000305709
0.000262941
0.000262941
0.000235066
0.000235066
0.00020275
0.00020275
0.000274862
0.000274862
0.000198735
0.000198735
0.000248551
0.000248551
0.000166654
0.000166654
0.000278263
0.000278263
0.00020703
0.00020703
0.000301187
0.000301187
0.000232336
0.000232336
0.000179068
0.000179068
0.000214567
0.000214567
0.000153838
0.000153838
0.000297646
0.000297646
0.000308049
0.000308049
0.000278617
0.000278617
0.000279454
0.000279454
0.000232578
0.000232578
0.000297194
0.000297194
0.000202975
0.000202975
0.000211746
0.000211746
0.000227948
0.000227948
0.000303016
0.000303016
0.000195025
0.000195025
0.000302241
0.000302241
0.000305868
0.000305868
0.000310523
0.000310523
0.000283443
0.000283443
0.000306252
0.000306252
0.000149753
0.000149753
0.000161395
0.000161395
0.000312278
0.000312278
0.000309077
0.000309077
0.000289631
0.000289631
0.000286224
0.000286224
0.000234843
0.000234843
0.000279335
0.000279335
0.000285637
0.000285637
0.000169767
0.000169767
0.000314772
0.000314772
0.000156585
0.000156585
0.000280729
0.000280729
0.000272145
0.000272145
0.000288024
0.000288024
0.000241672
0.000241672
0.000213844
0.000213844
0.000305677
0.000305677
0.000170274
0.000170274
0.000295142
0.000295142
0.00022702
0.00022702
0.000229803
0.000229803
0.000308115
0.000308115
0.000171121
0.000171121
0.000247545
0.000247545
0.000224659
0.000224659
0.000136351
0.000136351
0.000252398
0.000252398
0.000269056
0.000269056
0.000242583
0.000242583
0.000316211
0.000316211
0.000219637
0.000219637
0.000201784
0.000201784
0.000149682
0.000149682
0.000269796
0.000269796
0.000159202
0.000159202
0.000230334
0.000230334
0.000270205
0.000270205
0.000274924
0.000274924
0.000191847
0.000191847
0.000303048
0.000303048
0.000109141
0.000109141
0.00029388
0.00029388
0.000292768
0.000292768
0.000301731
0.000301731
0.00015157
0.00015157
0.000301091
0.000301091
3.38334e-05
3.38334e-05
1.47416e-05
1.47416e-05
1.47416e-05
0.000122495
0.000122495
0.000223653
0.000223653
0.000312591
0.000312591
0.000277397
0.000277397
0.000166084
0.000166084
0.000257589
0.000257589
0.000228439
0.000228439
0.000286723
0.000286723
0.000234533
0.000234533
0.000286141
0.000286141
0.000259674
0.000259674
0.000290667
0.000290667
0.000174338
0.000174338
0.000139246
0.000139246
0.000278249
0.000278249
0.000305834
0.000305834
2.28693e-05
2.28693e-05
0.000287379
0.000287379
4.52017e-05
4.52017e-05
0.000211783
0.000211783
0.000150756
0.000150756
0.000218701
0.000218701
0.000305949
0.000305949
0.000233921
0.000233921
0.000241101
0.000241101
0.000290127
0.000290127
0.000258995
0.000258995
0.000264201
0.000264201
0.000249998
0.000249998
0.00027546
0.00027546
0.000126445
0.000126445
0.000128457
0.000128457
0.000294552
0.000294552
0.000286162
0.000286162
0.000279736
0.000279736
0.000303966
0.000303966
0.000310128
0.000310128
0.000232306
0.000232306
0.000163822
0.000163822
0.000237713
0.000237713
0.000226922
0.000226922
0.000151644
0.000151644
0.000245941
0.000245941
0.00029736
0.00029736
0.000238887
0.000238887
0.000209554
0.000209554
0.000267991
0.000267991
0.000220964
0.000220964
0.000311934
0.000311934
0.000214917
0.000214917
0.000236375
0.000236375
0.000149169
0.000149169
0.000258103
0.000258103
0.000168483
0.000168483
0.00029821
0.00029821
0.000285213
0.000285213
0.000221958
0.000221958
0.000295613
0.000295613
0.000288469
0.000288469
0.000306812
0.000306812
0.000247718
0.000247718
0.000305023
0.000305023
0.000248486
0.000248486
0.00016603
0.00016603
0.000210524
0.000210524
0.000307396
0.000307396
0.000273661
0.000273661
0.000230127
0.000230127
0.000307944
0.000307944
0.000313946
0.000313946
0.000126702
0.000126702
0.000245527
0.000245527
0.000218464
0.000218464
0.000196234
0.000196234
0.000209623
0.000209623
0.000236158
0.000236158
0.00027184
0.00027184
0.000300772
0.000300772
0.000304516
0.000304516
0.000259765
0.000259765
0.000295872
0.000295872
0.000278094
0.000278094
0.000214742
0.000214742
0.000290836
0.000290836
0.00031637
0.00031637
0.000228365
0.000228365
2.69136e-05
2.69136e-05
0.000204291
0.000204291
0.000145982
0.000145982
0.000292186
0.000292186
0.00014535
0.00014535
0.000235014
0.000235014
0.000213175
0.000213175
0.00017079
0.00017079
0.000255687
0.000255687
0.000301838
0.000301838
0.000147534
0.000147534
0.000286191
0.000286191
0.000316627
0.000316627
0.000228613
0.000228613
0.000287247
0.000287247
0.000278117
0.000278117
0.000153037
0.000153037
0.000300842
0.000300842
0.00030213
0.00030213
0.00021865
0.00021865
0.000239337
0.000239337
0.00023228
0.00023228
0.000239063
0.000239063
0.00029696
0.00029696
0.000291468
0.000291468
0.000304074
0.000304074
8.26878e-06
8.26878e-06
8.26878e-06
0.000294967
0.000294967
2.89671e-05
2.89671e-05
0.000240613
0.000240613
0.00023911
0.00023911
8.42416e-05
8.42416e-05
0.000209518
0.000209518
0.00024237
0.00024237
0.000230946
0.000230946
0.000296169
0.000296169
0.000218331
0.000218331
0.000290285
0.000290285
0.000279167
0.000279167
0.000140093
0.000140093
0.000296261
0.000296261
0.000299339
0.000299339
0.000252437
0.000252437
0.000170587
0.000170587
0.000204294
0.000204294
0.000136735
0.000136735
0.000290693
0.000290693
0.000288854
0.000288854
0.000302629
0.000302629
0.000251595
0.000251595
0.000282591
0.000282591
0.000168988
0.000168988
0.000270126
0.000270126
0.000138464
0.000138464
0.000237165
0.000237165
0.00013997
0.00013997
0.000151588
0.000151588
0.000309541
0.000309541
0.000210648
0.000210648
0.000150182
0.000150182
0.000285499
0.000285499
0.000224602
0.000224602
0.000261154
0.000261154
0.000300401
0.000300401
0.000150172
0.000150172
2.60853e-05
2.60853e-05
0.000238749
0.000238749
0.000273743
0.000273743
0.000219071
0.000219071
0.000294931
0.000294931
0.000276643
0.000276643
0.000238934
0.000238934
0.00023555
0.00023555
0.000270267
0.000270267
0.000289236
0.000289236
0.000284095
0.000284095
0.000286898
0.000286898
0.000227782
0.000227782
0.000304752
0.000304752
2.24458e-05
2.24458e-05
0.000303373
0.000303373
0.00030907
0.00030907
0.000310882
0.000310882
0.000315094
0.000315094
0.000296558
0.000296558
0.000170706
0.000170706
0.00030434
0.00030434
0.000145869
0.000145869
0.00028492
0.00028492
0.000210625
0.000210625
0.000123241
0.000123241
0.000243023
0.000243023
0.000234227
0.000234227
0.000303844
0.000303844
0.000144482
0.000144482
0.000242306
0.000242306
0.000302882
0.000302882
0.000242914
0.000242914
0.000262649
0.000262649
0.000315731
0.000315731
1.04644e-05
1.04644e-05
1.04644e-05
0.00012603
0.00012603
0.000275118
0.000275118
0.000141771
0.000141771
0.000241159
0.000241159
0.000205084
0.000205084
0.000289715
0.000289715
0.000290375
0.000290375
0.000302622
0.000302622
0.000230033
0.000230033
0.000139988
0.000139988
0.000309286
0.000309286
0.00014843
0.00014843
0.000301749
0.000301749
0.000264086
0.000264086
0.000296248
0.000296248
0.000238621
0.000238621
0.000226218
0.000226218
0.000297598
0.000297598
0.000235966
0.000235966
0.000211062
0.000211062
0.000247546
0.000247546
0.00022538
0.00022538
0.00029287
0.00029287
0.000218408
0.000218408
0.000238928
0.000238928
0.000270819
0.000270819
0.000288344
0.000288344
1.55426e-05
1.55426e-05
0.000303385
0.000303385
0.000141857
0.000141857
2.99141e-05
2.99141e-05
0.000241219
0.000241219
0.00022913
0.00022913
0.000247658
0.000247658
0.000139403
0.000139403
0.000299771
0.000299771
0.000166296
0.000166296
0.000235216
0.000235216
2.36149e-05
2.36149e-05
2.36149e-05
0.000218859
0.000218859
0.000289169
0.000289169
1.16956e-05
1.16956e-05
1.16956e-05
0.000151805
0.000151805
1.88952e-05
1.88952e-05
1.88952e-05
0.000144485
0.000144485
0.000296266
0.000296266
0.000182178
0.000182178
0.000305035
0.000305035
0.000219542
0.000219542
0.000293172
0.000293172
0.00013501
0.00013501
0.000267057
0.000267057
0.000302316
0.000302316
0.000232702
0.000232702
0.00023909
0.00023909
0.000136864
0.000136864
0.000291429
0.000291429
0.000201444
0.000201444
0.000277141
0.000277141
0.000245075
0.000245075
0.000305241
0.000305241
0.000261654
0.000261654
0.000231105
0.000231105
0.00023816
0.00023816
0.000286764
0.000286764
0.00022493
0.00022493
0.000298077
0.000298077
0.000231994
0.000231994
0.000167118
0.000167118
0.000201051
0.000201051
0.000242546
0.000242546
0.000283188
0.000283188
0.000231188
0.000231188
0.000247175
0.000247175
0.000245091
0.000245091
0.000217682
0.000217682
0.000216007
0.000216007
0.000267596
0.000267596
0.000304722
0.000304722
0.000225159
0.000225159
0.000218624
0.000218624
0.000282559
0.000282559
0.00020952
0.00020952
0.000290104
0.000290104
0.000292505
0.000292505
0.00014823
0.00014823
0.000237494
0.000237494
0.000134641
0.000134641
0.000170654
0.000170654
0.000295256
0.000295256
0.00021924
0.00021924
0.000224868
0.000224868
0.000301118
0.000301118
0.000298212
0.000298212
0.000313433
0.000313433
0.000206291
0.000206291
0.000227409
0.000227409
0.000135142
0.000135142
0.000299745
0.000299745
0.000238145
0.000238145
0.000314489
0.000314489
0.0003165
0.0003165
0.000239264
0.000239264
0.000237318
0.000237318
0.000214447
0.000214447
0.000231733
0.000231733
0.000306937
0.000306937
0.000304105
0.000304105
0.000308109
0.000308109
1.3472e-05
1.3472e-05
0.000278592
0.000278592
0.00029245
0.00029245
0.000250428
0.000250428
0.000199792
0.000199792
0.000267386
0.000267386
0.000278391
0.000278391
0.000274175
0.000274175
0.000174827
0.000174827
0.000160894
0.000160894
0.000315005
0.000315005
0.000287678
0.000287678
0.000122291
0.000122291
0.000125429
0.000125429
0.000210407
0.000210407
0.000297398
0.000297398
0.000209201
0.000209201
0.000233314
0.000233314
0.000147974
0.000147974
0.000300296
0.000300296
0.00029467
0.00029467
0.000284211
0.000284211
0.000298052
0.000298052
0.000240006
0.000240006
0.000301285
0.000301285
0.000236025
0.000236025
0.000234654
0.000234654
0.000254892
0.000254892
0.000226165
0.000226165
0.000303292
0.000303292
0.000143038
0.000143038
0.000228685
0.000228685
0.000300977
0.000300977
0.000291725
0.000291725
0.000244324
0.000244324
0.000303084
0.000303084
0.000277745
0.000277745
0.000216616
0.000216616
0.000235082
0.000235082
0.000149141
0.000149141
0.000217769
0.000217769
0.000265564
0.000265564
0.000145245
0.000145245
0.00027837
0.00027837
0.000303854
0.000303854
0.000233103
0.000233103
0.000299932
0.000299932
0.00013143
0.00013143
0.000300162
0.000300162
0.000131845
0.000131845
0.000227619
0.000227619
0.000217285
0.000217285
0.000234196
0.000234196
0.000254886
0.000254886
2.96146e-05
2.96146e-05
0.00029632
0.00029632
0.000214235
0.000214235
0.000231065
0.000231065
6.76575e-05
6.76575e-05
0.000238883
0.000238883
0.000214828
0.000214828
0.000109171
0.000109171
0.00014211
0.00014211
0.00019766
0.00019766
0.000295573
0.000295573
0.000230334
0.000230334
0.000300838
0.000300838
0.000247833
0.000247833
0.000200842
0.000200842
0.000292798
0.000292798
6.77383e-05
6.77383e-05
6.75573e-05
6.75573e-05
0.000229604
0.000229604
0.000237726
0.000237726
0.000300988
0.000300988
0.00029811
0.00029811
0.000255759
0.000255759
0.00013458
0.00013458
0.000215031
0.000215031
0.000224361
0.000224361
0.000171883
0.000171883
6.80019e-05
6.80019e-05
0.00023718
0.00023718
9.97242e-05
9.97242e-05
0.00017279
0.00017279
0.000241357
0.000241357
0.00029053
0.00029053
0.000234581
0.000234581
0.000140087
0.000140087
0.000287677
0.000287677
1.0328e-05
1.0328e-05
1.0328e-05
1.11143e-05
1.11143e-05
1.11143e-05
0.000294453
0.000294453
0.000144805
0.000144805
0.000228444
0.000228444
0.000311693
0.000311693
0.000217477
0.000217477
0.000242051
0.000242051
0.000253634
0.000253634
0.00014121
0.00014121
0.00029852
0.00029852
0.0003127
0.0003127
0.000315942
0.000315942
0.000221591
0.000221591
0.000245529
0.000245529
0.000214101
0.000214101
6.79243e-05
6.79243e-05
0.00028595
0.00028595
0.000295802
0.000295802
0.000283556
0.000283556
0.000300146
0.000300146
0.000211368
0.000211368
0.000215337
0.000215337
0.000235011
0.000235011
0.000313788
0.000313788
0.000301746
0.000301746
0.000124227
0.000124227
0.00020378
0.00020378
0.000297588
0.000297588
1.39848e-05
1.39848e-05
1.39848e-05
0.000122392
0.000122392
0.000142841
0.000142841
0.00022395
0.00022395
6.74426e-05
6.74426e-05
0.000229025
0.000229025
0.000205483
0.000205483
6.7437e-05
6.7437e-05
2.33211e-05
2.33211e-05
0.000244038
0.000244038
0.000301381
0.000301381
0.000299336
0.000299336
0.000292154
0.000292154
0.00030489
0.00030489
0.000306893
0.000306893
0.000144807
0.000144807
0.0002741
0.0002741
0.000188853
0.000188853
0.000230976
0.000230976
0.000240568
0.000240568
1.51432e-05
1.51432e-05
1.51432e-05
6.76776e-05
6.76776e-05
0.000229236
0.000229236
2.82776e-05
2.82776e-05
0.000126409
0.000126409
0.000233371
0.000233371
0.000299521
0.000299521
0.000221853
0.000221853
0.000306152
0.000306152
0.000183706
0.000183706
0.000173252
0.000173252
0.000129148
0.000129148
0.000291288
0.000291288
0.000291496
0.000291496
0.000230955
0.000230955
0.000229176
0.000229176
0.000282665
0.000282665
0.000288803
0.000288803
0.000284825
0.000284825
0.000144585
0.000144585
0.000301888
0.000301888
0.000178185
0.000178185
0.00024785
0.00024785
0.000202786
0.000202786
2.97838e-05
2.97838e-05
0.000221567
0.000221567
0.000255997
0.000255997
0.000233201
0.000233201
6.78687e-05
6.78687e-05
0.000214472
0.000214472
0.000241502
0.000241502
0.000230048
0.000230048
6.98518e-05
6.98518e-05
0.000297185
0.000297185
0.000123883
0.000123883
0.00023912
0.00023912
0.00021251
0.00021251
0.000135827
0.000135827
0.00027694
0.00027694
0.000300675
0.000300675
0.000241106
0.000241106
0.000203062
0.000203062
0.000258547
0.000258547
0.000193893
0.000193893
0.0002294
0.0002294
0.000134257
0.000134257
0.00029529
0.00029529
0.000294091
0.000294091
0.000202342
0.000202342
0.000304755
0.000304755
0.000140066
0.000140066
0.000300692
0.000300692
0.000211926
0.000211926
0.000170861
0.000170861
0.000299512
0.000299512
0.00021422
0.00021422
0.000314797
0.000314797
1.08844e-05
1.08844e-05
1.08844e-05
1.30383e-05
1.30383e-05
1.30383e-05
0.000256012
0.000256012
0.000221177
0.000221177
0.000202901
0.000202901
0.000178744
0.000178744
0.000300559
0.000300559
0.000142644
0.000142644
0.000134339
0.000134339
9.93892e-05
9.93892e-05
6.81178e-05
6.81178e-05
0.00031536
0.00031536
0.000221293
0.000221293
0.000255619
0.000255619
0.00031129
0.00031129
0.000296551
0.000296551
0.000293396
0.000293396
0.000298956
0.000298956
0.000185297
0.000185297
0.000267119
0.000267119
0.000197735
0.000197735
0.000304739
0.000304739
0.000290028
0.000290028
0.000244445
0.000244445
0.000121241
0.000121241
0.000119497
0.000119497
0.000303617
0.000303617
0.000214843
0.000214843
0.000230918
0.000230918
0.000210139
0.000210139
1.8978e-05
1.8978e-05
1.8978e-05
0.000237842
0.000237842
0.000211794
0.000211794
0.000291145
0.000291145
0.00018103
0.00018103
0.000284585
0.000284585
6.74375e-05
6.74375e-05
0.000300891
0.000300891
0.000166161
0.000166161
3.6408e-05
3.6408e-05
0.000231104
0.000231104
0.000288562
0.000288562
0.000196722
0.000196722
1.52456e-05
1.52456e-05
1.52456e-05
0.000157105
0.000157105
0.000215058
0.000215058
0.00013738
0.00013738
0.000171167
0.000171167
0.000200507
0.000200507
0.000196174
0.000196174
0.000310418
0.000310418
0.000238139
0.000238139
0.000301079
0.000301079
0.000129061
0.000129061
0.000137222
0.000137222
0.000298057
0.000298057
0.00023452
0.00023452
0.000302992
0.000302992
0.000234777
0.000234777
0.000186719
0.000186719
0.000135312
0.000135312
0.000115186
0.000115186
0.000277255
0.000277255
0.000295304
0.000295304
2.97794e-05
2.97794e-05
0.000288194
0.000288194
6.89365e-05
6.89365e-05
0.000256691
0.000256691
0.000300419
0.000300419
0.000251687
0.000251687
0.000231943
0.000231943
0.000291244
0.000291244
0.000210741
0.000210741
0.000285924
0.000285924
0.000126723
0.000126723
0.000249408
0.000249408
0.000134551
0.000134551
0.00029703
0.00029703
0.000298599
0.000298599
0.000248281
0.000248281
0.00021623
0.00021623
3.50923e-05
3.50923e-05
3.50923e-05
0.000256559
0.000256559
0.000215898
0.000215898
0.000122496
0.000122496
0.000303564
0.000303564
0.000288178
0.000288178
0.000294664
0.000294664
0.000280268
0.000280268
3.51626e-05
3.51626e-05
3.51626e-05
0.000191359
0.000191359
0.000300181
0.000300181
0.000289319
0.000289319
3.52822e-05
3.52822e-05
3.52822e-05
0.000125415
0.000125415
0.000213022
0.000213022
0.000314139
0.000314139
0.000282474
0.000282474
0.000126949
0.000126949
0.000292601
0.000292601
0.000252829
0.000252829
2.0626e-05
2.0626e-05
0.000296734
0.000296734
0.000285965
0.000285965
0.000289181
0.000289181
0.000208056
0.000208056
0.000249289
0.000249289
3.50248e-05
3.50248e-05
3.50248e-05
0.000294179
0.000294179
0.000313474
0.000313474
0.000139823
0.000139823
0.00026667
0.00026667
0.000300858
0.000300858
0.000163105
0.000163105
0.000245657
0.000245657
0.000251132
0.000251132
0.000140699
0.000140699
0.000312499
0.000312499
0.000141566
0.000141566
0.000301198
0.000301198
3.49246e-05
3.49246e-05
3.49246e-05
3.50513e-05
3.50513e-05
3.50513e-05
0.000135485
0.000135485
0.000187186
0.000187186
0.000291466
0.000291466
1.51762e-05
1.51762e-05
1.51762e-05
0.000233715
0.000233715
0.000287072
0.000287072
4.03659e-05
4.03659e-05
0.000268413
0.000268413
0.00021693
0.00021693
0.000294792
0.000294792
0.000307438
0.000307438
2.11808e-05
2.11808e-05
3.51325e-05
3.51325e-05
3.51325e-05
0.000288788
0.000288788
0.000297846
0.000297846
7.28235e-05
7.28235e-05
9.65827e-06
9.65827e-06
9.65827e-06
1.03086e-05
1.03086e-05
1.03086e-05
0.000124055
0.000124055
0.000134834
0.000134834
0.000288492
0.000288492
0.000120348
0.000120348
0.000238091
0.000238091
0.000304233
0.000304233
0.000246372
0.000246372
0.000280014
0.000280014
0.000303073
0.000303073
0.000233048
0.000233048
1.41973e-05
1.41973e-05
1.41973e-05
0.000247941
0.000247941
3.49127e-05
3.49127e-05
3.49127e-05
3.51554e-05
3.51554e-05
3.51554e-05
0.000302737
0.000302737
0.000297297
0.000297297
0.000125257
0.000125257
3.52434e-05
3.52434e-05
3.52434e-05
0.000254885
0.000254885
0.000125636
0.000125636
0.000233357
0.000233357
4.14597e-05
4.14597e-05
0.000128937
0.000128937
4.22152e-05
4.22152e-05
0.000258515
0.000258515
2.97896e-05
2.97896e-05
0.00014272
0.00014272
0.000150344
0.000150344
4.24519e-05
4.24519e-05
0.000306885
0.000306885
3.05346e-05
3.05346e-05
0.000281978
0.000281978
0.000224292
0.000224292
6.47126e-05
6.47126e-05
4.24532e-05
4.24532e-05
0.00028645
0.00028645
4.63778e-05
4.63778e-05
0.00030285
0.00030285
2.00876e-05
2.00876e-05
4.39795e-05
4.39795e-05
0.000214421
0.000214421
0.00011756
0.00011756
0.000282806
0.000282806
0.00029167
0.00029167
1.86256e-05
1.86256e-05
1.86256e-05
3.53603e-05
3.53603e-05
3.53603e-05
4.39685e-05
4.39685e-05
0.000251598
0.000251598
0.000136479
0.000136479
0.000261442
0.000261442
0.000252073
0.000252073
0.000293971
0.000293971
0.000222141
0.000222141
0.000293944
0.000293944
0.000251143
0.000251143
0.000201938
0.000201938
0.000251811
0.000251811
4.22028e-05
4.22028e-05
0.000296359
0.000296359
0.000193339
0.000193339
0.00027004
0.00027004
0.000312913
0.000312913
0.000250803
0.000250803
0.000138684
0.000138684
0.000216879
0.000216879
1.50824e-05
1.50824e-05
1.50824e-05
0.000121085
0.000121085
4.17875e-05
4.17875e-05
0.000307062
0.000307062
0.000310919
0.000310919
0.000240886
0.000240886
0.000218523
0.000218523
0.000272879
0.000272879
0.000123545
0.000123545
0.000280619
0.000280619
0.000251239
0.000251239
3.55734e-05
3.55734e-05
3.55734e-05
0.000312618
0.000312618
0.000299618
0.000299618
0.000132104
0.000132104
7.43286e-05
7.43286e-05
0.000298264
0.000298264
0.000278127
0.000278127
0.000295652
0.000295652
0.000298627
0.000298627
0.000219136
0.000219136
4.16342e-05
4.16342e-05
0.000251344
0.000251344
0.000234243
0.000234243
4.08481e-05
4.08481e-05
0.000262237
0.000262237
0.000306511
0.000306511
7.17456e-05
7.17456e-05
0.000289243
0.000289243
0.000312125
0.000312125
0.00030517
0.00030517
4.18596e-05
4.18596e-05
0.000295995
0.000295995
0.000251293
0.000251293
0.000233478
0.000233478
3.81395e-05
3.81395e-05
0.00025288
0.00025288
0.000216732
0.000216732
0.000294506
0.000294506
0.000218739
0.000218739
3.40653e-05
3.40653e-05
3.40653e-05
0.000250905
0.000250905
0.000297877
0.000297877
0.000254992
0.000254992
0.000302241
0.000302241
0.000251874
0.000251874
0.00029428
0.00029428
0.000131244
0.000131244
0.000305751
0.000305751
0.000117003
0.000117003
0.000301852
0.000301852
0.000129298
0.000129298
0.000266104
0.000266104
1.31375e-05
1.31375e-05
1.31375e-05
7.67835e-05
7.67835e-05
7.61976e-05
7.61976e-05
3.63145e-05
3.63145e-05
3.63145e-05
0.000219291
0.000219291
3.02076e-05
3.02076e-05
0.000253934
0.000253934
0.000272948
0.000272948
0.000115666
0.000115666
3.13779e-05
3.13779e-05
1.48424e-05
1.48424e-05
1.48424e-05
0.000133529
0.000133529
0.000236931
0.000236931
0.000309035
0.000309035
0.000310326
0.000310326
0.000135407
0.000135407
0.000311543
0.000311543
0.000305307
0.000305307
3.32428e-05
3.32428e-05
0.000246809
0.000246809
0.000126127
0.000126127
0.000247252
0.000247252
0.000250666
0.000250666
0.000275894
0.000275894
0.000253124
0.000253124
0.000221919
0.000221919
0.000130707
0.000130707
0.000296152
0.000296152
4.32256e-05
4.32256e-05
0.000223657
0.000223657
0.000250555
0.000250555
0.00030533
0.00030533
0.000248995
0.000248995
0.000118048
0.000118048
2.16493e-05
2.16493e-05
2.16493e-05
0.000297199
0.000297199
5.22481e-05
5.22481e-05
2.15441e-05
2.15441e-05
2.15441e-05
0.000197277
0.000197277
2.18253e-05
2.18253e-05
2.18253e-05
0.000245524
0.000245524
0.000305991
0.000305991
2.16921e-05
2.16921e-05
2.16921e-05
0.000248286
0.000248286
7.25604e-05
7.25604e-05
2.1689e-05
2.1689e-05
2.1689e-05
0.000250228
0.000250228
0.000304454
0.000304454
3.19861e-05
3.19861e-05
2.35197e-05
2.35197e-05
2.35197e-05
2.28056e-05
2.28056e-05
2.28056e-05
0.000239658
0.000239658
0.000200848
0.000200848
0.000247958
0.000247958
0.000300734
0.000300734
0.000219373
0.000219373
0.000253856
0.000253856
0.000296005
0.000296005
0.000186563
0.000186563
9.6843e-06
9.6843e-06
9.6843e-06
9.33115e-06
9.33115e-06
9.33115e-06
2.15095e-05
2.15095e-05
2.15095e-05
0.000227968
0.000227968
0.000259798
0.000259798
0.000230038
0.000230038
7.78946e-05
7.78946e-05
0.000252548
0.000252548
2.76728e-05
2.76728e-05
7.65373e-05
7.65373e-05
0.00024879
0.00024879
0.000240869
0.000240869
7.71498e-05
7.71498e-05
3.2809e-05
3.2809e-05
0.000136153
0.000136153
0.000121664
0.000121664
2.11043e-05
2.11043e-05
2.11043e-05
7.8165e-05
7.8165e-05
0.000193663
0.000193663
1.50584e-05
1.50584e-05
1.50584e-05
0.000299749
0.000299749
0.000250285
0.000250285
0.000241849
0.000241849
0.000298777
0.000298777
0.000248757
0.000248757
2.19161e-05
2.19161e-05
2.19161e-05
2.1645e-05
2.1645e-05
2.1645e-05
0.000257312
0.000257312
0.000208243
0.000208243
2.08756e-05
2.08756e-05
2.08756e-05
0.000304477
0.000304477
4.28966e-05
4.28966e-05
0.000250316
0.000250316
0.000217755
0.000217755
1.31405e-05
1.31405e-05
1.31405e-05
3.18627e-05
3.18627e-05
3.18627e-05
3.33595e-05
3.33595e-05
3.33595e-05
6.97268e-05
6.97268e-05
0.000136598
0.000136598
0.000297053
0.000297053
0.000303646
0.000303646
0.000241993
0.000241993
0.000237379
0.000237379
0.000306693
0.000306693
0.000299717
0.000299717
0.000233444
0.000233444
0.000304061
0.000304061
0.000247568
0.000247568
1.83966e-05
1.83966e-05
1.83966e-05
0.000305886
0.000305886
0.000300923
0.000300923
0.000212033
0.000212033
3.35873e-05
3.35873e-05
0.000305986
0.000305986
2.15124e-05
2.15124e-05
2.15124e-05
0.000303304
0.000303304
0.000157409
0.000157409
2.92355e-05
2.92355e-05
2.92355e-05
2.91643e-05
2.91643e-05
0.000298536
0.000298536
0.000245741
0.000245741
0.000237191
0.000237191
0.000234045
0.000234045
3.44879e-05
3.44879e-05
3.44879e-05
0.000228495
0.000228495
1.32483e-05
1.32483e-05
1.32483e-05
3.31229e-05
3.31229e-05
7.28128e-05
7.28128e-05
0.000236942
0.000236942
0.000305066
0.000305066
0.000307038
0.000307038
0.000237721
0.000237721
0.000312079
0.000312079
0.00023495
0.00023495
7.83308e-05
7.83308e-05
0.000230785
0.000230785
3.70416e-05
3.70416e-05
3.70416e-05
3.72772e-05
3.72772e-05
3.72772e-05
0.000296558
0.000296558
1.56771e-05
1.56771e-05
1.56771e-05
0.000235793
0.000235793
7.45526e-05
7.45526e-05
0.000244354
0.000244354
0.000311388
0.000311388
0.000219018
0.000219018
0.000306336
0.000306336
0.000181015
0.000181015
0.000301435
0.000301435
0.000104429
0.000104429
0.00030537
0.00030537
2.16328e-05
2.16328e-05
2.16328e-05
1.59413e-05
1.59413e-05
1.59413e-05
0.000241649
0.000241649
3.74531e-05
3.74531e-05
3.74531e-05
1.57119e-05
1.57119e-05
1.57119e-05
0.000306507
0.000306507
0.000232963
0.000232963
0.000229528
0.000229528
3.74834e-05
3.74834e-05
3.74834e-05
0.000240558
0.000240558
3.4453e-05
3.4453e-05
3.4453e-05
6.67529e-05
6.67529e-05
0.000304512
0.000304512
0.000310655
0.000310655
3.78681e-05
3.78681e-05
3.78681e-05
7.49606e-05
7.49606e-05
0.000233119
0.000233119
3.73159e-05
3.73159e-05
3.73159e-05
0.000309005
0.000309005
0.000230481
0.000230481
1.80844e-05
1.80844e-05
1.80844e-05
0.00023062
0.00023062
0.000300487
0.000300487
0.000230303
0.000230303
7.45307e-05
7.45307e-05
0.000215685
0.000215685
0.000306695
0.000306695
1.58185e-05
1.58185e-05
1.58185e-05
1.51408e-05
1.51408e-05
1.51408e-05
0.000305973
0.000305973
0.000103911
0.000103911
0.000242274
0.000242274
0.000306618
0.000306618
0.000297393
0.000297393
0.000311643
0.000311643
0.00023059
0.00023059
0.000189136
0.000189136
3.77862e-05
3.77862e-05
3.77862e-05
0.000298172
0.000298172
0.000307349
0.000307349
0.000234285
0.000234285
0.000310559
0.000310559
0.00023519
0.00023519
0.00029882
0.00029882
2.54337e-05
2.54337e-05
1.23361e-05
1.23361e-05
1.23361e-05
0.000224043
0.000224043
0.0003082
0.0003082
0.000297654
0.000297654
0.000126589
0.000126589
0.00021579
0.00021579
4.90788e-05
4.90788e-05
3.40717e-05
3.40717e-05
3.40717e-05
0.000307292
0.000307292
0.00030334
0.00030334
4.96035e-05
4.96035e-05
0.000306615
0.000306615
4.3359e-05
4.3359e-05
2.16791e-05
2.16791e-05
2.16791e-05
0.000223176
0.000223176
0.000224428
0.000224428
0.000229239
0.000229239
0.000221076
0.000221076
3.81255e-05
3.81255e-05
3.81255e-05
3.81428e-05
3.81428e-05
3.81428e-05
0.000217741
0.000217741
7.57048e-05
7.57048e-05
4.86716e-05
4.86716e-05
4.93629e-05
4.93629e-05
0.000219597
0.000219597
0.000129886
0.000129886
0.000225629
0.000225629
0.000306042
0.000306042
0.00022321
0.00022321
2.4104e-05
2.4104e-05
1.10588e-05
1.10588e-05
1.10588e-05
0.000307023
0.000307023
0.000218314
0.000218314
0.000302887
0.000302887
7.78708e-05
7.78708e-05
3.79118e-05
3.79118e-05
3.79118e-05
0.00030667
0.00030667
0.000308361
0.000308361
0.000177346
0.000177346
0.000304859
0.000304859
0.000215347
0.000215347
0.000285178
0.000285178
0.000305353
0.000305353
4.84887e-05
4.84887e-05
3.82623e-05
3.82623e-05
3.82623e-05
0.000222806
0.000222806
7.57672e-05
7.57672e-05
0.000175054
0.000175054
2.54663e-05
2.54663e-05
2.54663e-05
0.00029257
0.00029257
2.53852e-05
2.53852e-05
2.53852e-05
6.30449e-05
6.30449e-05
3.22866e-05
3.22866e-05
3.22866e-05
0.000302824
0.000302824
3.80228e-05
3.80228e-05
3.80228e-05
0.000305475
0.000305475
7.74697e-05
7.74697e-05
0.000221088
0.000221088
0.000300683
0.000300683
2.51761e-05
2.51761e-05
2.51761e-05
4.83679e-05
4.83679e-05
0.000219253
0.000219253
4.17493e-05
4.17493e-05
4.60421e-05
4.60421e-05
2.27733e-05
2.27733e-05
2.27733e-05
0.000301088
0.000301088
1.51221e-05
1.51221e-05
1.51221e-05
0.000301482
0.000301482
2.45963e-05
2.45963e-05
2.45963e-05
0.000214215
0.000214215
0.000302795
0.000302795
0.000275406
0.000275406
3.8122e-05
3.8122e-05
3.8122e-05
3.90077e-05
3.90077e-05
3.90077e-05
7.77432e-05
7.77432e-05
7.79054e-05
7.79054e-05
4.88225e-05
4.88225e-05
7.59869e-05
7.59869e-05
2.49623e-05
2.49623e-05
2.49623e-05
2.41895e-05
2.41895e-05
2.41895e-05
0.000276926
0.000276926
0.000299382
0.000299382
0.00029932
0.00029932
0.000218793
0.000218793
3.73651e-05
3.73651e-05
3.73651e-05
2.35536e-05
2.35536e-05
2.35536e-05
4.99962e-05
4.99962e-05
0.000186889
0.000186889
0.000287633
0.000287633
0.000287625
0.000287625
0.0002019
0.0002019
0.000294708
0.000294708
0.000298145
0.000298145
0.00021972
0.00021972
3.45533e-05
3.45533e-05
3.45533e-05
7.32384e-05
7.32384e-05
0.000218617
0.000218617
3.73916e-05
3.73916e-05
3.73916e-05
7.14295e-05
7.14295e-05
3.26848e-05
3.26848e-05
3.26848e-05
5.99493e-05
5.99493e-05
0.000252684
0.000252684
0.000280594
0.000280594
9.56036e-06
9.56036e-06
9.56036e-06
1.91106e-05
1.91106e-05
2.05941e-05
2.05941e-05
2.05941e-05
2.05941e-05
7.78155e-06
7.78155e-06
7.78155e-06
7.78155e-06
6.40608e-05
6.40608e-05
1.10633e-05
1.10633e-05
1.10633e-05
2.07756e-05
2.07756e-05
2.07756e-05
4.25344e-05
4.25344e-05
2.65182e-05
2.65182e-05
2.65182e-05
4.54175e-05
4.54175e-05
2.23297e-05
2.23297e-05
2.23297e-05
2.09071e-05
2.09071e-05
2.09071e-05
4.41384e-05
4.41384e-05
2.11291e-05
2.11291e-05
2.11291e-05
2.16631e-05
2.16631e-05
2.16631e-05
4.33339e-05
4.33339e-05
7.84755e-05
7.84755e-05
3.82844e-05
3.82844e-05
3.82844e-05
3.89482e-05
3.89482e-05
3.89482e-05
3.71415e-05
3.71415e-05
3.71415e-05
7.51209e-05
7.51209e-05
3.90505e-05
3.90505e-05
3.90505e-05
7.80275e-05
7.80275e-05
2.91274e-05
2.91274e-05
2.91274e-05
2.04996e-05
2.04996e-05
2.04996e-05
1.9977e-05
1.9977e-05
1.9977e-05
4.29833e-05
4.29833e-05
2.08974e-05
2.08974e-05
2.08974e-05
2.13662e-05
2.13662e-05
2.13662e-05
4.50615e-05
4.50615e-05
3.90779e-05
3.90779e-05
3.90779e-05
0.000247242
0.000247242
0.000284851
0.000284851
0.000282224
0.000282224
0.000297327
0.000297327
0.000298598
0.000298598
3.10781e-05
3.10781e-05
1.43342e-05
1.43342e-05
1.43342e-05
0.000154655
0.000154655
0.000132309
0.000132309
0.000150185
0.000150185
1.30962e-05
1.30962e-05
1.30962e-05
0.00012493
0.00012493
0.000199569
0.000199569
0.000112517
0.000112517
0.00012655
0.00012655
3.06316e-05
3.06316e-05
2.14785e-05
2.14785e-05
0.000285368
0.000285368
0.000144945
0.000144945
1.74301e-05
1.74301e-05
1.74301e-05
1.33371e-05
1.33371e-05
1.33371e-05
1.40275e-05
1.40275e-05
1.40275e-05
0.000206354
0.000206354
8.36511e-05
8.36511e-05
0.000162572
0.000162572
0.000204201
0.000204201
1.31289e-05
1.31289e-05
1.31289e-05
0.000150113
0.000150113
0.000218023
0.000218023
0.000151029
0.000151029
9.29469e-06
9.29469e-06
9.29469e-06
9.15885e-06
9.15885e-06
9.15885e-06
1.07929e-05
1.07929e-05
1.07929e-05
8.94732e-06
8.94732e-06
8.94732e-06
1.33969e-05
1.33969e-05
1.33969e-05
8.89987e-06
8.89987e-06
8.89987e-06
9.62668e-06
9.62668e-06
9.62668e-06
9.19002e-06
9.19002e-06
9.19002e-06
0.000239571
0.000239571
3.17225e-05
3.17225e-05
0.000131759
0.000131759
8.69565e-06
8.69565e-06
8.69565e-06
6.45449e-06
6.45449e-06
6.45449e-06
7.04197e-06
7.04197e-06
7.04197e-06
2.75694e-05
2.75694e-05
0.000221398
0.000221398
0.000218028
0.000218028
9.97998e-06
9.97998e-06
9.97998e-06
7.90622e-06
7.90622e-06
7.90622e-06
7.68738e-06
7.68738e-06
7.68738e-06
0.000131291
0.000131291
0.000139568
0.000139568
2.02964e-05
2.02964e-05
0.000130795
0.000130795
0.000289905
0.000289905
0.000113346
0.000113346
8.10244e-05
8.10244e-05
2.12929e-05
2.12929e-05
9.63376e-06
9.63376e-06
9.63376e-06
2.83703e-05
2.83703e-05
1.82483e-05
1.82483e-05
2.98512e-05
2.98512e-05
1.90725e-05
1.90725e-05
1.90561e-05
1.90561e-05
1.85545e-05
1.85545e-05
6.21886e-06
6.21886e-06
6.21886e-06
6.55723e-06
6.55723e-06
6.55723e-06
0.000209888
0.000209888
0.000231561
0.000231561
0.000102491
0.000102491
0.0002875
0.0002875
1.18056e-05
1.18056e-05
1.96432e-05
1.96432e-05
1.92249e-05
1.92249e-05
9.67671e-05
9.67671e-05
0.000168595
0.000168595
2.10124e-05
2.10124e-05
0.000211993
0.000211993
9.84496e-05
9.84496e-05
0.000156719
0.000156719
0.000162377
0.000162377
8.65482e-06
8.65482e-06
8.65482e-06
0.000165714
0.000165714
0.00010428
0.00010428
0.000113803
0.000113803
2.04147e-05
2.04147e-05
0.000311635
0.000311635
0.000129834
0.000129834
0.000211236
0.000211236
1.08559e-05
1.08559e-05
1.08559e-05
9.73602e-05
9.73602e-05
0.000303326
0.000303326
9.55819e-05
9.55819e-05
1.70455e-05
1.70455e-05
8.49315e-06
8.49315e-06
8.49315e-06
0.000169433
0.000169433
0.000206722
0.000206722
0.000300825
0.000300825
8.37892e-05
8.37892e-05
0.00010994
0.00010994
7.52776e-06
7.52776e-06
7.52776e-06
0.000208195
0.000208195
0.000309135
0.000309135
0.000114784
0.000114784
0.0003109
0.0003109
0.000212642
0.000212642
1.99812e-05
1.99812e-05
0.00020227
0.00020227
0.000304023
0.000304023
0.000127061
0.000127061
0.000214303
0.000214303
0.000128105
0.000128105
0.000118429
0.000118429
0.000112771
0.000112771
5.77316e-06
5.77316e-06
5.77316e-06
0.000220028
0.000220028
1.67599e-05
1.67599e-05
7.83979e-06
7.83979e-06
7.83979e-06
0.000301617
0.000301617
)
;
    }
}


// ************************************************************************* //
