/*--------------------------------*- C++ -*----------------------------------*\
  =========                 |
  \\      /  F ield         | OpenFOAM: The Open Source CFD Toolbox
   \\    /   O peration     | Website:  https://openfoam.org
    \\  /    A nd           | Version:  8
     \\/     M anipulation  |
\*---------------------------------------------------------------------------*/
FoamFile
{
    version     2.0;
    format      ascii;
    class       volVectorField;
    location    "0.95";
    object      U;
}
// * * * * * * * * * * * * * * * * * * * * * * * * * * * * * * * * * * * * * //

dimensions      [0 1 -1 0 0 0 0];

internalField   nonuniform List<vector> 
1924
(
(0.0750884 0.027557 2.15153e-17)
(0.0560921 0.047646 2.30423e-17)
(1.29676 0.779234 2.25231e-17)
(2.09616 1.43056 1.99236e-17)
(0.186958 -0.12598 2.14724e-17)
(2.91246 2.05377 2.36252e-17)
(4.84187 3.57067 2.422e-17)
(4.9454 3.97378 2.37353e-17)
(5.76054 4.61326 1.3261e-17)
(1.03085 0.7325 2.22246e-17)
(5.92239 4.98736 1.09523e-17)
(5.59333 4.37516 1.9758e-18)
(-1.23506 0.146956 7.29339e-18)
(5.54467 4.68066 -1.68875e-18)
(2.61055 4.91628 1.71695e-17)
(2.24165 5.34007 1.60554e-17)
(-1.20473 -0.080493 8.1733e-18)
(4.91729 3.7906 1.10886e-17)
(0.0143745 0.0089061 2.15329e-17)
(4.77642 3.77895 1.34593e-17)
(-0.525854 -0.0658449 4.18167e-18)
(-2.09249 -1.0764 1.05102e-17)
(-0.712886 -0.129613 6.85019e-18)
(4.36534 2.80938 2.1731e-17)
(-1.90784 -1.2003 9.84653e-18)
(0.14285 -0.822853 1.84966e-17)
(0.394328 -0.014688 2.26265e-17)
(0.332998 0.104781 2.32735e-17)
(-0.167459 -0.101408 1.44755e-17)
(1.93432 -0.0693757 -4.67384e-18)
(-0.732108 -0.0980546 6.71254e-18)
(-1.38107 -1.15205 1.31491e-17)
(0.168583 -0.00170268 1.63123e-17)
(-0.868187 0.0334656 6.7216e-18)
(0.35343 0.0737239 2.95663e-17)
(-0.679501 -0.16535 6.54339e-18)
(-1.16441 -0.644874 1.5242e-17)
(-0.156249 -0.214634 1.74699e-17)
(1.65716 -0.887669 -5.54681e-19)
(-0.836103 -0.107986 7.59143e-18)
(-0.527934 -0.468452 1.88456e-17)
(-0.716307 -0.162767 6.47246e-18)
(-0.00459006 -0.770221 1.78687e-17)
(-0.860277 0.0062472 7.03679e-18)
(3.09658 2.01954 3.19194e-17)
(-0.124568 0.544116 1.06869e-17)
(0.0476909 -0.00726866 2.01832e-17)
(3.24857 4.78656 1.68627e-17)
(0.155219 0.0019145 1.48019e-18)
(0.0494728 -0.0755051 1.11146e-18)
(0.156456 -0.0680641 -3.46962e-18)
(-1.2203 0.0911499 7.05856e-18)
(-1.77538 -0.978222 9.30279e-18)
(0.569014 -0.332041 3.3974e-18)
(-0.363804 1.23832 8.54644e-18)
(1.18476 0.911858 2.15843e-17)
(0.0586994 -0.0195809 2.1432e-17)
(1.19877 1.83662 1.60154e-17)
(0.57573 0.543013 9.49273e-18)
(3.54901 2.50473 2.01942e-17)
(-0.956863 0.0633699 7.1785e-18)
(2.87429 6.02381 9.80126e-18)
(-0.910078 0.118948 6.9247e-18)
(2.29279 -0.0424286 -1.16889e-17)
(0.538794 -0.241247 4.54872e-18)
(3.1006 4.69843 1.76565e-17)
(3.55542 5.598 1.25121e-17)
(-0.651172 -0.123138 7.52837e-18)
(-0.226781 0.202701 1.13379e-17)
(-0.127681 -0.156222 4.98983e-18)
(-0.921804 0.575519 9.19342e-18)
(2.59603 5.93257 7.6253e-18)
(1.87966 -0.651998 -5.26135e-18)
(1.99915 -0.109863 -3.08727e-18)
(1.58755 -0.865104 5.31954e-18)
(-1.07774 1.31721 1.07149e-17)
(4.4735 5.40235 1.02648e-17)
(1.82029 -0.883498 9.4723e-18)
(4.52438 4.91417 1.35449e-17)
(-0.71499 0.118062 6.91377e-18)
(3.49912 -0.751829 1.76445e-17)
(0.922819 0.631104 2.49113e-17)
(3.09568 4.07894 1.02742e-17)
(-0.725352 0.224973 6.29685e-18)
(-0.00966512 0.137204 1.74994e-17)
(-0.707405 2.0355e-05 7.8234e-18)
(0.664571 0.430197 1.35874e-17)
(3.42492 5.03885 1.59018e-17)
(0.0753098 -0.0650269 2.50372e-18)
(-0.957165 0.51878 7.93443e-18)
(4.38218 5.58128 1.73899e-17)
(1.6167 0.0995474 2.29142e-17)
(-0.475272 1.19779 8.91137e-18)
(-0.380628 1.95692 1.44665e-17)
(-1.34048 0.844181 7.35678e-18)
(0.493565 -0.271761 5.49092e-18)
(5.12333 5.42374 1.31966e-17)
(3.70284 -0.0254459 2.00973e-17)
(3.47777 2.29691 2.25101e-17)
(-1.23725 1.05962 9.64117e-18)
(0.890585 0.424359 2.33075e-17)
(-1.35999 0.414801 6.25165e-18)
(3.43186 2.75265 2.52165e-17)
(2.30132 0.979002 2.02368e-17)
(-0.396994 1.93595 1.54557e-17)
(2.31677 -0.9739 1.72675e-17)
(0.434531 0.969281 1.33132e-17)
(-0.456121 1.92428 1.39033e-17)
(3.02232 1.84256 2.24823e-17)
(-0.346999 1.60132 1.11996e-17)
(6.30832 6.01523 1.37799e-17)
(-0.0796783 0.667133 1.07781e-17)
(-0.303942 -0.0296852 2.13003e-17)
(3.45401 2.55561 9.78119e-18)
(3.84711 3.9826 3.04947e-18)
(-0.301387 0.125568 5.87166e-18)
(1.19214 0.535533 2.31579e-17)
(1.3654 5.06609 1.7186e-17)
(-0.378818 0.281024 7.95016e-18)
(4.8857 4.07938 6.69972e-19)
(-0.166972 0.069329 1.93806e-17)
(0.124951 0.000195064 4.21493e-19)
(0.262941 -0.302295 -5.46813e-18)
(-0.359969 0.162624 6.87464e-18)
(2.9865 6.12598 6.86836e-18)
(-0.240131 1.93984 1.7485e-17)
(-1.24404 1.57159 1.11193e-17)
(1.70975 -1.31495 1.41833e-17)
(-0.195185 1.41876 1.09306e-17)
(0.0700259 -0.0598855 -1.7431e-19)
(5.05838 3.83571 9.44952e-19)
(0.721083 0.723622 1.94162e-17)
(-1.20548 2.39502 1.15288e-17)
(3.70775 3.3815 1.29565e-17)
(-1.58818 0.151404 8.3201e-18)
(-0.201702 2.02248 1.50363e-17)
(0.177848 -0.0205714 1.98159e-17)
(0.0993335 0.349224 1.39665e-17)
(4.25834 2.86087 2.1132e-17)
(0.0501975 -0.129416 3.13364e-17)
(1.40523 1.3192 1.4349e-17)
(3.4262 6.36472 8.45589e-18)
(-0.279378 -0.433565 2.30828e-17)
(0.163125 -0.179377 4.0539e-18)
(1.44133 0.897703 2.06998e-17)
(0.0614772 -0.0768303 -5.55156e-19)
(-0.348648 1.85398 1.57164e-17)
(-1.35719 0.934894 1.00883e-17)
(2.50137 2.00207 2.14225e-17)
(-0.307938 0.432468 6.14336e-18)
(1.87958 2.73132 4.20742e-18)
(0.109498 2.89692e-05 6.33475e-19)
(-1.46442 1.51887 7.65158e-18)
(0.942513 1.3183 1.82457e-17)
(2.31014 1.63066 2.09525e-17)
(-0.292153 1.84473 2.02222e-17)
(0.12023 0.0136565 9.86885e-20)
(0.563298 0.114305 2.37798e-17)
(5.17829 3.82443 -1.82375e-18)
(1.77389 2.97859 -1.0041e-17)
(2.88686 1.76233 -2.29585e-18)
(-1.08184 1.76544 1.13197e-17)
(1.12804 1.0345 2.10129e-17)
(0.131319 -0.00327246 9.32324e-19)
(1.44054 0.992549 -9.5768e-18)
(-0.189629 2.05146 1.60433e-17)
(0.120357 2.05162 2.14859e-17)
(0.124866 0.0208414 2.72351e-19)
(3.97616 2.76112 -4.25996e-18)
(0.0136487 1.87089 1.21955e-17)
(0.35915 -0.0266454 1.64204e-17)
(2.80464 2.21716 2.19209e-17)
(2.16694 -1.46417 1.57345e-17)
(2.89015 1.08858 1.62109e-17)
(2.05555 1.48387 1.61814e-17)
(-0.630634 0.0988487 2.16521e-17)
(2.61574 0.692403 -2.77861e-18)
(-0.589189 0.387213 9.82166e-18)
(-0.670717 -0.088794 5.22455e-18)
(1.48946 1.57353 2.41762e-17)
(-0.473839 1.05357 2.63144e-17)
(0.961939 4.31188 1.67212e-17)
(2.63304 0.812497 -3.73903e-18)
(0.209519 1.99171 2.33979e-17)
(0.156173 0.0203507 7.43449e-19)
(0.124376 -0.0422836 1.23484e-17)
(-1.40501 1.03806 1.19229e-17)
(-0.206117 1.72499 2.79507e-17)
(3.92103 2.43092 -5.49029e-18)
(2.92052 1.74262 -7.1764e-18)
(-0.527838 1.4848 1.44723e-17)
(4.11899 3.52528 2.56573e-17)
(4.43405 2.5765 2.69708e-18)
(2.21783 2.00644 2.68455e-17)
(0.931021 2.40722 1.94055e-17)
(0.105048 -0.00348431 6.14372e-19)
(0.130142 2.43697 2.85171e-17)
(-0.81702 0.00161856 2.30529e-17)
(-0.569314 0.510115 2.25212e-17)
(-1.05094 -0.299511 2.26051e-17)
(0.0712425 -0.163253 9.63606e-18)
(0.0558585 -0.06031 2.36634e-17)
(0.192565 2.26627 1.26365e-17)
(4.4793 4.24396 2.61723e-17)
(0.242046 -0.199061 1.80012e-17)
(-0.759694 0.949955 2.50787e-17)
(2.5667 2.63566 2.75507e-17)
(-1.5825 0.289254 1.59486e-17)
(-1.72955 1.16823 1.15582e-17)
(-0.49328 1.16941 9.41758e-18)
(0.131561 -0.00787684 7.61483e-19)
(0.29168 1.76648 1.20505e-17)
(4.09384 3.2183 1.92363e-17)
(0.903362 2.44555 2.02644e-17)
(-0.422172 1.68184 2.7301e-17)
(2.18339 -0.809362 1.34453e-17)
(1.91764 1.73898 1.98067e-17)
(-0.464337 1.14937 1.7776e-17)
(3.66365 3.77059 2.73028e-17)
(1.47987 -1.85247 1.53386e-17)
(-0.287958 1.50761 1.85499e-17)
(3.49795 3.21318 9.03134e-18)
(0.359866 2.35658 1.5569e-17)
(3.93547 3.54835 2.08024e-17)
(5.53261 5.18338 1.82331e-17)
(0.00918808 2.37466 2.9434e-17)
(4.36581 2.45761 5.17835e-18)
(2.60407 -1.55295 1.7019e-17)
(1.26159 2.91481 1.91223e-17)
(-1.19633 -0.257117 2.09331e-17)
(-0.0103703 0.518255 5.93793e-18)
(4.09616 4.31976 1.87463e-17)
(-0.807569 0.438731 2.36082e-17)
(-0.984748 1.03824 1.2089e-17)
(0.529653 3.00143 3.1014e-17)
(0.221611 1.24048 -1.64475e-17)
(3.95402 2.56132 1.46115e-17)
(4.14236 4.63103 2.72301e-17)
(1.01672 2.63184 1.31466e-17)
(0.103831 -0.00952138 2.94021e-19)
(0.000816514 4.09218 1.3055e-17)
(-1.09454 0.451417 2.17427e-17)
(4.08035 2.24374 1.58186e-17)
(-1.39158 -0.13749 1.77256e-17)
(0.769324 0.789126 -6.44614e-18)
(-1.7325 0.741691 1.19103e-17)
(5.70843 5.78928 1.858e-17)
(3.81347 2.42533 1.61595e-17)
(2.38573 0.167656 4.48292e-18)
(2.40419 -1.66741 1.72775e-17)
(0.204144 0.178184 4.90569e-18)
(0.125113 -0.0144458 2.76897e-19)
(1.06346 3.0334 2.36072e-17)
(0.625247 2.32386 8.51936e-18)
(3.71475 1.61988 1.34774e-18)
(3.59424 3.16813 1.74983e-17)
(0.583217 -1.05816 1.63044e-17)
(-1.64649 -0.00184561 1.65777e-17)
(-0.399297 1.29753 2.06455e-17)
(5.14852 5.76163 2.37903e-17)
(-0.0794784 1.75197 2.06747e-17)
(1.32364 2.88414 1.28089e-17)
(2.79719 0.595637 1.73251e-17)
(2.51168 -0.0170139 8.60641e-18)
(-0.950336 -1.22075 1.32296e-17)
(1.03035 -1.77004 9.46521e-18)
(-0.519543 -0.0952288 5.99884e-18)
(1.83665 -2.05401 1.72159e-17)
(-0.803066 1.89639 1.15382e-17)
(-0.000815273 0.0617741 2.07505e-17)
(-1.25068 -0.508411 1.92157e-17)
(2.95593 2.0186 7.17252e-18)
(0.305273 0.0844434 1.29436e-17)
(-1.32725 0.39937 1.80816e-17)
(3.96292 4.22536 1.70622e-17)
(3.58894 -1.26523 1.71821e-17)
(5.69855 5.51767 4.99202e-18)
(0.553253 2.84764 3.16941e-17)
(0.915635 2.13324 1.20797e-17)
(-1.05736 0.0026659 2.14643e-17)
(-0.111413 -0.0712392 1.67043e-17)
(0.0903191 -0.00811929 2.1012e-19)
(4.19785 5.03667 1.83614e-17)
(1.39591 3.41776 2.24424e-17)
(-0.105881 -0.0425274 2.02107e-17)
(2.48722 0.853774 -6.64128e-18)
(3.81899 1.46398 1.65817e-17)
(0.114196 -0.0259176 5.9079e-20)
(5.32725 6.50243 2.22565e-17)
(-1.36627 0.468437 2.01077e-17)
(1.6215 2.92711 1.53821e-17)
(1.2021 -1.35481 2.74496e-18)
(1.18823 3.37789 3.23519e-17)
(3.62185 2.2575 1.54682e-17)
(0.186325 -0.167823 6.54293e-18)
(1.31316 0.674539 -1.10318e-17)
(3.33823 3.56598 1.85841e-17)
(-1.44934 -0.53362 1.7889e-17)
(1.64295 -2.12909 1.64947e-17)
(3.38364 2.56767 1.45574e-17)
(0.0861431 -0.0278998 -3.48696e-19)
(1.3314 2.62818 1.16067e-17)
(4.02685 1.50709 1.47856e-17)
(1.316 2.01907 1.76009e-17)
(5.58737 5.86617 5.04295e-18)
(-0.697772 0.597098 2.39419e-17)
(-0.696056 0.19437 6.44536e-18)
(4.16693 1.03809 1.56285e-17)
(-1.80357 -0.021217 1.7965e-17)
(3.3874 3.56243 1.19608e-17)
(-1.8387 0.136536 1.48079e-17)
(-0.349487 0.611733 5.27131e-18)
(1.29918 3.50072 2.49735e-17)
(-1.42519 -0.800193 8.39736e-18)
(3.72687 1.47059 7.24701e-18)
(-0.909221 0.104878 6.44893e-18)
(-0.176968 1.70103 2.28734e-17)
(5.52255 6.52006 1.12199e-17)
(1.59417 3.21102 1.76503e-17)
(0.417312 2.21106 2.31034e-17)
(0.933483 -1.58951 9.01059e-18)
(-1.24301 -0.685882 1.91483e-17)
(1.50748 2.15855 2.0558e-17)
(2.85651 2.08206 1.45699e-17)
(-0.0710046 0.536652 2.72458e-17)
(2.97305 -1.97186 1.37663e-17)
(-0.864784 1.08504 2.32236e-17)
(-1.29968 0.244014 1.69357e-17)
(3.44548 2.20899 1.64218e-17)
(3.85983 1.44422 2.20064e-17)
(-1.21788 -0.023593 2.07587e-17)
(3.22798 5.33664 3.19495e-18)
(-1.04522 -0.589325 8.2563e-18)
(5.15974 5.06895 8.08807e-18)
(1.1389 -2.30032 1.26077e-17)
(1.39762 3.13132 3.1469e-17)
(3.9369 3.63543 1.54257e-17)
(1.77579 3.30473 2.06959e-17)
(2.06918 4.08463 2.62941e-17)
(1.69736 2.60995 1.97457e-17)
(2.71202 -2.23285 1.30279e-17)
(3.64181 2.60383 1.55218e-17)
(-1.84533 -1.38681 6.89892e-18)
(-1.34781 -0.59627 1.86593e-17)
(2.77013 3.29739 1.71099e-17)
(1.47585 5.55075 1.01338e-17)
(-0.0322242 0.128588 8.30429e-18)
(2.14169 6.02399 4.1545e-18)
(-0.359774 0.477372 1.66974e-18)
(-0.467267 0.203814 2.6835e-17)
(0.0829288 -0.942978 1.57007e-17)
(0.267275 0.323252 -1.43221e-18)
(0.697246 0.520898 -1.56422e-17)
(3.38481 1.53718 1.80393e-17)
(-1.72249 -0.259971 1.45952e-17)
(2.19262 -2.65727 1.50517e-17)
(0.0829099 0.0784828 -9.60891e-19)
(5.38381 6.9147 9.38149e-18)
(-1.95702 -0.51975 1.85599e-17)
(0.45431 -0.16809 5.92561e-18)
(2.37268 3.70578 3.08143e-17)
(2.87252 2.3391 1.70361e-17)
(3.61816 1.05507 1.87124e-17)
(3.41911 4.27499 1.36895e-17)
(-0.157195 -0.984703 1.54711e-17)
(2.21162 2.65696 2.47219e-17)
(-1.61677 -1.084 7.84347e-18)
(-1.23443 -0.783411 1.85094e-17)
(2.0687 4.10555 2.83463e-17)
(1.75057 3.59885 2.16565e-17)
(4.09091 0.0861797 1.81556e-17)
(0.326838 2.34693 2.77266e-17)
(-1.47153 -0.397909 1.70053e-17)
(-0.368822 3.23973 1.36809e-17)
(1.40624 -0.665142 1.9488e-17)
(-0.0348011 -0.159798 2.57195e-18)
(2.52956 2.71183 1.53348e-17)
(2.31765 3.8792 1.74444e-17)
(-1.40618 -1.45165 9.94112e-18)
(1.47515 5.75471 6.96016e-18)
(1.20912 5.4029 1.1424e-17)
(1.90312 -2.67284 1.63783e-17)
(-0.991486 0.971617 2.20082e-17)
(0.756467 2.84564 2.48895e-17)
(-1.39729 -0.402715 1.87308e-17)
(4.09259 -0.406275 1.72893e-17)
(0.897723 -2.19539 1.23005e-17)
(3.19202 4.75451 4.76983e-18)
(1.02597 -0.944999 1.65652e-17)
(2.1641 3.07263 2.40191e-17)
(1.29871 1.47868 -1.61026e-17)
(-0.942326 -0.604846 6.46371e-18)
(-0.447957 1.6199 2.59621e-17)
(2.47581 5.30685 3.24051e-18)
(2.74831 4.35983 2.4251e-17)
(-0.918679 1.41348 7.96153e-18)
(0.450258 -0.984651 1.44551e-17)
(-1.5356 -1.51937 7.95611e-18)
(3.77073 0.914128 2.49889e-17)
(0.96007 5.23627 1.67938e-17)
(0.0103985 -0.100735 -8.60487e-19)
(1.38232 -2.91264 1.4059e-17)
(-1.43768 -0.603864 1.59156e-17)
(-0.543112 1.86401 1.43348e-17)
(0.0985447 0.0080745 2.41097e-19)
(3.34828 3.50457 1.1627e-17)
(3.93097 -1.06854 1.51636e-17)
(1.84219 5.48365 1.61486e-18)
(-1.9417 -0.627285 1.50729e-17)
(0.365729 -0.930379 1.33165e-17)
(2.67864 3.39573 3.12087e-17)
(-0.750728 -0.445872 5.16622e-18)
(5.03801 6.22703 8.75372e-18)
(3.21035 4.05262 2.60134e-17)
(3.16357 4.97527 2.74369e-17)
(0.747553 1.93347 1.44608e-17)
(3.27026 -2.17963 1.14698e-17)
(2.58459 1.62681 2.17789e-17)
(-0.611317 0.0484019 8.3273e-18)
(5.74356 4.48329 1.71606e-17)
(2.90515 1.09917 2.25611e-17)
(-1.36597 -0.72165 1.52156e-17)
(3.86177 -1.5544 1.36731e-17)
(-1.60128 -0.489113 1.48307e-17)
(-0.169432 -0.98668 1.35189e-17)
(3.35006 0.0998876 2.26714e-17)
(3.37803 0.644423 1.73195e-17)
(1.10831 -1.38648 -2.93354e-18)
(-1.30979 -1.10082 8.37771e-18)
(2.56654 0.204795 1.74976e-17)
(2.89987 3.837 1.27303e-17)
(3.10619 -2.67936 9.44173e-18)
(2.74574 0.984646 2.09318e-17)
(-0.143854 -0.132234 6.28356e-18)
(2.87067 4.57912 2.47892e-17)
(2.03212 -0.362217 1.78759e-17)
(3.5785 -0.423121 2.1848e-17)
(0.275525 -0.261806 3.03984e-18)
(3.51517 4.69431 2.60631e-17)
(-0.554855 -1.20347 1.1112e-17)
(-1.65087 -0.355755 1.64069e-17)
(0.920363 -0.766561 1.31489e-17)
(0.646658 2.98323 2.41699e-17)
(0.113626 -0.0985466 -2.73289e-17)
(0.699265 5.44697 4.27256e-18)
(1.48864 1.69836 -9.57323e-18)
(3.6106 3.97677 2.64624e-17)
(1.10684 -2.84276 1.31488e-17)
(-0.404729 1.34193 2.72243e-17)
(2.40109 4.44114 3.84122e-18)
(1.55082 3.73093 1.54862e-17)
(-0.978751 -0.806696 8.28096e-18)
(0.964886 3.38904 2.62398e-17)
(3.92489 1.00001 2.18087e-17)
(0.753281 -0.744901 1.26274e-17)
(0.149854 2.00729 2.67866e-17)
(3.82185 -1.46726 2.00081e-17)
(1.83409 2.40936 1.79905e-17)
(0.00780113 0.0244572 3.96759e-18)
(0.179938 5.26993 1.27644e-17)
(2.52307 -3.20013 9.60688e-18)
(-1.23803 -1.54824 6.78097e-18)
(-0.845651 0.0703188 6.13751e-18)
(-0.141573 0.301829 7.6264e-18)
(-1.39987 -0.566269 1.50036e-17)
(1.96848 4.7349 2.89782e-18)
(1.0499 5.08238 -4.31579e-19)
(3.37351 4.8915 2.7814e-17)
(4.60438 6.07685 2.5411e-17)
(3.86969 4.25675 1.32267e-17)
(0.417149 -0.753517 1.32852e-17)
(-0.645071 -0.54448 4.7316e-18)
(0.463277 -2.01752 1.43471e-17)
(3.8337 -1.81187 1.76494e-17)
(-1.23609 -0.722321 8.72884e-18)
(2.17823 -3.28917 1.17864e-17)
(1.53504 -1.05576 -5.56857e-18)
(4.7172 6.406 7.73542e-18)
(0.164627 5.29861 7.60595e-18)
(0.0175343 5.04532 1.74752e-17)
(3.86479 3.69585 2.32134e-17)
(3.89436 5.71022 2.58886e-17)
(2.73269 3.02532 1.33175e-17)
(0.411536 5.03524 -7.15035e-19)
(-1.31887 -1.37865 1.0092e-17)
(0.294162 -0.815143 1.25528e-17)
(1.4967 -0.09991 1.42077e-17)
(-1.35336 2.95646 1.41412e-17)
(2.19737 0.83723 2.01401e-17)
(3.37685 0.630851 2.20361e-17)
(-0.293451 -0.159913 6.6806e-18)
(2.07545 0.404786 2.012e-17)
(-0.420816 -0.350101 4.49802e-18)
(5.92425 4.49831 1.84433e-17)
(2.60295 0.0662769 2.6809e-17)
(3.71583 -2.6645 1.26973e-17)
(-0.0871413 5.13835 1.4919e-17)
(2.0948 3.64814 1.34415e-17)
(1.18236 -0.279849 1.23697e-17)
(2.77388 1.34553 9.85306e-18)
(2.89231 -0.496946 2.55265e-17)
(1.36765 2.91716 1.39663e-17)
(-1.74293 -0.606026 1.41992e-17)
(-0.539418 -1.503 7.66995e-18)
(-1.5105 -0.498372 1.26186e-17)
(0.212887 2.05577 1.34214e-17)
(1.87601 1.14192 2.61511e-17)
(0.569738 -0.628369 1.33967e-17)
(-0.799438 -0.819526 7.55533e-18)
(3.28623 -1.55349 2.43211e-17)
(1.57588 -3.47142 1.24584e-17)
(3.53457 -3.01538 9.47494e-18)
(1.82636 3.98051 1.07101e-17)
(0.899699 3.41982 2.8922e-17)
(1.1976 4.51639 4.43579e-18)
(0.704717 4.67105 2.90779e-18)
(-0.811391 -1.60302 5.73396e-18)
(0.18674 1.66007 2.86626e-17)
(4.97296 6.80866 2.5851e-17)
(-0.445657 5.12474 1.73231e-17)
(0.165943 -0.157073 4.43622e-18)
(1.44914 1.62402 2.40211e-17)
(2.94986 -3.71814 4.59468e-18)
(3.40653 -2.05411 2.27502e-17)
(1.53471 3.85307 2.98984e-17)
(0.907422 2.34078 3.06057e-17)
(0.68249 -2.60289 1.48298e-17)
(-0.768066 0.0194169 5.17079e-18)
(0.494739 -0.652387 1.3095e-17)
(4.21745 5.6744 2.65149e-17)
(0.178063 0.0970727 8.90322e-18)
(4.36129 5.727 1.16236e-17)
(-0.673601 -0.666194 5.3196e-18)
(-0.627964 0.0279196 5.97477e-18)
(-1.38462 -0.533345 1.23446e-17)
(-0.185234 4.77182 1.97814e-19)
(4.12246 5.82543 2.54208e-17)
(-1.32639 -0.764273 8.50606e-18)
(-0.969413 0.122297 6.28548e-18)
(0.19665 -1.03244 9.24823e-18)
(-0.942888 -1.32124 7.26039e-18)
(3.69046 1.21376 1.95648e-17)
(-0.595101 0.0980516 7.5435e-18)
(1.30279 -3.40649 1.34311e-17)
(3.4971 -2.95513 1.81213e-17)
(1.58107 0.712298 1.42028e-17)
(0.707929 -1.77177 -3.81346e-18)
(2.2741 0.217375 -6.15551e-18)
(-0.481079 4.99535 4.44565e-18)
(4.00028 0.69538 1.6253e-17)
(1.3355 0.482523 1.17092e-17)
(1.95911 3.05095 1.37532e-17)
(-0.561767 4.43631 1.50647e-17)
(-0.312426 -0.442702 4.97028e-18)
(0.831515 -0.131409 1.18832e-17)
(-0.603275 0.08811 6.18939e-18)
(-0.729052 -0.0512204 3.71228e-18)
(0.127626 -0.0649088 4.96728e-18)
(0.516015 0.60795 -2.0628e-17)
(1.38359 -1.41307 -6.21378e-18)
(-0.0496741 -1.30192 7.84526e-18)
(0.28978 -0.0942759 7.08476e-18)
(-0.835532 1.66207 1.4463e-17)
(1.66933 3.3491 1.42538e-17)
(-1.90628 -0.615828 1.34023e-17)
(-0.670264 -0.0706182 9.32465e-18)
(2.64129 -3.90018 5.2348e-18)
(5.79951 4.25814 6.53632e-18)
(0.356408 -1.90662 6.73678e-18)
(-0.789471 -1.01665 9.70843e-18)
(3.55815 -3.39394 1.42006e-17)
(1.7247 1.13823 1.72703e-17)
(0.629661 -0.29984 1.20823e-17)
(1.0808 3.89732 1.18553e-17)
(0.787362 -3.3175 1.21739e-17)
(0.0474552 4.45369 5.7216e-18)
(-0.649381 0.110205 5.03393e-18)
(-1.40298 -0.515373 1.39865e-17)
(2.49897 -1.72246 2.79347e-17)
(-0.536504 0.247565 7.33124e-18)
(-0.598965 -1.60792 5.41124e-18)
(-0.960612 5.04756 1.76631e-17)
(5.21216 7.15026 1.65871e-17)
(0.742534 4.13917 9.09026e-18)
(0.530963 -0.164958 3.52228e-18)
(-0.692689 0.012761 5.13105e-18)
(1.87736 -0.507088 2.98181e-17)
(-0.53421 0.277808 4.55865e-18)
(3.2939 -4.16468 5.67003e-18)
(3.33408 2.09752 1.32747e-17)
(0.372375 -0.76183 1.01601e-17)
(-0.0468434 -0.300428 4.06306e-18)
(0.050389 0.0264917 1.77103e-17)
(0.46162 -0.126796 1.04676e-18)
(-0.225196 0.0582586 8.92661e-18)
(2.77979 -2.25945 2.65154e-17)
(-0.408549 4.49596 5.40782e-18)
(2.94562 -0.164843 1.88836e-17)
(-0.695396 4.73468 2.18234e-19)
(0.0822143 0.198788 7.85191e-18)
(0.456128 -0.17188 6.10445e-18)
(1.44067 0.00497803 3.10021e-17)
(4.42498 5.54341 2.34374e-17)
(1.67171 -0.418568 -5.75628e-18)
(-0.539955 -0.707 5.69018e-18)
(3.78956 5.84683 1.2616e-17)
(1.17004 1.91524 2.95749e-17)
(1.9207 -4.13684 8.60491e-18)
(-0.831128 -0.27148 8.05417e-18)
(-0.471086 -0.03131 2.82444e-18)
(0.298399 -0.97688 8.07076e-18)
(0.373278 2.68088 1.97007e-17)
(-0.595046 0.223158 4.19843e-18)
(3.31253 0.147311 2.24894e-17)
(-0.665868 -1.46027 4.7772e-18)
(-0.881466 4.90519 7.37541e-18)
(1.62542 3.79331 3.0813e-17)
(-1.27698 -0.550408 1.2387e-17)
(0.499298 -0.157095 4.69585e-18)
(3.70355 1.58665 -2.20767e-17)
(3.05249 -3.26852 2.36234e-17)
(3.06413 -4.44053 1.21328e-18)
(5.88447 4.34121 5.81658e-18)
(-0.181591 -1.57673 5.79555e-18)
(4.75665 6.71193 1.95839e-17)
(0.304345 -2.48373 1.67244e-17)
(-0.739261 0.121891 4.12847e-18)
(-1.0729 4.85309 1.78958e-17)
(2.16796 2.55263 2.95453e-17)
(-0.572993 0.303315 5.52102e-18)
(-1.28444 4.90682 1.76514e-17)
(0.950695 0.54094 8.26389e-18)
(2.82657 -0.785421 2.04581e-17)
(-0.164303 0.314046 2.55413e-18)
(-0.509083 -0.610859 9.77256e-18)
(0.467286 -0.155846 5.77148e-18)
(0.715758 0.181195 1.01248e-17)
(0.224087 -0.00123205 -2.0479e-17)
(1.19079 1.122 1.11995e-17)
(3.15442 -3.66396 2.04716e-17)
(1.32898 2.61879 1.7635e-17)
(0.970495 3.30674 1.26073e-17)
(-0.536055 -0.988247 6.65898e-18)
(0.44786 -0.441034 1.04779e-17)
(-0.177282 1.78519 1.37126e-17)
(0.482945 1.23961 2.69055e-17)
(-0.266757 -1.5942 5.00816e-18)
(-1.77068 2.00007 1.91522e-17)
(1.22631 1.32763 1.14664e-17)
(-1.77506 -0.84058 9.44343e-18)
(0.34137 -0.246609 6.63427e-18)
(0.654312 3.55043 1.16613e-17)
(0.685717 0.325933 2.48766e-17)
(2.65702 4.37543 2.91893e-17)
(-0.734861 0.285667 4.74752e-18)
(0.153448 4.00983 9.82323e-18)
(0.377619 -0.160987 9.08603e-18)
(1.55763 -4.0581 7.41944e-18)
(0.369202 -0.732296 9.48373e-18)
(-0.526343 0.415299 6.10799e-18)
(-0.609354 0.117901 7.65243e-18)
(-0.6383 0.0220172 4.74003e-18)
(0.641026 -3.04315 1.37578e-17)
(3.20716 -4.56105 1.23549e-17)
(-0.210493 4.11893 9.37443e-18)
(1.37924 -1.05443 -6.8081e-18)
(0.142387 -1.31916 6.43791e-18)
(-1.53195 4.8902 1.82158e-17)
(-0.0662802 -0.387303 7.61406e-18)
(-0.418142 -0.79768 7.16395e-18)
(-0.401357 -1.34079 4.56101e-18)
(2.38507 -4.84548 4.31023e-19)
(-0.385616 -0.136528 7.32676e-18)
(3.57677 0.360319 2.2705e-17)
(-0.136099 1.71702 2.28923e-17)
(3.24003 -4.92004 5.15612e-18)
(5.21818 7.49958 1.02397e-17)
(-1.42205 4.08175 1.5099e-17)
(-0.0693755 -0.0651048 3.82989e-18)
(-0.553567 0.363037 3.78923e-18)
(1.80152 -2.41161 3.08976e-17)
(1.35172 -1.83659 3.27802e-17)
(-1.39616 4.68966 4.59308e-18)
(-1.15667 4.50096 2.19293e-18)
(0.0619034 -1.47952 5.36053e-18)
(4.86416 6.7578 2.61783e-17)
(-0.887932 4.24159 6.58881e-18)
(0.192866 -0.0160676 -2.92543e-18)
(2.22825 -3.6763 2.8668e-17)
(-0.847339 0.189968 5.07029e-18)
(3.26919 0.957708 6.41457e-18)
(4.5008 5.97229 1.86239e-17)
(5.12827 3.43238 1.99244e-18)
(0.448586 -0.0302462 9.47237e-18)
(0.352618 -0.430048 7.25923e-18)
(0.524672 -0.419154 3.38367e-17)
(-0.558112 0.491027 5.7828e-18)
(0.942393 -3.88391 9.48281e-18)
(-0.392615 -1.14563 4.61362e-18)
(-0.160332 -1.51953 3.80934e-18)
(2.80423 -5.53155 -5.54796e-18)
(-0.197567 -0.0617337 5.35075e-18)
(0.680726 0.668026 9.2823e-18)
(-1.20134 -0.273333 9.81344e-18)
(0.497591 -0.0879373 8.81204e-19)
(0.780184 1.08012 1.05274e-17)
(0.576131 2.67058 1.431e-17)
(0.357227 -0.53494 8.85691e-18)
(2.40472 -4.04482 2.71555e-17)
(-0.350632 -0.625628 1.10503e-17)
(0.108482 -0.363755 6.40045e-18)
(-0.373251 -0.0251898 3.71485e-18)
(0.377527 3.0101 9.62308e-18)
(0.0879487 -0.0665505 -3.78496e-18)
(0.184158 -1.06136 7.23076e-18)
(2.50152 2.13737 2.87173e-17)
(0.0866892 3.48481 9.49385e-18)
(0.312437 -0.325279 1.05431e-17)
(-0.101258 0.0478451 3.37729e-17)
(-0.0833408 0.0128163 2.01482e-17)
(0.751298 -3.7625 9.47232e-18)
(-1.7547 4.74457 2.0233e-17)
(1.98306 -4.8035 1.87304e-19)
(-0.734205 0.4178 3.5307e-18)
(-1.74794 4.29832 1.59402e-17)
(0.135971 -0.300696 8.49511e-18)
(0.0395196 0.11726 -1.25198e-17)
(0.515494 -0.0932884 4.67956e-18)
(-1.10663 -0.457134 8.70769e-18)
(2.58579 -4.9748 2.10645e-17)
(-0.192457 3.67728 8.37088e-18)
(-0.48659 0.678219 7.34354e-18)
(1.80258 0.80587 1.98197e-17)
(-0.149997 -1.3797 3.76385e-18)
(-1.59692 4.48087 2.24823e-18)
(0.171128 -1.3136 6.19468e-18)
(-1.29565 4.24131 7.04924e-18)
(0.737481 1.57973 9.40801e-18)
(-1.76468 4.5957 5.52335e-18)
(0.0464918 -0.21668 8.03237e-18)
(0.403958 -0.0829041 3.93845e-19)
(-0.651467 3.93335 8.17118e-18)
(2.44667 -5.59713 -6.42598e-18)
(0.0246461 -0.0216027 5.30196e-18)
(5.07789 3.49894 8.64932e-19)
(-0.246121 -0.461381 -3.5801e-17)
(-0.24865 -0.800915 7.73943e-18)
(-0.593471 0.457356 2.8472e-18)
(-0.266081 -0.544777 1.34606e-17)
(2.78276 -5.31172 1.50685e-17)
(-0.0029918 -1.5578 4.14534e-18)
(-0.332864 1.60791 2.22437e-17)
(4.87519 7.05212 8.27749e-18)
(2.52028 1.10807 -1.02504e-17)
(3.24313 1.5407 -1.37121e-17)
(2.96904 4.25692 2.80338e-17)
(0.78357 -2.27344 -2.12e-17)
(0.532186 -0.0690313 3.29147e-18)
(0.00145717 -0.0734892 -3.4509e-19)
(-1.98187 4.57042 1.46166e-17)
(0.147145 -2.76165 -4.0308e-18)
(-1.01151 3.94826 7.28674e-18)
(-2.472 1.65599 1.30594e-17)
(2.79296 -6.08094 -6.36963e-20)
(0.0128353 -1.51255 3.25337e-18)
(-0.570745 0.720762 6.30244e-18)
(0.0496661 -0.792787 9.04638e-18)
(-0.146071 -1.01364 5.0079e-18)
(-0.875704 0.367377 5.24652e-18)
(0.371556 0.412429 9.6506e-18)
(-2.1648 4.63841 1.82759e-17)
(0.203386 -0.183723 9.44628e-18)
(0.768991 0.117794 -8.74254e-18)
(-0.145131 2.96467 9.36418e-18)
(-1.18501 -0.376913 1.12494e-17)
(1.21719 -3.94063 3.31355e-17)
(-0.250898 -0.711221 8.53257e-18)
(0.0301101 -1.1312 7.11738e-18)
(-0.951535 0.530576 4.18988e-18)
(0.0714145 2.43884 1.18318e-17)
(-0.51486 -0.132515 3.10896e-18)
(1.20948 -4.67306 1.45104e-18)
(4.54879 6.97569 1.41823e-17)
(-0.777213 1.90373 1.17387e-17)
(4.29246 3.46711 2.00389e-17)
(0.449551 -3.20657 5.22068e-18)
(-1.87255 3.36332 1.38364e-17)
(0.435626 1.09594 1.04667e-17)
(-0.0430869 -1.77824 3.53126e-17)
(3.41777 1.18451 1.34389e-18)
(-0.518608 0.72759 9.16692e-18)
(0.347209 -0.536047 1.40167e-17)
(0.520154 -2.40941 3.51693e-17)
(-0.349254 3.22666 8.00458e-18)
(0.00563559 -1.26337 2.86216e-18)
(2.71572 -6.30615 -8.0195e-18)
(1.52825 -4.49708 3.17747e-17)
(0.500666 -0.46186 4.42301e-19)
(0.359041 1.45375 9.18525e-18)
(0.27515 -0.434113 7.19035e-18)
(-0.857237 0.0304092 6.80657e-18)
(-1.04987 -0.529607 8.6478e-18)
(-0.00315125 -1.46871 5.70595e-18)
(1.19838 -1.95258 -1.20192e-17)
(1.59482 -5.55306 -7.85195e-18)
(-1.11066 1.38682 2.19465e-17)
(1.94397 -0.279771 -9.18992e-18)
(-2.34114 4.56933 1.91853e-17)
(-0.558593 3.55526 7.36105e-18)
(-0.112559 -0.832051 7.36724e-18)
(-0.302137 -2.85131 7.40572e-18)
(1.68964 -5.63862 2.92761e-17)
(1.71642 0.288592 6.26115e-18)
(0.321492 -0.176713 6.43501e-18)
(0.103716 -0.392915 7.99494e-18)
(-0.766588 0.59065 1.98071e-18)
(-2.38232 4.39965 3.99111e-18)
(-0.164493 0.0521255 2.40914e-18)
(0.0458878 -1.52852 4.18729e-18)
(-0.360955 0.149116 9.16608e-18)
(-0.0268474 -0.411949 7.26808e-18)
(3.8925 4.83819 2.55329e-17)
(-1.00918 -0.288158 3.13404e-17)
(-0.759757 0.406615 6.19316e-18)
(-1.55896 3.9565 6.35668e-18)
(1.77602 -5.82944 2.53664e-17)
(0.0355957 -1.087 3.65272e-18)
(-1.94449 4.20549 2.96133e-18)
(-0.849349 3.65979 6.14423e-18)
(-0.725587 0.69955 5.01832e-18)
(-2.37046 3.95001 1.43048e-17)
(2.01606 -6.54861 -1.27221e-17)
(-0.204258 -0.596837 1.35821e-17)
(-0.0597739 -0.385188 1.47021e-17)
(0.074038 -1.43918 1.98061e-18)
(-0.166283 -0.800936 1.32269e-17)
(0.851446 -4.41566 4.12243e-18)
(-2.53642 4.14828 3.17465e-18)
(2.00556 -6.5572 1.40853e-17)
(0.0110657 0.169256 -6.6929e-19)
(4.39087 2.40637 1.54177e-17)
(0.416041 -0.0782559 6.17126e-18)
(0.0588095 0.295159 1.45494e-17)
(-0.204666 -1.30458 9.9623e-18)
(0.0947542 0.0631801 -4.33075e-19)
(0.156434 -0.56116 7.27474e-18)
(0.0911516 0.837368 8.05543e-18)
(0.145637 -1.28692 2.77381e-18)
(-2.67671 4.49817 1.68828e-17)
(0.273103 -0.516314 8.28671e-18)
(4.38696 7.00213 3.51188e-18)
(-1.2266 3.71042 6.30484e-18)
(-0.943225 0.592137 3.44051e-18)
(1.19578 -5.26649 -3.96756e-18)
(-2.59373 4.08542 1.69527e-17)
(-0.270793 2.35877 1.37092e-17)
(0.086458 -0.377433 7.1342e-18)
(-0.147365 -0.670352 1.06824e-17)
(0.517173 0.0446747 7.96428e-20)
(0.381103 -4.18415 2.41753e-18)
(-2.26083 4.15122 3.01932e-18)
(-1.62179 0.268788 2.4433e-17)
(-0.428108 2.61165 1.21262e-17)
(0.0735412 -2.95546 -1.30561e-17)
(-0.549517 -0.302829 4.43528e-18)
(-0.55522 3.06809 8.79166e-18)
(0.402668 0.0544637 -1.7742e-19)
(-0.144366 -1.47349 7.08457e-18)
(-0.927479 0.497985 1.13289e-18)
(-0.560195 0.526441 8.64235e-18)
(2.32466 -6.78374 1.91898e-18)
(0.180734 -0.418215 7.52849e-18)
(-0.53146 -0.214535 3.24497e-18)
(4.43835 6.77395 1.20494e-17)
(0.0284389 -0.708684 7.36054e-18)
(0.436355 -2.98413 -2.1476e-17)
(1.56089 -6.22796 -1.30684e-17)
(-0.559707 -0.091436 3.21235e-18)
(0.021774 -0.022873 2.90937e-18)
(-0.0677884 1.37998 1.35657e-17)
(1.08564 -1.40761 -1.03492e-17)
(-0.0350942 -0.582875 1.18854e-17)
(-2.93547 4.37881 1.0377e-17)
(0.157979 -3.54688 -6.0199e-18)
(-0.404007 1.00627 3.75468e-17)
(-0.010049 -1.56043 3.31285e-18)
(-0.755657 3.24683 8.02477e-18)
(4.37423 2.52893 1.96528e-17)
(-1.5156 3.64994 5.69812e-18)
(-1.90333 3.90103 4.3046e-18)
(0.229026 -0.877877 4.14544e-18)
(2.19755 -7.36872 -1.54468e-17)
(-0.0192272 0.0887593 1.9685e-17)
(-2.88543 0.521154 1.39031e-17)
(0.0925126 -3.88438 3.44756e-17)
(0.530561 -4.6149 3.47852e-17)
(1.03083 -6.14206 3.30029e-17)
(-2.9926 4.35783 1.88249e-17)
(-0.467551 -0.428474 8.01608e-18)
(-2.49014 2.99494 7.13527e-18)
(-0.883541 0.610747 8.93148e-18)
(0.385874 -3.40474 -1.02961e-18)
(-0.185202 -0.686887 1.26351e-17)
(0.546219 0.0311017 3.26791e-18)
(-0.369092 -1.08192 2.15642e-17)
(0.113379 -1.45821 2.2728e-18)
(-0.879725 -2.25369 3.35751e-17)
(-0.536006 0.600675 6.01349e-18)
(-0.16557 0.00247674 2.69666e-17)
(-1.42618 -1.55831 3.03214e-17)
(-0.232481 -0.512608 2.66803e-17)
(0.898183 -2.6959 -2.04737e-17)
(1.03877 -6.48084 3.14133e-17)
(0.217458 -0.293542 3.95379e-18)
(0.579913 0.0718265 2.58581e-18)
(-0.994299 3.41108 7.33351e-18)
(-0.929087 0.544608 5.37977e-18)
(-0.409905 -1.36571 1.57624e-17)
(-0.0378005 -0.636086 8.92057e-18)
(0.354124 -4.7028 -8.17233e-21)
(-0.439722 -3.65521 1.83858e-19)
(-2.79772 3.26046 1.12552e-17)
(0.265194 -1.10562 2.82505e-18)
(-0.00888793 -0.0505707 -7.01e-19)
(0.958014 -7.05302 2.54042e-17)
(-0.666337 0.282066 5.65242e-18)
(1.89034 -7.23079 -1.76305e-17)
(4.09294 4.69665 2.3834e-17)
(3.76352 6.30515 7.60688e-18)
(-0.247667 0.545226 2.54129e-17)
(0.247693 -0.709252 5.00826e-18)
(-3.24275 4.2844 1.89283e-17)
(-0.270041 -1.63656 7.47491e-18)
(0.405195 -0.410303 7.89901e-18)
(-0.51299 2.37249 1.73686e-17)
(-0.852547 -0.149227 8.64944e-18)
(-2.99222 4.0297 3.62972e-18)
(0.233042 -0.505573 8.92678e-18)
(-0.339568 1.01932 2.40725e-17)
(-1.1835 3.46066 6.67626e-18)
(0.60197 -5.53404 -7.25918e-18)
(0.520262 -0.335209 -8.23699e-19)
(1.14279 -7.2022 1.79686e-17)
(0.532159 -0.487608 8.26998e-19)
(0.516152 -0.0161052 5.60356e-18)
(-0.455865 1.9536 1.94873e-17)
(0.347715 -0.8934 3.56638e-18)
(-0.607888 2.57479 1.22871e-17)
(-0.930518 0.400772 2.17688e-18)
(-3.232 3.74444 1.60923e-17)
(0.0740364 -0.389557 7.12337e-18)
(-0.107441 -1.60179 4.40483e-18)
(0.31395 0.318336 -2.30964e-17)
(0.222057 -0.541875 9.85168e-18)
(-2.35593 3.78449 4.0437e-18)
(-0.0487358 0.00415594 1.60758e-17)
(-0.479888 -0.277606 3.28782e-18)
(-0.142853 -0.0931657 3.67213e-18)
(-1.13099 0.4755 4.64557e-18)
(-3.48713 4.21955 1.22141e-17)
(0.257654 -0.000148479 -8.33218e-18)
(1.76963 -7.80192 8.04383e-19)
(-0.107243 -0.835691 9.82806e-18)
(4.29728 4.55314 1.55762e-17)
(0.5064 0.252412 3.55705e-18)
(-0.723179 2.93345 1.16399e-17)
(-2.35242 -0.125462 1.87503e-17)
(0.166787 -1.33037 2.38369e-18)
(-0.389432 -0.898955 4.02234e-17)
(0.174014 0.378152 2.02543e-18)
(0.962164 -6.60312 -1.54014e-17)
(-0.194847 -0.756182 8.39381e-18)
(0.118504 -4.45677 -2.87841e-18)
(-0.457262 -1.20179 3.41913e-17)
(-2.93548 2.11625 9.68084e-18)
(0.995075 -1.87326 -9.34768e-18)
(-0.307519 0.626476 4.51294e-17)
(-0.331084 -0.344214 4.25047e-17)
(-1.91389 3.54959 5.27158e-18)
(-1.09909 1.70837 9.60748e-18)
(-3.48123 3.84634 1.81145e-17)
(-0.402403 -0.0337104 4.3215e-17)
(-0.393456 -0.359387 8.33987e-18)
(0.025084 -0.598765 7.91994e-18)
(-0.507345 -1.66611 1.94531e-17)
(-1.4848 3.34327 5.79433e-18)
(0.295535 -1.10553 2.69385e-18)
(1.9086 0.740965 -9.80036e-18)
(1.40445 -0.837864 -8.89947e-18)
(0.309028 -0.400525 9.03267e-18)
(-1.45987 -0.832765 8.61103e-18)
(-0.915418 3.0109 9.34465e-18)
(1.90967 -8.05129 -1.44234e-17)
(0.343187 -0.524909 7.00365e-18)
(0.270441 -0.483115 9.67112e-18)
(0.249667 -5.05112 -6.97776e-18)
(0.220745 -0.390304 7.44499e-18)
(-2.60326 3.6904 4.2517e-18)
(-2.94043 3.74236 4.32173e-18)
(-0.671016 0.0588466 3.0769e-18)
(-0.425025 -1.7395 1.10445e-17)
(-0.618685 0.437262 4.30679e-18)
(0.119842 -0.386129 6.97049e-18)
(-3.50739 3.9762 8.06862e-18)
(0.234137 -0.705569 1.16359e-17)
(-0.83195 -0.278664 9.0358e-18)
(-3.4518 2.87009 1.11652e-17)
(4.18979 1.75095 2.18911e-17)
(0.324985 -6.05177 3.45407e-17)
(0.704253 0.0718929 -1.21561e-17)
(0.461739 -0.560669 4.56346e-18)
(-0.75943 0.405765 1.54569e-18)
(-3.85479 4.02508 1.94721e-17)
(-0.397288 1.5506 3.10103e-17)
(0.571295 -6.7778 3.37298e-17)
(0.67913 -7.73991 2.94006e-17)
(-0.466607 1.81009 2.94973e-17)
(-0.325417 0.628858 3.94125e-17)
(-0.281844 -0.831615 5.4912e-18)
(-0.0974618 -1.59531 3.55553e-18)
(-1.16634 -3.59232 3.13458e-17)
(-3.54659 0.031829 1.81047e-17)
(-0.629748 -4.39617 3.31807e-17)
(0.192349 0.188763 3.02091e-19)
(0.494735 -5.89923 -1.16886e-17)
(1.26827 -7.74093 -1.67175e-17)
(-0.457914 2.18645 2.01317e-17)
(-0.137131 -0.638227 7.19266e-18)
(-1.06594 3.15519 8.84727e-18)
(4.06745 3.75394 1.09583e-17)
(3.12689 0.741832 5.74616e-18)
(0.17942 -0.155252 -1.96836e-17)
(-0.149239 -0.430101 6.3827e-18)
(0.428805 -7.74989 2.8298e-17)
(-2.1702 3.45201 5.35237e-18)
(0.542348 0.144865 2.15888e-18)
(0.567559 0.220696 2.3205e-18)
(0.199929 -0.529417 8.03746e-18)
(4.16571 1.97908 2.20277e-17)
(1.54185 0.299016 1.00371e-17)
(0.090042 -1.3454 2.86876e-18)
(-0.447894 -0.266721 2.81846e-18)
(-3.73049 3.052 1.23647e-17)
(3.63879 4.46004 1.75091e-17)
(-1.69008 3.24135 5.927e-18)
(-3.99041 3.94862 1.74993e-17)
(-0.454117 -1.57946 4.02599e-17)
(0.588034 -7.9098 1.23728e-17)
(-0.249828 -0.881769 5.10144e-17)
(-0.36768 -1.11688 4.8714e-17)
(-0.560644 2.38334 1.96382e-17)
(0.476912 -0.447589 5.43308e-18)
(-2.17874 -2.03517 2.48106e-17)
(-0.960132 0.323434 9.05638e-19)
(0.387803 -0.710564 3.67623e-18)
(3.12258 -1.10253 1.67429e-17)
(4.78193 4.71723 1.28928e-17)
(-0.553412 -1.7728 2.83999e-17)
(-2.70201 -1.32914 2.06691e-17)
(-1.23222 3.09136 7.71121e-18)
(0.347414 -0.388508 9.47892e-18)
(-0.299426 -0.31545 5.03209e-17)
(-0.419319 -0.285086 3.41161e-18)
(0.376384 -0.348348 8.32941e-18)
(0.962838 -1.54728 -7.96804e-18)
(-0.755915 0.0442984 2.03673e-18)
(0.790513 -6.80652 -1.73322e-17)
(-3.58154 1.64505 9.66836e-18)
(-0.422428 -1.87394 8.294e-18)
(0.991523 -8.16791 6.85195e-18)
(0.321976 0.286079 1.99419e-18)
(-4.12272 3.51939 1.99243e-17)
(-0.0249524 0.369721 2.17743e-18)
(0.465136 -0.496904 4.67102e-18)
(0.0554067 -0.717453 5.672e-18)
(-0.249049 -0.119898 5.15915e-17)
(-0.70697 2.57925 1.5189e-17)
(0.44253 0.129939 3.4442e-18)
(-3.79808 3.67347 1.01811e-17)
(-0.365762 -0.654112 1.77929e-18)
(-0.23378 -1.6531 4.61079e-18)
(0.0710547 -4.44967 -2.65112e-17)
(-0.130032 1.40659 3.59372e-17)
(-0.0798847 -0.394323 6.243e-18)
(-0.0474068 -0.0116948 2.01048e-17)
(-0.502769 -0.201445 2.53715e-18)
(0.363589 -0.281583 8.76044e-18)
(1.93746 -9.02539 -1.36906e-17)
(-0.284909 0.762046 4.48948e-17)
(-4.40545 3.55048 2.11153e-17)
(0.0532179 -0.00189902 5.25799e-17)
(0.258475 -0.410411 7.93699e-18)
(-3.15043 3.52314 5.97108e-18)
(0.025255 -4.62162 -2.31916e-17)
(0.228279 -4.29254 -3.04892e-17)
(0.251047 -0.86173 2.88099e-18)
(-0.270521 1.42026 3.44023e-17)
(-3.91544 2.02361 1.07391e-17)
(3.06574 -0.559768 1.87241e-17)
(-0.782906 2.69446 1.37146e-17)
(-0.573488 0.397318 2.80422e-18)
(0.350085 -0.212765 8.92688e-18)
(0.424304 -0.357723 6.96483e-18)
(0.0467654 -0.1379 6.10759e-18)
(-0.0993028 -4.41772 -1.88123e-17)
(-0.230706 -1.52059 4.96323e-17)
(0.250745 -0.14993 6.87149e-18)
(-0.499392 -0.136551 3.84363e-18)
(-0.165136 -1.106 5.28826e-17)
(-2.48629 3.28653 5.03989e-18)
(-0.374341 -1.68377 4.54601e-17)
(-0.909002 0.433961 -1.07083e-18)
(-1.99556 3.0744 5.17895e-18)
(-0.0894024 -0.0814597 6.32576e-19)
(0.130504 -0.165388 4.10267e-18)
(4.81883 5.32211 1.06858e-17)
(-0.559955 -0.20266 2.85146e-18)
(0.335328 -0.581503 3.93929e-18)
(-0.789481 -5.61279 3.30376e-17)
(0.377609 -0.362906 6.08336e-18)
(-0.524248 -1.98372 2.27212e-17)
(-0.157032 -0.861337 5.02591e-17)
(-0.473184 -0.241454 2.61226e-18)
(-4.38452 3.5936 1.82016e-17)
(-0.259996 -6.47842 3.3504e-17)
(0.635638 -8.14951 3.0659e-17)
(-0.920245 0.938994 1.5371e-17)
(-0.38245 1.78499 2.12822e-17)
(-0.452149 -0.333226 1.00071e-18)
(-0.187002 -4.19245 -1.49729e-17)
(1.24713 -8.16303 -1.59663e-17)
(-3.61631 3.37776 9.27804e-18)
(-1.49305 2.89698 6.18351e-18)
(-4.39776 2.65802 1.38401e-17)
(-0.280313 -0.148918 1.90846e-18)
(0.38581 -0.248455 9.11829e-18)
(-0.491466 -1.89605 1.15254e-17)
(0.503254 -8.31299 2.75427e-17)
(0.0726648 -7.97544 1.92766e-17)
(0.438892 0.20223 1.88346e-18)
(0.28765 -0.18654 7.09523e-18)
(-4.29793 3.39612 1.50013e-17)
(0.202443 -0.0689881 4.73576e-18)
(0.451064 0.144435 1.92958e-18)
(-0.428077 -0.238352 1.46804e-18)
(0.433514 -0.297811 6.38418e-18)
(0.0195166 -4.37951 -1.66937e-17)
(-0.0638386 -1.25604 1.92791e-18)
(0.363367 -0.262329 7.59756e-18)
(0.50338 -3.755 -2.89687e-17)
(-0.0353123 -0.0312774 1.92839e-17)
(-0.42712 1.89495 2.17656e-17)
(0.114013 -8.24178 1.30159e-17)
(-4.68442 2.86268 1.85392e-17)
(-2.96103 3.22838 6.43024e-18)
(-4.02152 0.602102 1.46659e-17)
(-1.89342 -4.0365 2.7854e-17)
(-0.645708 -0.0649394 1.58255e-18)
(-1.00538 2.69025 8.89747e-18)
(0.437957 0.0999682 -1.62239e-18)
(0.0462177 0.410365 4.70348e-17)
(-0.181461 -0.363359 5.05022e-17)
(0.373309 -0.0713582 4.94866e-18)
(0.0112093 -4.59913 -1.26736e-17)
(0.17656 -0.810174 2.74764e-18)
(-0.0370564 0.0158892 1.98236e-17)
(0.0926329 0.264601 2.88239e-18)
(0.266172 0.517177 4.42346e-17)
(0.220805 -8.38481 1.03817e-18)
(0.43549 -0.1611 7.23724e-18)
(-2.45855 -3.249 2.51921e-17)
(0.427911 -0.199535 8.82256e-18)
(-0.52964 0.182204 3.10857e-18)
(-0.101065 0.291299 4.1476e-18)
(4.1803 4.89214 1.57029e-17)
(-2.63182 3.21715 5.81311e-18)
(0.214424 0.970466 3.19236e-17)
(1.37879 -0.179019 -1.45925e-18)
(3.42247 2.85794 -1.51775e-18)
(-2.16556 2.95976 5.73488e-18)
(-1.63818 2.76683 4.52745e-18)
(-0.467397 -0.206195 1.32987e-18)
(-4.88616 3.16602 2.20919e-17)
(0.358601 -0.110677 7.41168e-18)
(0.308044 -0.405077 4.47202e-17)
(0.318052 0.786615 7.20234e-18)
(0.238868 0.21795 1.94642e-18)
(0.316739 -0.165373 5.87994e-18)
(-0.166801 -1.51461 4.62125e-17)
(-0.330216 -1.86496 4.00863e-17)
(0.0990649 -4.88166 -1.13718e-17)
(0.495172 1.30281 4.74134e-18)
(-0.156294 -1.63908 4.8882e-17)
(1.30517 -0.690612 -5.12335e-18)
(0.626723 -2.10587 -6.42664e-18)
(-3.83445 2.96393 1.19749e-17)
(-0.0164261 -0.0544407 8.26615e-20)
(-0.468465 -1.92582 2.63863e-17)
(-0.565393 0.598082 -3.63141e-19)
(-0.435755 -0.210373 2.06126e-18)
(-1.1207 2.62482 8.08186e-18)
(-4.59501 1.55407 1.08815e-17)
(0.340343 0.664623 1.49009e-17)
(0.254605 0.43569 6.75795e-18)
(-0.536242 2.15777 1.52911e-17)
(-0.408228 0.389433 -1.039e-18)
(-0.445748 -1.64913 2.90376e-18)
(-0.0334966 -0.0498078 4.47302e-19)
(1.27732 -8.35605 -4.09071e-18)
(-3.10549 2.89411 9.14877e-18)
(0.414802 0.521035 2.14561e-18)
(-3.91288 -1.12644 1.46726e-17)
(-0.600387 0.248357 -1.48551e-18)
(-4.91474 3.14452 2.12408e-17)
(-1.11061 0.095093 1.91792e-17)
(0.140557 -0.119744 -1.51836e-17)
(-4.57781 2.94207 1.72057e-17)
(0.265892 0.00480279 6.69739e-18)
(-0.171633 -7.71402 3.03901e-17)
(-0.00523554 0.0013449 2.93243e-18)
(0.139809 -0.00862899 6.42162e-18)
(-0.209983 -1.1583 4.30209e-17)
(-0.210141 -1.1939 1.70956e-18)
(0.387062 0.673063 5.62129e-18)
(0.163022 -0.0219314 -5.15467e-18)
(-4.91358 1.83835 1.26679e-17)
(-0.550093 -0.00423731 -1.34903e-18)
(-0.432586 -0.217346 1.28797e-18)
(0.271172 -0.0978708 6.31912e-18)
(0.247425 -5.40162 -1.38258e-17)
(0.288916 -8.35065 2.88501e-17)
(0.227661 -0.182785 4.86199e-18)
(0.00751414 -0.918868 4.15939e-17)
(-1.49359 -5.94071 3.0953e-17)
(-3.6057 2.63989 1.20899e-17)
(-2.90434 2.61909 1.20483e-17)
(-4.38172 2.66272 1.57207e-17)
(0.478702 0.117495 7.80437e-18)
(-0.633005 2.224 1.25343e-17)
(0.037467 0.283467 4.24525e-18)
(-3.41218 -1.80592 1.87885e-17)
(-2.33696 2.84085 6.79398e-18)
(-0.0473207 1.29475 2.10849e-17)
(0.30047 0.199755 1.05507e-18)
(0.28996 0.161618 6.1879e-19)
(-5.25334 2.38518 2.0469e-17)
(0.303134 1.14365 6.07053e-18)
(1.02565 0.0824457 3.67717e-17)
(0.261274 0.425817 2.28814e-18)
(-0.0691008 0.153809 -1.98496e-17)
(0.634416 -0.258767 4.33133e-17)
(0.245836 0.374903 5.85861e-19)
(-2.45693 2.75321 8.46496e-18)
(-0.606747 -0.0193746 -6.57095e-19)
(-1.3051 2.383 6.31017e-18)
(0.706755 -1.89826 -3.12099e-18)
(0.220384 -8.40524 1.77135e-17)
(0.234118 0.107309 -7.92468e-19)
(0.014247 -0.0396914 -1.22966e-19)
(1.26901 0.122928 2.8631e-17)
(-1.83391 2.56908 6.28525e-18)
(0.175832 0.507607 -5.20414e-19)
(0.340807 -0.00715624 3.47916e-18)
(0.0804761 0.0390801 -1.07658e-18)
(0.239825 0.146459 5.97035e-18)
(-0.264983 -0.133608 2.3481e-18)
(-0.457462 -0.0941232 1.18919e-18)
(0.276462 0.487795 1.50788e-18)
(0.0616914 -0.109551 2.40107e-18)
(-2.10462 -5.17771 2.94667e-17)
(-0.122673 -1.72052 4.4147e-17)
(-0.0295079 -8.369 1.57659e-17)
(-0.0623612 0.245127 2.22764e-18)
(-0.441975 -0.249166 4.50385e-19)
(0.186014 -8.96059 5.23248e-18)
(-0.527533 -1.78725 1.03229e-17)
(-5.42036 2.50851 2.3184e-17)
(-0.223912 -1.76047 3.95509e-17)
(0.209313 -0.127735 4.52074e-18)
(-0.260354 0.241164 1.18505e-19)
(0.349883 -0.354071 5.55755e-18)
(-0.760531 2.19 9.18134e-18)
(-3.07509 2.19645 1.2775e-17)
(0.128484 0.0923481 9.67266e-19)
(-1.94509 2.45029 7.21592e-18)
(0.673985 -6.47697 -1.83315e-17)
(-0.147358 -1.67449 3.64304e-17)
(-5.23379 2.64393 2.28326e-17)
(1.14591 0.0328291 1.69351e-17)
(-0.494973 -1.47006 3.62776e-18)
(-2.1507 2.27379 8.72442e-18)
(0.105692 0.601714 2.94879e-18)
(-1.39598 2.23679 6.39431e-18)
(-0.036724 -0.0365852 4.16108e-19)
(-0.0192333 1.20666 2.07265e-17)
(-0.309401 -0.160857 2.47302e-18)
(-3.77456 2.22211 1.51859e-17)
(-5.11056 2.53402 2.10642e-17)
(0.82406 -0.980077 3.57326e-17)
(0.0755258 1.22767 4.61789e-18)
(0.00957951 -3.2246 -2.05417e-17)
(0.0311643 -1.55462 3.18256e-17)
(-0.10112 -0.285175 3.54554e-18)
(-0.0341438 -0.0342591 2.6624e-19)
(-4.68631 0.088652 1.28632e-17)
(-1.51354 2.0337 7.75872e-18)
(-0.270028 -8.43223 1.4253e-19)
(-0.834462 2.10435 8.44572e-18)
(-0.000495471 -3.30982 -1.88639e-17)
(0.240329 -0.0972681 5.87025e-18)
(-4.51324 2.19296 1.87127e-17)
(2.77184 -0.171598 1.53596e-17)
(-0.0923382 -3.1118 -1.62163e-17)
(0.452677 -0.407852 -3.70308e-19)
(0.0450818 0.209651 4.11306e-18)
(-0.793926 -7.65647 2.39378e-17)
(3.45744 2.76533 -4.04811e-18)
(-0.371295 -0.207633 7.33719e-19)
(-2.35765 2.07948 9.91275e-18)
(0.949443 -0.246666 1.23237e-17)
(0.0701867 -0.0264726 8.15982e-18)
(-3.57837 1.94462 1.53676e-17)
(-0.939863 1.8309 7.55658e-18)
(-1.63572 1.83605 8.54453e-18)
(0.0780848 0.787688 2.05047e-18)
(1.45861 -0.619208 3.49696e-17)
(0.185544 -3.1039 -2.46706e-17)
(-2.88622 1.94578 1.13598e-17)
(-1.58761 -6.80844 3.04617e-17)
(-0.529913 -0.355867 -1.7989e-19)
(-0.306139 1.60432 1.31226e-17)
(-5.07392 0.583092 1.12182e-17)
(-0.347488 -0.783517 1.29132e-18)
(1.73101 -0.474667 3.03068e-17)
(0.461305 -1.14171 3.42981e-17)
(-0.38373 -0.141283 1.83265e-18)
(0.277853 -8.75567 2.01035e-17)
(-0.369248 -0.0782377 -1.50442e-19)
(-5.57619 1.34124 1.73111e-17)
(0.104203 -3.5106 -1.26502e-17)
(0.211271 -3.60792 -1.15801e-17)
(-0.0248439 -0.0651106 -1.12997e-18)
(0.0219046 -0.536893 8.94936e-19)
(-1.94033 1.50181 1.11566e-17)
(0.235648 0.0559808 1.84932e-18)
(2.15217 -0.656414 1.33825e-17)
(-0.971513 1.68154 7.55828e-18)
(0.0994917 -0.143458 -2.16806e-17)
(-0.322172 1.65212 1.17208e-17)
(0.218696 1.49928 4.29729e-18)
(-4.30546 1.96057 1.82296e-17)
(-3.1813 -3.67936 2.30722e-17)
(0.0767976 -0.140908 1.24767e-17)
(0.0148764 -3.09614 -1.15884e-17)
(-1.08744 1.3405 1.02564e-17)
(-5.26211 2.01014 2.26659e-17)
(0.296667 -7.00511 -2.06258e-17)
(-0.0390757 0.00396037 1.5472e-17)
(0.0146998 0.0625151 1.51668e-17)
(0.170396 0.0952983 2.09364e-18)
(-0.0432238 -0.0587846 -2.43153e-19)
(-1.19897 1.05939 1.16925e-17)
(0.200894 0.112505 1.88089e-18)
(-0.264187 -1.61652 2.74177e-17)
(-5.73924 1.97263 2.43457e-17)
(-0.0805487 -1.70506 3.70038e-17)
(-0.384994 1.63287 9.89271e-18)
(-5.72204 2.05311 2.5297e-17)
(2.02174 -0.739267 -3.41114e-18)
(-0.0516687 0.124549 1.38846e-17)
(1.51683 -1.12259 2.82908e-17)
(0.363093 -2.32565 -9.03166e-18)
(0.518803 -2.89807 -1.59564e-17)
(-5.78538 1.57804 2.18727e-17)
(-5.09841 1.8145 2.09934e-17)
(-0.058342 -0.0460846 -1.39605e-19)
(0.0105355 -3.10193 -8.45878e-18)
(-0.0343452 -1.77101 3.36306e-17)
(-0.36648 -0.260647 -1.34844e-19)
(-0.459322 -1.41423 1.28825e-17)
(0.0324809 -1.07385 -1.4312e-18)
(-0.191153 -0.125179 3.03953e-18)
(0.0474097 -1.04394 -1.91978e-18)
(0.397984 0.570068 2.3421e-17)
(-0.0304388 0.0956348 -9.49142e-19)
(-0.037247 -0.072367 -1.36859e-18)
(0.0836801 0.202264 2.34123e-18)
(0.0980205 -0.849055 -1.86061e-18)
(-4.59971 -1.62863 1.26412e-17)
(-0.0275303 -0.0201905 1.3916e-19)
(-0.384506 1.5068 9.4806e-18)
(-0.395251 -0.663778 7.95167e-19)
(0.550584 -1.16869 -6.69178e-19)
(0.0733395 -0.655219 -1.28671e-18)
(-0.409576 1.22112 9.81466e-18)
(-0.282497 -1.09225 2.44567e-18)
(0.207887 -8.73164 1.32132e-17)
(0.0165688 0.0979766 1.79247e-17)
(0.211487 -0.997279 2.16999e-18)
(0.0960707 1.0408 9.89743e-19)
(-0.0626849 -0.0490022 2.02449e-17)
(-0.388044 1.01461 1.10117e-17)
(-2.16229 1.1871 1.0008e-17)
(0.0291372 -0.0115133 -2.12817e-19)
(0.0887564 -3.29456 -8.39403e-18)
(0.13029 -0.666134 8.22894e-20)
(0.747487 -1.46875 2.33871e-17)
(-0.160939 0.0352036 -6.20246e-19)
(0.40008 0.392572 1.75611e-17)
(0.428798 -1.6125 2.38025e-17)
(-3.05425 1.51115 1.39527e-17)
(-0.237926 0.0258115 1.80405e-18)
(-4.64168 1.4091 2.00995e-17)
(1.62925 -1.21466 -8.98924e-19)
(-0.981987 -0.480593 6.00248e-18)
(2.61409 -0.908433 1.43462e-17)
(0.0905265 -1.13284 -1.50642e-19)
(-3.80649 1.46516 1.73324e-17)
(0.197759 0.198202 6.18042e-18)
(0.173754 1.10933 1.19885e-17)
(-0.508691 -8.31261 2.29637e-17)
(1.86671 -0.930068 2.5436e-17)
(-0.216998 -0.00906932 -3.74436e-19)
(-0.99494 -0.286401 2.17683e-17)
(0.0607778 0.061638 8.26889e-19)
(-0.0495052 -0.0346596 5.5847e-20)
(0.028626 -0.600506 -1.78508e-18)
(-3.72645 -2.94552 2.04116e-17)
(-2.85945 -5.52015 2.81331e-17)
(2.633 -0.801571 3.6242e-18)
(-0.0390278 1.58575 2.12284e-19)
(0.272537 1.02392 1.32202e-17)
(-0.246513 -0.120211 1.36331e-18)
(0.211878 1.05125 1.19365e-17)
(1.12733 -1.07139 -1.90448e-18)
(0.283025 -3.95757 -1.11024e-17)
(-0.0293021 -8.77827 1.66322e-17)
(-5.94466 1.50283 2.54957e-17)
(-0.00869436 -0.0678452 5.61096e-18)
(-0.544552 0.363397 8.361e-18)
(0.0702362 -8.91717 4.42999e-18)
(0.337754 0.799444 1.4132e-17)
(-5.52879 1.1875 2.13654e-17)
(-5.85733 1.50237 2.35414e-17)
(2.04863 -1.44388 -3.57272e-17)
(0.0352674 -1.31468 -7.81497e-19)
(1.61348 -1.23141 1.68893e-17)
(0.00188212 -1.48787 3.11297e-17)
(-0.105577 -1.28988 -5.37019e-19)
(0.94752 -0.0787862 9.80515e-18)
(-5.07939 -1.04061 1.21437e-17)
(-0.0538832 -7.00724 -1.65511e-17)
(-2.82828 1.14127 1.27628e-17)
(-2.40625 -6.75395 3.17639e-17)
(-6.16145 1.25155 2.62165e-17)
(0.0414988 -0.526102 -2.54168e-18)
(-4.47675 1.09271 1.77881e-17)
(0.53341 -1.58899 2.06196e-17)
(-0.0921425 -1.29415 2.51002e-17)
(-0.351414 -0.881096 -1.8082e-18)
(2.53003 -0.98174 9.4939e-18)
(0.0278982 0.950151 -1.93008e-18)
(-3.61722 1.1951 1.61284e-17)
(1.50556 -1.56066 -4.19776e-17)
(0.326766 -1.01876 -1.33413e-18)
(1.27677 -1.42366 1.6851e-17)
(-0.171336 -8.6448 -9.05328e-19)
(0.24226 -1.67113 2.48388e-17)
(-5.78948 0.0530467 1.65073e-17)
(2.68256 -0.794504 1.81471e-18)
(-5.34359 0.973128 1.84292e-17)
(-0.0604292 0.00168328 -4.3908e-19)
(-6.08619 1.0219 2.63316e-17)
(-0.0584785 0.020925 -1.67543e-19)
(-6.03581 0.449713 1.94973e-17)
(-0.0482909 -0.0696386 5.42141e-18)
(0.730278 0.0203371 6.82003e-18)
(-0.0159845 -0.00607323 -9.01667e-22)
(-1.54836 0.688069 9.9549e-18)
(0.0648401 0.590072 6.29868e-18)
(0.290374 -4.21872 -1.4979e-17)
(-0.345414 -0.602985 -6.97004e-19)
(-0.0533585 -0.024032 -3.55309e-20)
(2.06443 -0.998385 1.68157e-18)
(0.815614 0.595141 1.99359e-17)
(-0.0728207 -0.00508942 -1.22665e-19)
(-0.0924376 -0.0116513 3.03577e-18)
(-0.0361948 0.078563 -4.78079e-19)
(0.439055 -0.337432 2.6231e-19)
(2.44535 -1.03534 -2.59011e-17)
(-3.15655 -6.15611 3.09378e-17)
(-3.41356 -4.88375 2.5699e-17)
(-0.0213224 0.0403421 -3.62267e-19)
(-1.25031 -7.85491 2.35172e-17)
(-2.29819 -6.93695 2.70209e-17)
(-0.238645 -0.422159 -1.31333e-18)
(1.26906 -1.90797 -2.26816e-17)
(0.111322 -0.0135236 2.48113e-18)
(2.27109 -0.693375 -2.53148e-17)
(1.19935 -1.26683 9.9603e-18)
(0.969167 0.53119 1.57401e-17)
(2.292 -0.771298 -8.05468e-19)
(-0.417335 -0.147225 -2.55483e-18)
(0.034947 -0.0182406 4.38729e-19)
(0.00665323 -8.79298 1.92015e-18)
(0.0488396 -0.417244 -3.59617e-18)
(2.03421 -1.17582 -3.99864e-17)
(0.93363 -1.35185 1.36252e-17)
(-0.0166066 -9.10695 3.32079e-18)
(0.219846 -1.4622 2.35423e-17)
(-0.020807 0.105812 -4.03775e-19)
(0.0179906 -0.903422 -1.51535e-18)
(-6.37974 0.786669 2.23085e-17)
(-0.0886741 0.1322 -3.60719e-18)
(0.00919582 -0.877667 -2.2751e-18)
(0.860883 -1.71201 -5.69064e-17)
(0.0500922 -0.861629 -2.27744e-18)
(1.97202 -0.68589 -3.40242e-17)
(-6.39831 0.710788 2.63832e-17)
(0.0600637 -0.715846 -1.80379e-18)
(0.666024 -1.43186 -1.7742e-17)
(1.15993 0.476747 2.52361e-18)
(-0.116497 -0.558756 1.42991e-19)
(1.78325 -0.380578 -2.07305e-17)
(-0.677395 -8.65547 1.08354e-17)
(-0.103306 -0.0549441 1.34625e-18)
(0.122306 -1.02538 2.65662e-18)
(0.143824 -0.719032 9.68512e-19)
(0.158187 -1.28063 2.32653e-17)
(-0.886126 -0.403023 6.89201e-18)
(1.68346 -0.343455 -2.44916e-17)
(-6.44925 0.904799 2.49916e-17)
(-0.0763478 1.43301 -9.31338e-19)
(1.64666 -0.718193 -5.5465e-18)
(-6.16888 0.673678 1.87527e-17)
(0.210675 0.0981802 -4.77498e-18)
(0.0169867 0.0781587 1.45441e-17)
(0.0287974 0.119047 1.3859e-17)
(0.00222442 -0.652673 -1.30907e-18)
(-0.0882881 -0.602486 6.36119e-18)
(0.94883 -0.361438 2.31482e-18)
(0.825166 -0.904645 -5.79032e-17)
(-4.77192 0.559086 1.08486e-17)
(1.41775 -0.867093 8.59821e-19)
(-0.0922544 0.00889732 -1.53845e-19)
(-2.61498 0.658485 9.83064e-18)
(0.740262 -1.10426 1.31675e-17)
(0.487433 -0.252689 -4.7134e-17)
(-3.66491 0.657498 1.05393e-17)
(0.0200765 0.067204 6.33238e-18)
(-0.083846 -0.0179053 1.83722e-18)
(0.040137 0.12444 -6.35404e-19)
(0.0126186 -0.599766 -2.35609e-18)
(-5.73087 0.367962 9.20848e-18)
(0.3768 -1.70829 -4.65232e-17)
(-0.128943 0.0695814 2.52794e-18)
(-0.261398 -8.75661 -2.35677e-19)
(1.15154 -0.190079 -1.41654e-17)
(0.186032 0.18887 -1.90576e-17)
(-3.03348 -6.31616 1.92203e-17)
(0.506979 -1.12461 1.7056e-17)
(0.0719336 -0.968853 -8.0137e-19)
(0.0578616 -1.00449 -8.2453e-19)
(1.22892 0.102208 8.18895e-18)
(0.65368 -1.26417 -5.37189e-17)
(-0.0957648 -0.914797 -4.81161e-19)
(-6.44093 0.259643 2.63772e-17)
(0.0271098 -0.400628 -4.32876e-18)
(1.15841 -0.112788 -1.89918e-17)
(0.0473452 0.940711 -2.35387e-18)
(-0.044359 -0.0079914 2.52586e-20)
(-0.429957 0.0427481 9.41984e-18)
(0.00888477 0.0131052 2.08443e-17)
(1.63235 0.213702 4.3054e-18)
(-0.10971 -0.0766907 3.35663e-18)
(-0.124196 -8.70676 -3.28105e-18)
(-6.33011 -0.09898 2.5121e-17)
(0.0537251 0.106132 -3.35792e-17)
(0.267232 -0.380514 -4.84586e-17)
(-4.94714 -2.71653 1.80379e-17)
(-1.22397 -7.70819 6.56147e-18)
(0.167649 -0.7916 1.36878e-17)
(-5.81088 -1.49169 1.89012e-17)
(1.02071 -0.56579 2.39597e-18)
(-0.183666 -0.5158 -1.20454e-18)
(-5.63778 -3.06072 2.28223e-17)
(-2.15134 -6.86282 1.51293e-17)
(-0.169119 -0.245381 -2.21846e-18)
(0.0835836 -0.00989184 3.5539e-18)
(-3.78804 -6.16874 2.96743e-17)
(0.0403028 -0.567067 -2.98357e-18)
(-6.11947 -0.955056 1.99942e-17)
(0.027319 -0.0863132 -6.56783e-18)
(0.82176 -0.230936 4.87689e-18)
(0.0663118 -0.0037954 -1.85638e-18)
(-3.74574 -5.71293 2.27008e-17)
(0.825458 -0.62765 6.64808e-18)
(-0.0729361 0.343116 -5.90035e-18)
(-0.760055 0.0548097 -2.12941e-17)
(0.892359 0.46142 -7.03934e-18)
(-0.573378 -0.705163 -2.45143e-17)
(-0.0680112 -0.0132697 -2.13016e-19)
(0.0348536 -0.125776 1.61807e-18)
(0.156889 -7.59912 -1.49353e-17)
(-0.294072 0.346543 -8.73508e-18)
(-6.39787 -1.44153 2.52004e-17)
(-6.66913 -0.278836 2.56483e-17)
(0.293169 -0.682663 9.87e-18)
(-4.13465 -5.88757 2.82262e-17)
(-0.70649 0.294911 -1.75424e-17)
(-6.51053 0.13639 7.12275e-18)
(0.267051 -0.254069 6.3934e-18)
(0.194131 -5.85323 -1.49173e-17)
(0.48982 -6.19103 -1.47442e-17)
(0.198239 -8.72665 -3.22779e-18)
(-0.136043 -0.199694 2.40892e-18)
(0.396197 -1.5578 -3.55694e-17)
(-0.176426 -7.43429 -1.72234e-17)
(0.659171 -0.000554221 -9.11999e-18)
(-4.07123 -5.20079 2.57386e-17)
(-0.519 0.799659 -7.48863e-18)
(-6.75662 0.0565006 2.45813e-17)
(-0.317386 -1.25795 -4.08843e-17)
(-6.97246 0.307418 2.20294e-17)
(-0.0516504 0.045956 -2.09499e-19)
(-5.98026 -2.4548 2.23296e-17)
(0.00687485 -0.547206 -3.78726e-18)
(-0.00250643 0.0242933 2.33646e-18)
(0.59175 -0.0456047 -3.2311e-18)
(-3.3752 0.286846 6.05699e-18)
(-0.14251 -0.026151 1.50351e-18)
(-6.20609 -2.78154 2.52718e-17)
(-1.05182 0.163845 -1.57144e-17)
(-1.05457 -0.133738 -1.75123e-17)
(-1.08004 0.37105 5.33165e-18)
(0.497588 -0.227161 4.54047e-18)
(1.07066 0.288138 -1.10638e-19)
(1.65419 -0.142518 -3.41983e-18)
(-6.54372 -0.914115 2.53906e-17)
(-4.60458 -4.47122 2.38354e-17)
(-1.95234 0.374124 5.5809e-18)
(-0.426845 -6.80566 -1.75236e-17)
(0.25554 -0.326865 6.73647e-18)
(-2.6719 0.372947 5.71045e-18)
(-4.4334 -3.37101 1.92183e-17)
(-0.521833 0.387525 -7.55774e-18)
(-0.0498358 -0.0339781 -4.54046e-18)
(-0.24186 0.329765 -3.50347e-18)
(-6.87156 0.401744 1.87305e-17)
(-0.535604 0.294361 -3.10851e-18)
(-0.162295 -7.63097 -1.74168e-17)
(-0.107202 0.630587 -1.0337e-17)
(-5.61968 -3.86552 2.55057e-17)
(0.0397634 0.00209608 2.55544e-18)
(0.0513258 0.0999965 2.97954e-18)
(-6.38254 -2.17751 2.4676e-17)
(-0.0144779 0.0843315 -3.68385e-19)
(0.764701 -0.963333 -1.79967e-17)
(-5.77144 -3.96303 2.63843e-17)
(-3.85053 -5.18319 1.58244e-17)
(-4.39721 -5.85343 2.70251e-17)
(-0.883918 0.225094 -8.46283e-18)
(-0.670063 -0.651134 -2.63491e-17)
(-3.9633 0.181107 2.95265e-18)
(-4.14345 -5.02723 2.23341e-17)
(-6.70432 -1.38042 2.39206e-17)
(0.261808 -0.0264878 2.54348e-18)
(-4.80316 -5.30316 2.43375e-17)
(0.306791 0.225106 -2.21904e-18)
(-2.26573 -5.7442 9.38858e-18)
(-0.0783323 0.0352813 -2.27956e-19)
(-0.0742205 0.0022719 -4.19918e-20)
(-0.446867 0.287232 -5.83357e-18)
(-5.19077 -4.62796 2.68569e-17)
(-3.07469 -4.87324 1.3452e-17)
(0.0559071 0.0182617 1.07968e-18)
(-1.1697 -0.540057 2.15137e-17)
(-1.01204 -0.0226302 -1.89785e-17)
(1.33075 0.150218 2.511e-19)
(-6.34866 -2.42373 2.2046e-17)
(-7.18153 -0.411838 2.0033e-17)
(-0.938536 0.0946942 -1.66481e-17)
(-5.95393 -3.32172 2.43881e-17)
(0.0392358 -0.3597 -4.77815e-18)
(0.024236 -0.509741 -3.25573e-18)
(-0.642434 0.16338 -9.10007e-18)
(-0.58287 0.380042 -2.62509e-18)
(0.167568 0.393569 -9.8749e-19)
(0.412296 0.853285 -5.0644e-18)
(-0.155013 -4.87912 -1.34677e-17)
(-0.196693 -4.63278 -1.49145e-17)
(0.0485029 0.748176 -4.57329e-18)
(-0.93188 -5.20143 -1.45552e-17)
(-0.84019 -0.278407 -1.88595e-17)
(-0.750256 0.135437 -1.36258e-17)
(-0.481804 0.294168 -2.37528e-18)
(0.0434832 0.00486472 1.83953e-18)
(-0.315198 0.545898 -1.7761e-18)
(-5.67474 -3.35167 2.15485e-17)
(0.157359 1.02855 -2.68961e-18)
(0.000895739 0.0536615 -9.97947e-19)
(0.00487233 0.0263978 -3.40001e-19)
(-6.81432 -0.889899 2.2944e-17)
(-0.410386 0.199405 -7.22872e-18)
(-3.84713 -4.37158 1.89197e-17)
(-6.84986 -0.0896239 6.53942e-18)
(-4.21111 0.0445048 2.40349e-18)
(-6.51186 -1.826 2.09825e-17)
(-4.82779 -4.91852 1.84903e-17)
(-0.217844 -1.23507 -3.45209e-17)
(-4.01378 -4.29188 1.61114e-17)
(0.136 0.81126 -1.02685e-17)
(-3.17982 -3.27752 1.58277e-17)
(-5.20706 -4.21103 1.88288e-17)
(-0.550374 0.136766 -1.25425e-17)
(-0.442825 -3.76301 -1.51781e-17)
(0.104986 1.13519 -3.03381e-18)
(0.0165361 -7.87954 -1.81277e-17)
(-0.2959 0.325276 -1.09484e-17)
(-0.676947 0.0679919 -1.20412e-17)
(-2.48587 -3.80519 7.14236e-18)
(-0.677654 0.0410256 -1.47758e-17)
(0.873112 -0.683843 -2.26512e-17)
(1.22868 -0.108534 -4.03521e-18)
(-4.64309 -3.79772 9.68568e-18)
(-0.153779 -5.1684 -1.58287e-17)
(-5.80448 -2.71965 1.93147e-17)
(-1.21156 -3.08426 -8.09416e-18)
(-0.0116051 1.24252 -3.27221e-18)
(-7.15555 -0.119089 1.7392e-17)
(-0.543638 0.0795131 -1.03925e-17)
(-0.345768 0.154948 -1.07387e-17)
(-0.333849 0.807343 -1.25129e-18)
(-0.0479363 -0.332489 -9.44959e-18)
(0.206513 -0.412477 -7.95496e-18)
(0.0295645 -0.690535 -4.31668e-18)
(-7.00856 -1.12813 1.75931e-17)
(-0.124206 0.0341069 -7.95305e-19)
(-6.35813 -1.68266 1.59177e-17)
(-0.397478 0.0854526 -9.56892e-18)
(-0.118154 0.485259 1.49156e-18)
(-4.84106 -3.21776 1.34319e-17)
(-2.30774 -2.13076 6.63509e-18)
(-0.590565 -2.21463 -8.34821e-18)
(-4.45671 -0.20318 2.6525e-18)
(-6.83938 -0.320434 6.01567e-18)
(-6.38125 -0.598168 6.64755e-18)
(-0.281728 -0.499726 -2.22539e-17)
(-1.15253 -1.33191 1.04783e-19)
(-0.321983 -0.185455 -9.64585e-18)
(-0.272982 0.0993796 -8.20855e-18)
(-2.56491 -2.00356 3.09364e-18)
(-5.31457 -2.28457 1.55968e-17)
(-3.31217 -3.42296 9.04377e-18)
(0.160962 0.66566 -6.43573e-18)
(-0.442142 -0.703545 -1.0888e-17)
(-0.0706263 0.13539 -6.19525e-18)
(0.108604 0.318008 -2.91687e-18)
(0.00576693 0.500928 -1.57666e-18)
(-3.96031 -2.31814 7.1272e-18)
(-2.35495 -2.14615 7.30036e-20)
(0.00618024 0.774271 -4.10437e-18)
(-7.048 -0.691252 1.55619e-17)
(-3.50072 -3.26511 6.22552e-18)
(0.0823612 0.980256 -3.69842e-18)
(-0.393379 0.924227 -2.26689e-17)
(-0.571252 -0.0804524 -2.20264e-17)
(0.100647 0.971266 -3.95017e-18)
(0.141286 -4.84741 -1.20274e-17)
(-0.844434 -0.75068 -7.5778e-18)
(-0.0764619 -0.493671 -2.83612e-17)
(0.464777 -0.231866 -3.38845e-17)
(-1.42074 -0.912869 -1.08702e-17)
(-2.45596 -1.70322 -4.25743e-19)
(-0.0135699 0.0377146 -5.47423e-19)
(-0.0378726 0.0324645 -2.51955e-19)
(0.17679 -0.258667 -4.731e-17)
(-0.0164387 0.021907 -2.15944e-19)
(0.834888 1.30853 -4.81275e-17)
(-0.0358975 0.00351679 -2.13648e-19)
(-0.0153842 -0.35206 -2.85122e-18)
(-0.0067634 -0.208395 -3.57066e-18)
(0.380779 -0.604348 -1.9324e-17)
(0.0691433 -0.216405 -5.0831e-18)
(0.173683 -0.288973 -4.67591e-18)
(-0.00236807 -0.423897 -8.69684e-18)
(0.0332328 -0.144877 -3.34566e-18)
(0.0176749 -0.352374 -2.32323e-18)
(0.0260763 -0.470273 -4.79214e-18)
(0.0198517 -0.322086 -8.61153e-18)
(-4.15331 -1.00045 1.55916e-17)
(-2.22888 -0.620758 5.7796e-18)
(-4.56903 -0.0452424 2.33246e-18)
(-1.31869 -0.718267 -8.26296e-19)
(-2.55392 -0.93573 -4.61125e-19)
(-3.39578 -0.477469 8.12042e-18)
(-5.41797 -0.753011 8.47756e-18)
(0.761589 0.19181 -2.72542e-17)
(0.134002 0.0418895 -5.73297e-18)
(-0.0405463 -0.197692 -6.58705e-18)
(0.0123875 -0.0600481 -8.71241e-18)
(0.0122324 -0.221429 -5.63878e-18)
(0.0194391 -0.317183 -2.58149e-18)
(0.0483225 -0.0753959 -4.47642e-18)
(-4.01071 -0.343242 4.16138e-18)
(-1.28223 -1.04263 -1.42282e-17)
(3.12153 1.90534 -5.86322e-18)
(-4.0382 -1.8095 7.02103e-18)
(-6.47261 -1.14801 1.43712e-17)
(-5.45393 -1.61354 1.48927e-17)
(-0.018337 0.0057339 1.02255e-18)
(-0.0960833 0.0198868 2.35364e-18)
(0.0766909 -0.0197641 -2.53485e-18)
(-0.06428 -0.0419741 2.08912e-17)
(0.0392886 -0.161805 -1.00531e-17)
(-0.0543137 0.028902 1.93115e-18)
(0.0742646 -0.0265782 3.59864e-18)
(-0.712818 -0.293731 6.38058e-18)
(0.38035 -0.309416 5.68976e-18)
(0.064069 -0.0395002 5.04612e-18)
(0.00139762 -0.0414463 2.72586e-18)
(0.0921088 0.105739 -1.19859e-18)
(3.28627 1.81428 -4.4161e-18)
(-0.00148714 -0.131617 -6.8094e-18)
(-0.030046 -0.0794187 -1.63004e-17)
(0.0221869 -0.0475178 2.47477e-18)
(-0.00643153 -0.146416 -3.59498e-18)
(-0.614142 -0.298599 6.55757e-18)
(0.0731017 0.0933096 -9.60125e-19)
(0.0517205 0.0170937 -3.41979e-18)
(-1.18299 -0.710982 7.48673e-18)
(-0.00655579 -0.146862 -2.01353e-19)
(0.359705 -0.384491 1.42746e-18)
(-1.1785 -0.544159 2.0538e-17)
(-0.0176162 -0.0476371 -5.11089e-18)
(-0.0377526 -0.00496771 -2.49666e-18)
(-0.0443347 0.0917946 -1.75138e-18)
(0.0885362 -0.0117803 2.13678e-19)
(0.064343 -0.00290816 8.07845e-19)
(0.116665 -0.03601 -1.39285e-19)
(0.0656871 -0.00312225 5.7915e-19)
(0.080002 -0.000258808 5.0137e-19)
(0.0658042 -0.00103208 8.4796e-19)
(0.618211 0.255192 -5.54108e-18)
(0.00995747 -0.16343 -1.01201e-17)
(-0.00666383 -0.13934 -3.23793e-18)
(0.0734079 -0.0113814 1.40939e-17)
(0.00919309 -0.0098345 1.22255e-17)
(0.0286754 -0.00140894 1.34113e-17)
(0.00890408 -0.16795 -1.7471e-18)
(-1.34515 -0.539941 1.69398e-17)
(-0.329668 -0.0240885 7.36444e-18)
(0.0968873 -0.0302784 1.4138e-17)
(0.327351 0.00196007 -2.35159e-19)
(0.327546 0.00559971 -2.64998e-19)
(-0.0188971 -0.11328 -1.9544e-18)
(-0.0259447 -0.0800972 -2.68328e-18)
(0.0974538 -0.165448 -1.42883e-19)
(0.0151754 -0.0175674 2.00384e-17)
(3.0149 0.86716 3.64748e-18)
(-0.0383859 -0.0647074 2.00297e-17)
(0.0755455 0.0612098 -5.86927e-19)
(0.0492497 0.0823055 -7.3789e-19)
(0.069588 0.0089832 1.4319e-17)
(0.103633 -0.0107571 1.67615e-19)
(0.0903845 -0.000697867 8.35983e-19)
(0.0983512 0.00135193 1.74565e-19)
(0.0954249 -0.000481766 9.85247e-19)
(0.0946381 0.0112531 3.79353e-19)
(0.0925926 -0.00287485 1.1066e-18)
(-0.00307342 0.0310509 -4.76519e-19)
(0.000949207 0.0465356 -5.74655e-19)
(0.57893 -0.0576823 -2.37107e-18)
(-1.3174 -0.572259 1.59333e-17)
(-0.0340963 -0.072015 1.99479e-17)
(3.11346 0.68937 6.54405e-18)
(0.0924667 0.0865514 -6.50803e-19)
(0.033705 -0.0244913 1.90341e-17)
(0.406776 -0.104774 -2.63407e-19)
(0.00170053 -0.0510373 1.97117e-17)
(0.396811 -0.233827 7.73403e-19)
(0.0735364 -0.0253538 1.94627e-17)
(-1.2583 -0.718044 1.44032e-17)
(0.0245722 -0.0388899 1.95983e-17)
(0.00475663 -0.195286 3.48508e-18)
(0.393066 -0.507916 1.02674e-18)
(0.00978201 -0.001906 1.38289e-17)
(0.195226 -0.145804 8.61057e-19)
(0.00591253 -0.0403661 1.96828e-17)
(0.325936 -0.180655 -2.92249e-19)
(0.097876 0.00802004 1.94455e-17)
(4.0307 -0.259367 1.46536e-17)
(0.36128 -0.208978 1.9959e-19)
(-1.18368 -0.750188 1.38531e-17)
(-0.0846175 -0.0120206 -1.88031e-19)
(0.000458012 0.0155387 1.96368e-17)
(4.21415 1.20877 1.31762e-17)
(0.0319583 -0.0100514 1.96063e-17)
(0.331353 0.0360787 -2.04004e-19)
(0.0300379 0.0732852 1.17581e-17)
(-0.0457626 -0.383075 4.67693e-18)
(-1.13045 -0.655899 8.78946e-18)
(4.17883 2.34285 1.70077e-17)
(0.0772024 0.0612853 1.23955e-19)
(0.264661 -0.0953829 -5.00646e-19)
(0.0170226 0.0341269 -4.32089e-19)
(-1.09247 -0.597316 7.50835e-18)
(3.85912 0.127994 1.74736e-17)
(0.21013 -0.0665285 8.32194e-19)
(4.19099 0.178958 1.14761e-17)
(-0.944437 -0.444293 6.40581e-18)
(0.0489131 0.0472589 1.2404e-18)
(-0.883788 -0.411228 5.30614e-18)
(4.20942 0.669644 1.30006e-17)
(-0.0492935 -0.0777248 2.05201e-17)
(-0.569047 -0.0643616 7.37471e-18)
(-0.0722597 -0.0560594 2.11048e-17)
(-0.0570766 -0.0854071 2.03663e-17)
(-0.0506185 -0.0891675 2.02074e-17)
(0.000881421 0.069748 3.31514e-20)
(-0.715787 -0.0595035 6.32634e-18)
(0.0709142 0.03108 -3.57157e-19)
(0.0838779 -0.00180008 8.15635e-20)
(4.19334 1.74123 1.61401e-17)
)
;

boundaryField
{
    patch0
    {
        type            noSlip;
    }
}


// ************************************************************************* //
