/*--------------------------------*- C++ -*----------------------------------*\
  =========                 |
  \\      /  F ield         | OpenFOAM: The Open Source CFD Toolbox
   \\    /   O peration     | Website:  https://openfoam.org
    \\  /    A nd           | Version:  8
     \\/     M anipulation  |
\*---------------------------------------------------------------------------*/
FoamFile
{
    version     2.0;
    format      ascii;
    class       volScalarField;
    location    "0.4";
    object      nut;
}
// * * * * * * * * * * * * * * * * * * * * * * * * * * * * * * * * * * * * * //

dimensions      [0 2 -1 0 0 0 0];

internalField   nonuniform List<scalar> 
1924
(
0.0022
0.00228408
0.00247046
0.00246888
0.00231137
0.00246356
0.00246641
0.00246754
0.00247329
0.00246894
0.00248123
0.00248505
0.00180105
0.00249821
0.00247669
0.00245834
0.00182793
0.00249882
0.00214456
0.00250603
0.00162406
0.00214865
0.00208629
0.00250389
0.00217831
0.00224366
0.00227978
0.00242195
0.00231066
0.00235907
0.00198151
0.00217308
0.00210648
0.00190015
0.0024406
0.00213054
0.00217009
0.0023668
0.00227836
0.00192415
0.00219781
0.00167645
0.00220898
0.00207348
0.0024287
0.00220041
0.00222464
0.00246905
0.00156296
0.00154001
0.00233471
0.00171498
0.00214705
0.0023127
0.00205855
0.00246781
0.00212796
0.00245476
0.0024466
0.00241405
0.00218622
0.00246877
0.00216294
0.00225947
0.00228403
0.00247603
0.00250473
0.00211109
0.00229685
0.00228536
0.00163029
0.00246747
0.00221665
0.00239965
0.00238651
0.00183378
0.00247831
0.00241563
0.00246829
0.00226406
0.00247234
0.00233174
0.00238751
0.00160988
0.00213024
0.00214466
0.00245368
0.00248885
0.00152328
0.00162203
0.00250556
0.00231669
0.00217561
0.00221807
0.00167471
0.00218058
0.00247892
0.00247796
0.00241443
0.00168799
0.00246677
0.00165647
0.00242829
0.00236424
0.00225543
0.00245053
0.00245325
0.00217009
0.00240027
0.00227981
0.00247785
0.00236945
0.00236163
0.00240866
0.0024707
0.0015397
0.00246896
0.00245569
0.00232471
0.00247656
0.00204011
0.000645687
0.00159824
0.00153607
0.00249528
0.00229836
0.00189717
0.00241009
0.00235473
0.000679098
0.00247745
0.00246763
0.000201825
0.00242033
0.00170661
0.00236729
0.0024134
0.0024161
0.00250681
0.00241052
0.00247416
0.0024948
0.000193832
0.000141835
0.0024625
0.00214602
0.0021877
0.00170226
0.00239734
0.00235403
0.00231667
0.000324023
0.00186197
0.00246545
0.00246106
0.00228991
0.000643293
0.00244899
0.00247665
0.00025348
0.00241248
0.00191418
0.00246213
0.000657382
0.00224431
0.00237016
0.0023852
0.000482906
0.00247507
0.00241382
0.00218204
0.0024623
0.00244185
0.00237221
0.00247735
0.00200933
0.00237949
0.000337902
0.00218991
0.00245909
0.00222085
0.00247665
0.00244679
0.00237129
0.00155319
0.00235563
0.00190937
0.00230536
0.00247682
0.00243489
0.00210344
0.00246738
0.00247741
0.00246086
0.00244057
0.000330187
0.00236819
0.00201644
0.0021202
0.00196341
0.000408187
0.0023661
0.00243603
0.00247863
0.00226453
0.00221168
0.00247129
0.00183735
0.00177675
0.000131752
0.000670538
0.00244842
0.00251121
0.00243113
0.00229461
0.00244291
0.00238437
0.00209216
0.00247854
0.00239267
0.0022009
0.00237756
0.0024304
0.00251154
0.00248413
0.00235777
0.00247899
0.00245701
0.00245831
0.00198276
0.000285348
0.00247622
0.00211645
0.000309317
0.00241003
0.000165687
0.0025068
0.00249565
0.00246261
0.000336642
0.00247791
0.00214868
0.00250288
0.00185225
0.000378705
0.00173653
0.00249972
0.0024783
0.00244068
0.00244564
0.00241281
0.000585983
0.00245589
0.00245598
0.00247508
0.00250629
0.00224225
0.00210986
0.00219414
0.00250116
0.00229601
0.00246185
0.00236166
0.0024517
0.00219034
0.00233941
0.00177257
0.00241988
0.00202524
0.000451211
0.0019746
0.00232209
0.00211938
0.00218146
0.00247142
0.00246817
0.00250259
0.00240158
0.00246658
0.00205717
0.00047959
0.000244332
0.00249324
0.00246834
0.00201118
0.00243037
0.00247999
0.000591409
0.00251431
0.00215144
0.00246362
0.00224344
0.00244248
0.00250247
0.00147694
0.00227966
0.00249817
0.00182753
0.00239841
0.00250245
0.000342168
0.00246555
0.00249699
0.0023874
0.00251321
0.00224776
0.00185837
0.00249262
0.00212579
0.00243579
0.00176667
0.00237319
0.00246808
0.0021989
0.00247677
0.00187967
0.002289
0.00251598
0.00246573
0.00237779
0.00229338
0.00200025
0.00246036
0.0023494
0.00229893
0.00245805
0.00223768
0.00218613
0.00247532
0.00248448
0.00206888
0.00250245
0.00222929
0.00251271
0.00235341
0.00243301
0.00245307
0.0024721
0.00248642
0.00246238
0.0024498
0.00238207
0.00220733
0.00185306
0.00249256
0.00245709
0.000276251
0.00249359
0.00238034
0.00223566
0.00220456
0.000350713
0.000448757
0.00249505
0.00174566
0.00242775
0.00158978
0.00252184
0.00210931
0.00205209
0.00246709
0.00249759
0.00249292
0.0024676
0.00220065
0.0024673
0.00222395
0.00201835
0.00248574
0.00247532
0.00248542
0.00236757
0.00215511
0.00248226
0.00229668
0.000312098
0.00249537
0.00248417
0.00221076
0.00248771
0.00246537
0.00241057
0.00222884
0.00242722
0.0020415
0.00248196
0.00232706
0.00248216
0.0022732
0.00247661
0.000397843
0.00226514
0.00231053
0.00249849
0.00249809
0.000104326
0.00223448
0.00222781
0.00248441
0.00245242
0.00219462
0.00236506
0.00187518
0.00209367
0.000154174
0.0024412
0.00247417
0.00249534
0.00213076
0.002223
0.00245517
0.00230235
0.00252047
0.00249223
0.00250413
0.00239275
0.00245836
0.00249022
0.00221194
0.0024758
0.00249017
0.00204822
0.002469
0.00178714
0.00221861
0.00248324
0.00247573
0.002193
0.00225775
0.00234607
0.00245109
0.00245082
0.00237958
0.00234121
0.00249771
0.00232365
0.00248122
0.00190959
0.00250388
0.00222478
0.00206204
0.00227282
0.00241779
0.00221866
0.00248327
0.00013261
0.0024734
0.00233623
0.0022973
0.00247123
0.00248226
0.00228678
0.00244964
0.00248864
0.00225636
0.00236282
0.00247354
0.00249145
0.00236087
0.00245383
0.00242991
0.00225797
0.00199424
0.0023656
0.0019044
0.00247592
0.00248678
0.00250379
0.00251422
0.00245361
0.00223334
0.00232794
0.00225688
0.0024702
0.00207931
0.00241614
0.00213113
0.00251435
0.00247748
0.0024552
0.0024624
0.00251572
0.00242328
0.00248159
0.00227731
0.00223449
0.00232187
0.00247805
0.00237131
0.00247805
0.00193184
0.00236063
0.00234967
0.00247304
0.00247862
0.00245943
0.00245834
0.00243912
0.00230408
0.00234687
0.0024782
0.0024889
0.00206282
0.00224557
0.00183089
0.0024019
0.0024849
0.00226495
0.00231404
0.00247077
0.00237432
0.00245231
0.00244711
0.00244445
0.00246079
0.00245921
0.00226526
0.00234788
0.00252044
0.00245239
0.00237037
0.00248356
0.00243098
0.00246894
0.00247003
0.0023922
0.00226123
0.00224163
0.00225687
0.00251214
0.00237584
0.00251033
0.00233868
0.00220951
0.00194327
0.00246952
0.00251492
0.00210899
0.00201218
0.00225767
0.00230317
0.00233959
0.00231853
0.00235054
0.00245916
0.00236162
0.00220712
0.0022286
0.0024719
0.00248697
0.00235211
0.00241406
0.00247318
0.00236269
0.00231421
0.00224873
0.00225922
0.00234915
0.00232523
0.00211043
0.00226313
0.00237675
0.0020169
0.00242217
0.00208785
0.00216354
0.00241801
0.0024748
0.00223474
0.00232732
0.00245387
0.00237829
0.0022997
0.00243453
0.0022728
0.00244835
0.00225081
0.00186558
0.00246577
0.00229489
0.00228888
0.00245316
0.0025228
0.00243635
0.00229773
0.00230596
0.00247275
0.00237975
0.00243316
0.0023757
0.00227366
0.00237202
0.000493587
0.00232682
0.00234846
0.00246547
0.00244819
0.00247097
0.00246473
0.00237943
0.00204137
0.00247171
0.0025105
0.00213263
0.00235434
0.00249394
0.00237726
0.00237665
0.00210895
0.00237046
0.00227685
0.00248557
0.00228215
0.00247686
0.00231375
0.00246629
0.00246739
0.00197576
0.00219056
0.00225802
0.00245695
0.00242065
0.0024749
0.00228514
0.00251924
0.0022269
0.00231248
0.0024563
0.00241284
0.002305
0.00245859
0.00235703
0.0024673
0.00238087
0.0023667
0.00211448
0.00234753
0.00225831
0.00237552
0.00245376
0.00240202
0.00241679
0.00234546
0.00231009
0.0024046
0.00247802
0.00230398
0.00246673
0.00237892
0.00210618
0.0023777
0.00242061
0.00244458
0.00249197
0.00231701
0.00243045
0.00237771
0.00235577
0.00230317
0.00233403
0.00224295
0.00235565
0.00223681
0.00243547
0.00243271
0.00209129
0.00229835
0.00245768
0.00237608
0.0023609
0.00233464
0.00237769
0.00207328
0.00247973
0.00247552
0.00242486
0.0025193
0.00247413
0.00236133
0.00233404
0.00245956
0.00245839
0.00246014
0.0024559
0.00230567
0.00251794
0.00244324
0.00214499
0.00245223
0.00235096
0.00236981
0.00250838
0.00247862
0.00235413
0.00237552
0.00246515
0.00235066
0.00227926
0.00235424
0.00232759
0.00238173
0.00237499
0.00237502
0.00191562
0.00230999
0.00237896
0.00240351
0.00234401
0.00245112
0.0023738
0.00237641
0.00236565
0.00241004
0.00216204
0.00231639
0.00240155
0.00242035
0.00237267
0.00246296
0.00191528
0.00224735
0.00245725
0.00235683
0.00236069
0.00247084
0.0002768
0.000134142
0.00214844
0.00202797
0.00243593
0.00242414
0.00236357
0.00224647
0.00234812
0.00245474
0.0023203
0.00244496
0.00238739
0.00245866
0.00237014
0.0023315
0.00243288
0.00235995
0.000332007
0.0024834
0.000428096
0.00237112
0.00236548
0.00237649
0.00242827
0.00233252
0.00240868
0.00251551
0.00212409
0.00222474
0.00248878
0.0021229
0.00220977
0.00218175
0.00245859
0.00211305
0.00243669
0.00245807
0.00238847
0.00234417
0.00237435
0.00234659
0.00236797
0.00237563
0.00237586
0.00246592
0.00237053
0.00232336
0.00241331
0.00194613
0.00244469
0.00237631
0.00234236
0.00237614
0.00240379
0.00236525
0.00227858
0.002508
0.00205992
0.00251181
0.00208764
0.00247446
0.00238648
0.00244899
0.00231789
0.00237872
0.00236228
0.00245122
0.00241809
0.00236589
0.00236771
0.00244551
0.00220589
0.00239306
0.00236711
0.00209607
0.0020584
0.00234523
0.00206462
0.00227675
0.00246941
0.00208443
0.00246388
0.00242662
0.00237607
0.00210593
0.00243327
0.00231952
0.00037173
0.00237064
0.00238051
0.00245937
0.00236166
0.0023487
0.00229489
0.00235332
0.00250032
0.00245497
0.00236899
0.00244498
0.00242881
0.00237575
0.00245215
0.00243029
0.00238164
0.00247271
0.0022808
0.00237358
0.00236986
0.0023669
0.00236219
0.0022482
0.00245876
0.00239445
0.000134664
0.00248671
0.000423228
0.00238325
0.00235892
0.0016545
0.00234835
0.0023893
0.00237549
0.00246397
0.00235626
0.00250252
0.00243773
0.00237614
0.00224532
0.00247012
0.00240842
0.00234292
0.0023763
0.00229974
0.00210757
0.00245377
0.00245262
0.00241093
0.00208922
0.00234517
0.00241994
0.00232258
0.00235982
0.00237838
0.00238117
0.00237736
0.00236151
0.00233318
0.00250728
0.00237897
0.00208643
0.00224583
0.00235696
0.000376122
0.00240268
0.0019809
0.00236609
0.00246335
0.00203163
0.00240832
0.00237305
0.00242351
0.00249366
0.00244136
0.00244812
0.00238113
0.00229246
0.000426706
0.00243839
0.00243477
0.00243682
0.00242681
0.00246959
0.00233417
0.00246968
0.00237731
0.00203922
0.00237035
0.00213496
0.00237513
0.0023772
0.00243986
0.00235061
0.00238777
0.00243718
0.00238395
0.00206193
0.00242542
0.000165281
0.00219664
0.00243019
0.00235923
0.00237271
0.00237454
0.00210047
0.00206104
0.00246701
0.0023831
0.002201
0.00239666
0.0023758
0.00225577
0.00249599
0.00249347
0.00240223
0.00237857
0.00246737
0.00238138
0.00232499
0.0024121
0.00198957
0.00246355
0.00233396
0.00240425
0.00243334
0.00209166
0.000254742
0.00238435
0.0022777
0.00044788
0.00240942
0.00238175
0.00241482
0.00236416
0.00246817
0.00230927
0.00238215
0.000202738
0.0023414
0.00245399
0.000196497
0.00232338
0.000128524
0.00236562
0.00246817
0.00230285
0.00230753
0.00234835
0.00251484
0.0022812
0.00242207
0.00244121
0.0023855
0.00239222
0.00230546
0.00209119
0.00235467
0.00205232
0.00238717
0.00245537
0.00194496
0.00240527
0.00240024
0.00244704
0.00199811
0.00246585
0.00240305
0.00229777
0.00236063
0.00239084
0.00243849
0.00238414
0.00206228
0.00193969
0.00231036
0.0021654
0.00242458
0.00227302
0.00236524
0.00231901
0.00204291
0.00229715
0.00245664
0.0024605
0.00236104
0.00238899
0.00233229
0.00228941
0.00246562
0.00232706
0.0020325
0.00245785
0.0024932
0.00241729
0.00209181
0.00236803
0.00234094
0.00246575
0.00240876
0.00241765
0.00239366
0.00241007
0.00240713
0.00233521
0.00238812
0.00242164
0.00242052
0.00242456
0.000206504
0.00203627
0.00210479
0.0024129
0.00234314
0.00242889
0.00244575
0.00233434
0.00219787
0.00227692
0.00238618
0.00244995
0.00211148
0.00217586
0.00235019
0.00249892
0.0022978
0.00238587
0.00228289
0.00245567
0.0025011
0.00244122
0.00246368
0.00239858
0.00231807
0.00240212
0.0023984
0.00241504
0.00235542
0.00242391
0.00234336
0.00236868
0.00246811
0.00251565
0.00239517
0.00242041
0.002431
0.00226101
0.00240452
0.00226228
0.0022709
0.00189535
0.00234252
0.0020443
0.00244051
0.002389
0.00229129
0.00225786
0.0024552
0.00228269
0.00235826
0.00228059
0.00240597
0.00241925
0.000445828
0.00245132
0.00228999
0.00238637
0.000428838
0.00240666
0.00229878
0.00187014
0.00225897
0.00224888
0.00212727
0.00240626
0.00245361
0.0024014
0.00230543
0.00245277
0.000420185
0.000447505
0.00236647
0.00240809
0.00243821
0.00247163
0.00242076
0.00230724
0.00222746
0.0023089
0.00222531
0.0004272
0.00239764
0.00187267
0.00220988
0.00239961
0.00244823
0.00239524
0.00231429
0.00244097
0.000146939
0.00015931
0.00251818
0.00230538
0.00235794
0.0024036
0.00223935
0.00238421
0.00240174
0.00224247
0.00244147
0.00240546
0.00238675
0.00200535
0.00240972
0.00225107
0.000416206
0.00206688
0.00244843
0.00243118
0.00243672
0.00226247
0.00221524
0.00238224
0.00238171
0.00232169
0.0021506
0.00227266
0.00243949
0.000186671
0.00208418
0.00219207
0.0023082
0.00042077
0.00235901
0.00228024
0.000453452
0.000325466
0.00241099
0.00230138
0.00243522
0.00244837
0.0024171
0.0024072
0.00231112
0.00242039
0.00229589
0.0024005
0.00240042
0.000202553
0.000417524
0.00235335
0.000341962
0.0022293
0.00240162
0.0021534
0.00228394
0.00240302
0.0021965
0.00217067
0.00225288
0.00251072
0.00244828
0.00240185
0.00190423
0.00244948
0.00244152
0.00243167
0.0021521
0.0024231
0.0021876
0.0023929
0.002119
0.000441471
0.00230182
0.00238959
0.00237418
0.000415301
0.00213069
0.00238782
0.00184979
0.000416967
0.00240972
0.00207506
0.00237121
0.00214232
0.0021665
0.00242054
0.00241338
0.00240281
0.00210817
0.00241031
0.00215329
0.0023453
0.00212912
0.00209383
0.00241808
0.00216169
0.00239601
0.00227117
0.00242129
0.00192989
0.00224034
0.00239278
0.00228225
0.00237434
0.000131796
0.000119486
0.00239254
0.00234141
0.00216596
0.00230015
0.00241095
0.00227331
0.00212936
0.00187414
0.000417479
0.00237169
0.00228752
0.00239375
0.00238742
0.00240575
0.00241221
0.00238927
0.00209807
0.00241013
0.00203315
0.0024009
0.00242263
0.0024008
0.00211963
0.00205331
0.0023984
0.00216428
0.00239371
0.00204833
0.000196568
0.00239401
0.00206394
0.00241765
0.00207949
0.00240863
0.000415389
0.00232084
0.00201975
0.00055317
0.0023946
0.00241778
0.00209381
0.000198407
0.00204834
0.00227359
0.00212266
0.002047
0.00210508
0.0020196
0.00238377
0.0023614
0.00230354
0.00219117
0.00202713
0.00216787
0.0023286
0.00239575
0.00235728
0.00206849
0.00221005
0.00209494
0.00239847
0.00234288
0.000436365
0.00241351
0.00042406
0.00237527
0.00236799
0.00239211
0.00232218
0.0023604
0.00211128
0.00240472
0.00205497
0.00240045
0.00209538
0.00232716
0.00236411
0.00238326
0.0021543
0.000208823
0.00237724
0.00226642
0.00203381
0.00238926
0.00235905
0.00212088
0.00239452
0.000200073
0.00200044
0.00230337
0.00246527
0.000202793
0.00215868
0.00225579
0.00235462
0.00246187
0.00200057
0.00234664
0.00239158
0.000341213
0.00231925
0.00235221
0.0023456
0.00210996
0.00238392
0.00021723
0.00233283
0.0023547
0.00194477
0.0023888
0.00238484
0.00196686
0.00238508
0.00238168
0.00220719
0.00231287
0.00221467
0.0023708
0.000195801
0.000202377
0.00221768
0.00199411
0.0022202
0.00019256
0.00238279
0.00233921
0.000423836
0.00238463
0.00213392
0.00229548
0.00238232
0.000369441
0.000201195
0.00222121
0.00227267
0.000432888
0.000143453
0.000137468
0.00207796
0.00208936
0.00218962
0.00201584
0.00231177
0.00233799
0.00234174
0.00234366
0.00233267
0.00238232
0.000194845
0.00237019
0.000204173
0.000216716
0.00236634
0.00226393
0.00198235
0.000200123
0.00234716
0.0019208
0.00230264
0.000422511
0.00195898
0.00042347
0.0023793
0.000430517
0.00208999
0.00186484
0.000425047
0.00236722
0.000444863
0.00233054
0.0022428
0.000390209
0.000426935
0.00221649
0.000429235
0.00229875
0.000352103
0.000431266
0.00209887
0.00182968
0.00218523
0.00219246
0.000302104
0.000200547
0.000432466
0.0023643
0.00213413
0.00237488
0.00236106
0.00218862
0.00222837
0.00213552
0.00237002
0.00217161
0.00237156
0.000424021
0.00216574
0.00180838
0.00233462
0.00229634
0.00237221
0.00214255
0.00192804
0.000186389
0.00196334
0.000431974
0.00237633
0.00236125
0.00237155
0.00210473
0.00232106
0.00188805
0.00220956
0.00236531
0.000203345
0.00228558
0.0022377
0.00188462
0.000451326
0.00217505
0.00217713
0.00210015
0.0022271
0.00235988
0.000418732
0.0023517
0.00229508
0.000414099
0.00232495
0.00236015
0.00042578
0.00216868
0.00232842
0.00229822
0.000428498
0.00211718
0.00233268
0.00228377
0.000409975
0.00235606
0.00207647
0.00214772
0.00235513
0.000187431
0.00234734
0.00213263
0.00232571
0.00234329
0.0023572
0.00208072
0.00198459
0.0023059
0.00186705
0.00233623
0.00183313
0.00231082
0.000208769
0.000455755
0.000453571
0.000207559
0.00222061
0.000433974
0.00233173
0.0022011
0.00186302
0.000423401
0.000180281
0.0019784
0.00234768
0.0023255
0.00235529
0.00196403
0.00226214
0.00226914
0.000405335
0.00231505
0.00196401
0.002331
0.0023181
0.00216725
0.00233539
0.00220191
0.0020149
0.00217465
0.000421064
0.0023433
0.00230968
0.00216503
0.0022782
0.00180326
0.000179152
0.00206211
0.000378186
0.000182534
0.00230428
0.000186583
0.00232776
0.0022012
0.000190744
0.00230022
0.000451658
0.000194847
0.00230547
0.00214434
0.000398801
0.000198778
0.000202071
0.00226482
0.00220929
0.00230481
0.00218795
0.00207229
0.00230015
0.00204085
0.00226934
0.000166606
0.000183897
0.000204434
0.00220012
0.00219121
0.00229151
0.000435392
0.00229185
0.000417987
0.000448107
0.00226092
0.00227438
0.000441609
0.000387822
0.00204134
0.00175487
0.000205374
0.000429339
0.00228889
0.000174352
0.00211143
0.0022644
0.00224877
0.00222571
0.00224551
0.000175469
0.000171488
0.00215565
0.00227594
0.000168376
0.00226343
0.00041065
0.00226854
0.00203889
0.000198649
0.000216193
0.000221285
0.000449373
0.00203115
0.00212862
0.00227415
0.00223596
0.00225944
0.0023378
0.00208142
0.00218022
0.00231778
0.00224078
0.000165702
0.00229434
0.00210998
0.00217789
0.000351393
0.00229003
0.00020444
0.00230786
0.00228157
0.000176258
0.000367516
0.00222814
0.00222461
0.00220814
0.0021406
0.000219475
0.00215683
0.000187598
0.000413545
0.000436585
0.00219995
0.00224458
0.00216534
0.00216026
0.00228336
0.00211724
0.000422998
0.00215499
0.000203329
0.000210407
0.00213509
0.000162928
0.00218072
0.000440629
0.00220849
0.00232368
0.00204341
0.00214875
0.00216953
0.00202345
0.00169862
0.00228177
0.000201456
0.00015921
0.00219565
0.00021271
0.000168294
0.00221755
0.00207414
0.00209749
0.000222362
0.00213827
0.00021777
0.000446235
0.00223038
0.0023146
0.000219009
0.000437274
0.00213212
0.000215809
0.00234658
0.00208085
0.000168301
0.00214083
0.00199977
0.00214155
0.000441481
0.00201866
0.00225588
0.000139728
0.000150319
0.00220014
0.0016653
0.00214313
0.00219016
0.0021718
0.00223453
0.00204039
0.0021151
0.000209494
0.00216838
0.00213212
0.00210827
0.00222295
0.00210612
0.002035
0.000395648
0.000172213
0.00202064
0.00226939
0.00205761
0.0018818
0.00189264
0.000432534
0.000215617
0.00210229
0.00198582
0.000428451
0.00217081
0.000403371
0.000197135
0.00198781
0.00204298
0.00207811
0.00199623
0.000211044
0.000208776
0.00200397
0.000431087
0.00043602
0.000423089
0.00191621
0.00191027
0.00202587
0.00207305
0.00197475
0.000349364
0.000157019
0.00211155
0.00190059
0.00209343
0.000416015
0.000205917
0.00207776
0.00215426
0.00212979
0.00208227
0.00194716
0.00198019
0.00213604
0.000415004
0.000204879
0.00195266
0.000439882
0.001974
0.000201423
0.00196631
0.000204941
0.000442811
0.000213208
0.00203673
0.000211905
0.00204591
0.000421616
0.00192326
0.00195891
0.000196994
0.000401121
0.00186798
0.000392934
0.000388787
0.0001879
0.00195116
0.000161181
0.00192048
0.000190913
0.00174408
0.00200967
0.00186483
0.000198975
0.000197513
0.000408469
0.000400871
0.000439372
0.000407801
0.000207933
0.000181693
0.00186473
0.00189131
0.00197866
0.00192122
0.000190228
0.000165444
0.000371945
0.00172214
0.0018564
0.00180299
0.00189508
0.00191989
0.00195696
0.00186491
0.000176282
0.00038603
0.00181798
0.000211431
0.000370434
0.000168766
0.000355146
0.00170677
0.00176388
0.000133278
0.000273021
0.000120181
0.000112404
0.000302878
0.000145333
0.000182005
0.000381691
0.000210645
0.000385083
0.000185031
0.000190761
0.000377799
0.000178452
0.000193773
0.000397669
0.000386961
0.00018379
0.000201877
0.000177814
0.000379778
0.000188588
0.000393712
0.000150132
0.000123578
0.000135594
0.000351431
0.000163727
0.000173337
0.000370745
0.000193058
0.00168081
0.00246013
0.00181444
0.00188427
0.001851
0.000396981
0.000150281
0.00222039
0.00199804
0.00218734
0.000122654
0.00173696
0.00225367
0.00208078
0.00172051
0.000364155
0.000359412
0.00246862
0.00223065
0.000196309
0.000119303
0.000200821
0.00228639
0.00158999
0.00226257
0.0021438
0.000210112
0.00201148
0.00191345
0.00227233
0.000117787
0.00011979
0.000199597
0.000175435
0.000228193
0.000171319
0.000191144
0.000182258
0.00223436
0.000427192
0.00218525
0.000146094
0.000126067
0.000137618
0.000439161
0.00192164
0.00231572
0.000162159
0.000144335
0.00014995
0.00221941
0.00225337
0.000334571
0.00197186
0.00246518
0.00175736
0.001588
0.000365614
0.000160974
0.000516711
0.000352457
0.000537686
0.000379052
0.000349159
0.000363024
0.000117358
0.000113415
0.00217808
0.00195011
0.00160764
0.00246975
0.000202875
0.000303669
0.000331721
0.00159192
0.00173656
0.000323879
0.00197968
0.00165285
0.00176172
0.00218264
0.000138612
0.00163361
0.00176194
0.00180301
0.000347475
0.00247978
0.0018238
0.00201092
0.000144458
0.00181796
0.00249399
0.00177571
0.000274563
0.000163323
0.00221242
0.00204588
0.00250378
0.00158206
0.00163832
0.000138028
0.00208107
0.00248225
0.00160921
0.00248438
0.00211674
0.00033758
0.002152
0.00248844
0.00183837
0.0022478
0.00189546
0.00161767
0.00166704
0.000110962
0.00221759
0.000298895
0.000144518
0.0024973
)
;

boundaryField
{
    patch0
    {
        type            nutkWallFunction;
        Cmu             0.09;
        kappa           0.41;
        E               9.8;
        value           nonuniform List<scalar> 
4010
(
0.000253133
0.000253133
0.000267728
0.000267728
0.000282403
0.000282403
0.000269003
0.000269003
0.000270258
0.000270258
0.000262028
0.000262028
0.000266689
0.000266689
0.000277337
0.000277337
0.000284477
0.000284477
0.000285727
0.000285727
0.00028246
0.00028246
0.000282701
0.000282701
0.000170677
0.000170677
0.000287355
0.000287355
0.000259821
0.000259821
0.000256471
0.000256471
0.000172895
0.000172895
0.000287561
0.000287561
0.000211479
0.000211479
0.00028836
0.00028836
0.000154595
0.000154595
0.000199543
0.000199543
0.000228858
0.000228858
0.000288214
0.000288214
0.000204906
0.000204906
0.000206668
0.000206668
0.000215244
0.000215244
0.000281525
0.000281525
0.000269256
0.000269256
0.000274261
0.000274261
0.000193733
0.000193733
0.000200723
0.000200723
0.000197015
0.000197015
0.000179654
0.000179654
0.000283263
0.000283263
0.000247461
0.000247461
0.000199621
0.000199621
0.000275313
0.000275313
0.000265532
0.000265532
0.000181735
0.000181735
0.000201733
0.000201733
0.000159617
0.000159617
0.000202603
0.000202603
0.000244273
0.000244273
0.000280385
0.000280385
0.000205421
0.000205421
0.000261667
0.000261667
0.000285206
0.000285206
0.000148971
0.000148971
0.000147098
0.000147098
0.000271137
0.000271137
0.000162782
0.000162782
0.000215005
0.000215005
0.000268698
0.000268698
0.000188827
0.000188827
0.000285714
0.000285714
0.000203467
0.000203467
0.000283647
0.000283647
0.000283289
0.000283289
0.000226392
0.000226392
0.000256305
0.000256305
0.000266512
0.000266512
0.000253846
0.000253846
0.000263281
0.000263281
0.000265316
0.000265316
0.000286068
0.000286068
0.000286246
0.000286246
0.000242728
0.000242728
0.000266764
0.000266764
0.000266305
0.000266305
0.000154024
0.000154024
0.000281891
0.000281891
0.000258571
0.000258571
0.000278194
0.000278194
0.000276794
0.000276794
0.000202244
0.000202244
0.000286223
0.000286223
0.00027971
0.00027971
0.000285063
0.000285063
0.000264314
0.000264314
0.000285306
0.000285306
0.000219658
0.000219658
0.000276154
0.000276154
0.000153236
0.000153236
0.000201015
0.000201015
0.000251929
0.000251929
0.000284342
0.000284342
0.000281867
0.000281867
0.000145643
0.000145643
0.00015337
0.00015337
0.000283833
0.000283833
0.000218713
0.000218713
0.000200153
0.000200153
0.000203412
0.000203412
0.000158184
0.000158184
0.000254179
0.000254179
0.000286232
0.000286232
0.000285809
0.000285809
0.000227325
0.000227325
0.000188422
0.000188422
0.000285284
0.000285284
0.000157
0.000157
0.000252856
0.000252856
0.00021773
0.00021773
0.000205866
0.000205866
0.000283369
0.000283369
0.000283371
0.000283371
0.000199352
0.000199352
0.000233294
0.000233294
0.000209877
0.000209877
0.000285925
0.000285925
0.000273981
0.000273981
0.000275492
0.000275492
0.000278852
0.000278852
0.000285365
0.000285365
0.000146931
0.000146931
0.000278256
0.000278256
0.000256273
0.000256273
0.000270905
0.000270905
0.000286013
0.000286013
0.000190882
0.000190882
6.66434e-05
6.66434e-05
0.000152399
0.000152399
0.000146509
0.000146509
0.000286481
0.000286481
0.000211264
0.000211264
0.000209082
0.000209082
0.000279087
0.000279087
0.000271702
0.000271702
6.96888e-05
6.96888e-05
0.000285859
0.000285859
0.000285247
0.000285247
2.37854e-05
2.37854e-05
0.000279839
0.000279839
0.000161687
0.000161687
0.000218439
0.000218439
0.000279917
0.000279917
0.000279781
0.000279781
0.000288536
0.000288536
0.000280532
0.000280532
0.000286064
0.000286064
0.000286557
0.000286557
2.23817e-05
2.23817e-05
2.23817e-05
1.70881e-05
1.70881e-05
1.70881e-05
0.000262098
0.000262098
0.000198658
0.000198658
0.000200873
0.000200873
0.000160709
0.000160709
0.000270735
0.000270735
0.00027351
0.00027351
0.000215086
0.000215086
3.55569e-05
3.55569e-05
3.55569e-05
0.000173765
0.000173765
0.000280777
0.000280777
0.000261615
0.000261615
0.00021046
0.00021046
6.64159e-05
6.64159e-05
0.000283838
0.000283838
0.000285514
0.000285514
3.03566e-05
3.03566e-05
0.000279387
0.000279387
0.00018041
0.00018041
0.000262058
0.000262058
6.77369e-05
6.77369e-05
0.000207444
0.000207444
0.00023454
0.00023454
0.000232081
0.000232081
5.11584e-05
5.11584e-05
0.000285845
0.000285845
0.000277933
0.000277933
0.000209541
0.000209541
0.000264023
0.000264023
0.000282475
0.000282475
0.000217752
0.000217752
0.000286385
0.000286385
0.000185606
0.000185606
0.00027615
0.00027615
3.71173e-05
3.71173e-05
0.000257187
0.000257187
0.000261188
0.000261188
0.000206138
0.000206138
0.000270702
0.000270702
0.000282992
0.000282992
0.000219431
0.000219431
0.000148059
0.000148059
0.000274883
0.000274883
0.000177019
0.000177019
0.000213541
0.000213541
0.000285925
0.000285925
0.00028173
0.00028173
0.000204914
0.000204914
0.000283543
0.000283543
0.000285645
0.000285645
0.000261146
0.000261146
0.000232426
0.000232426
3.61711e-05
3.61711e-05
3.61711e-05
0.000218734
0.000218734
0.0001862
0.0001862
0.000195347
0.000195347
0.000182076
0.000182076
4.41037e-05
4.41037e-05
0.000276066
0.000276066
0.000280611
0.000280611
0.000284728
0.000284728
0.000264021
0.000264021
0.000205709
0.000205709
0.000283893
0.000283893
0.000171218
0.000171218
0.000166205
0.000166205
1.44533e-05
1.44533e-05
1.44533e-05
6.89614e-05
6.89614e-05
0.000282551
0.000282551
0.00028899
0.00028899
0.000268351
0.000268351
0.000212721
0.000212721
0.000282616
0.000282616
0.000275342
0.000275342
0.000205642
0.000205642
0.000284615
0.000284615
0.000277247
0.000277247
0.000208331
0.000208331
0.000274899
0.000274899
0.000279841
0.000279841
0.000289011
0.000289011
0.00028495
0.00028495
0.000217895
0.000217895
0.000285632
0.000285632
0.000283981
0.000283981
0.000273003
0.000273003
0.000183811
0.000183811
3.16068e-05
3.16068e-05
0.000281347
0.000281347
0.000196918
0.000196918
3.6525e-05
3.6525e-05
0.000222477
0.000222477
1.92113e-05
1.92113e-05
1.92113e-05
0.00028856
0.00028856
0.00028644
0.00028644
0.000284233
0.000284233
3.6812e-05
3.6812e-05
3.6812e-05
0.000285518
0.000285518
0.000197842
0.000197842
0.000288161
0.000288161
0.00017272
0.00017272
4.09653e-05
4.09653e-05
0.000162994
0.000162994
0.000287225
0.000287225
0.000286245
0.000286245
0.000282372
0.000282372
0.000282869
0.000282869
0.000280039
0.000280039
6.09916e-05
6.09916e-05
0.000272454
0.000272454
0.000283286
0.000283286
0.000285744
0.000285744
0.000288503
0.000288503
0.000205549
0.000205549
0.000194238
0.000194238
0.000206553
0.000206553
0.000287198
0.000287198
0.000211734
0.000211734
0.00028341
0.00028341
0.000216978
0.000216978
0.000283514
0.000283514
0.000202655
0.000202655
0.000271707
0.000271707
0.000167967
0.000167967
0.000280167
0.000280167
0.000186856
0.000186856
5.01185e-05
5.01185e-05
0.000183742
0.000183742
0.000221083
0.000221083
0.000196934
0.000196934
0.000200341
0.000200341
0.000277533
0.000277533
0.00028489
0.00028489
0.000287716
0.000287716
0.000221893
0.000221893
0.000284877
0.000284877
0.000189619
0.000189619
5.09954e-05
5.09954e-05
2.74547e-05
2.74547e-05
2.74547e-05
0.000283628
0.000283628
0.000270725
0.000270725
0.000188576
0.000188576
0.000281359
0.000281359
0.00028584
0.00028584
6.14857e-05
6.14857e-05
0.000288614
0.000288614
0.000198357
0.000198357
0.000267449
0.000267449
0.000260862
0.000260862
0.000239455
0.000239455
0.000288126
0.000288126
0.000141817
0.000141817
0.000210217
0.000210217
0.000287616
0.000287616
0.00017129
0.00017129
0.000277893
0.000277893
0.000288123
0.000288123
3.73403e-05
3.73403e-05
3.73403e-05
0.000275882
0.000275882
0.000287566
0.000287566
0.000276163
0.000276163
0.000288914
0.000288914
0.000209491
0.000209491
0.000175945
0.000175945
0.000287147
0.000287147
0.000195399
0.000195399
0.000281171
0.000281171
0.00016584
0.00016584
0.000275142
0.000275142
0.000282975
0.000282975
0.00025607
0.00025607
0.000285757
0.000285757
0.000177943
0.000177943
0.000211227
0.000211227
0.00028897
0.00028897
0.000271261
0.000271261
0.000220489
0.000220489
0.000266685
0.000266685
0.000185912
0.000185912
0.000261637
0.000261637
0.000216125
0.000216125
0.000211756
0.000211756
0.000284009
0.000284009
0.000205574
0.000205574
0.000200975
0.000200975
0.000285752
0.000285752
0.00028623
0.00028623
0.000190517
0.000190517
0.000286616
0.000286616
0.000260438
0.000260438
0.000288977
0.000288977
0.000272996
0.000272996
0.000271254
0.000271254
0.000242984
0.000242984
0.000265519
0.000265519
0.00028524
0.00028524
0.000261679
0.000261679
0.000283244
0.000283244
0.000226407
0.000226407
0.000250113
0.000250113
0.000173522
0.000173522
0.000287025
0.000287025
0.000282528
0.000282528
3.05697e-05
3.05697e-05
0.000286162
0.000286162
0.000275659
0.000275659
0.000206828
0.000206828
0.000202836
0.000202836
4.04166e-05
4.04166e-05
4.78389e-05
4.78389e-05
0.000287363
0.000287363
0.000164705
0.000164705
0.000281014
0.000281014
0.000151364
0.000151364
0.00028971
0.00028971
0.000194692
0.000194692
0.000240102
0.000240102
0.000277388
0.000277388
0.000287627
0.000287627
0.000287157
0.000287157
0.000242917
0.000242917
0.000209275
0.000209275
0.000266234
0.000266234
0.000255171
0.000255171
0.000188072
0.000188072
0.000285565
0.000285565
0.000265918
0.000265918
0.000286411
0.000286411
0.000219082
0.000219082
0.000198341
0.000198341
0.000285962
0.000285962
0.000210513
0.000210513
3.52773e-05
3.52773e-05
0.00028738
0.00028738
0.000272478
0.000272478
0.000223665
0.000223665
0.000285349
0.000285349
0.000283076
0.000283076
0.000279236
0.000279236
0.000206478
0.000206478
0.000244449
0.000244449
0.000188782
0.000188782
0.0002861
0.0002861
0.000270243
0.000270243
0.000254848
0.000254848
0.000208198
0.000208198
0.000268795
0.000268795
4.25027e-05
4.25027e-05
0.000264543
0.000264543
0.000213795
0.000213795
0.000286195
0.000286195
0.00028074
0.00028074
1.11674e-05
1.11674e-05
1.11674e-05
0.00020512
0.00020512
0.000245794
0.000245794
0.000286314
0.000286314
0.000274471
0.000274471
0.000202696
0.000202696
0.000274329
0.000274329
0.000176131
0.000176131
0.000192665
0.000192665
1.7972e-05
1.7972e-05
1.7972e-05
0.000231612
0.000231612
0.000285381
0.000285381
0.00028601
0.00028601
0.000196548
0.000196548
0.000204458
0.000204458
0.000277623
0.000277623
0.000268228
0.000268228
0.000289697
0.000289697
0.000285977
0.000285977
0.000287275
0.000287275
0.000276775
0.000276775
0.000283945
0.000283945
0.000286859
0.000286859
0.000260074
0.000260074
0.000285614
0.000285614
0.000286873
0.000286873
0.000190787
0.000190787
0.000284927
0.000284927
0.000168379
0.000168379
0.000226599
0.000226599
0.000286157
0.000286157
0.000285687
0.000285687
0.000254029
0.000254029
0.000262769
0.000262769
0.000218699
0.000218699
0.000232085
0.000232085
0.00028326
0.00028326
0.000220492
0.000220492
0.000272034
0.000272034
0.000286555
0.000286555
0.000213282
0.000213282
0.000285979
0.000285979
0.000217769
0.000217769
0.000287215
0.000287215
0.000233405
0.000233405
0.000190477
0.000190477
0.000208221
0.000208221
0.000225834
0.000225834
0.000204969
0.000204969
0.000284844
0.000284844
1.54509e-05
1.54509e-05
1.54509e-05
0.000280854
0.000280854
0.000271202
0.000271202
0.000217339
0.000217339
0.000282178
0.000282178
0.000271897
0.000271897
0.000266461
0.000266461
0.000264997
0.000264997
0.000286728
0.000286728
0.000207024
0.000207024
0.000223
0.000223
0.000285245
0.000285245
0.00028697
0.00028697
0.000273775
0.000273775
0.00026262
0.00026262
0.000281204
0.000281204
0.000262394
0.000262394
0.000224387
0.000224387
0.000274431
0.000274431
0.000178608
0.000178608
0.000283695
0.000283695
0.000284973
0.000284973
0.000286908
0.000286908
0.000288463
0.000288463
0.000283251
0.000283251
0.000205666
0.000205666
0.000270583
0.000270583
0.000262854
0.000262854
0.000284958
0.000284958
0.000206311
0.000206311
0.000279833
0.000279833
0.000248504
0.000248504
0.000288941
0.000288941
0.000284224
0.000284224
0.000275349
0.000275349
0.000257109
0.000257109
0.000288487
0.000288487
0.000233797
0.000233797
0.000284401
0.000284401
0.000264892
0.000264892
0.000214147
0.000214147
0.000218795
0.000218795
0.000285487
0.000285487
0.000233809
0.000233809
0.000285789
0.000285789
0.000207911
0.000207911
0.000245396
0.000245396
0.000272611
0.000272611
0.000285065
0.000285065
0.000285667
0.000285667
0.000283949
0.000283949
0.000242668
0.000242668
0.000231205
0.000231205
0.000211913
0.000211913
0.000215441
0.000215441
0.000285646
0.000285646
0.000286664
0.000286664
0.0001913
0.0001913
0.000258668
0.000258668
0.000172862
0.000172862
0.000277755
0.000277755
0.000286315
0.000286315
0.000207876
0.000207876
0.00026912
0.00026912
0.00028491
0.00028491
0.000275429
0.000275429
0.0002833
0.0002833
0.000232541
0.000232541
0.000227596
0.000227596
0.000267769
0.000267769
0.00026114
0.00026114
0.000262151
0.000262151
0.000234372
0.000234372
0.000289153
0.000289153
0.000255766
0.000255766
0.000274649
0.000274649
0.000286137
0.000286137
0.000281218
0.000281218
0.00028476
0.00028476
0.000235576
0.000235576
0.000249013
0.000249013
0.000262938
0.000262938
0.00026244
0.00026244
0.00020757
0.00020757
0.000287467
0.000287467
0.000275255
0.000275255
0.000288431
0.000288431
0.000271474
0.000271474
0.000260093
0.000260093
0.000182527
0.000182527
0.000265926
0.000265926
0.000288353
0.000288353
0.000229372
0.000229372
0.000220083
0.000220083
0.00024604
0.00024604
0.000267834
0.000267834
0.000215262
0.000215262
0.000269904
0.000269904
0.000272893
0.000272893
0.000283826
0.000283826
0.000272795
0.000272795
0.000256723
0.000256723
0.000208476
0.000208476
0.000283617
0.000283617
0.000286602
0.000286602
0.000271568
0.000271568
0.00024367
0.00024367
0.000284953
0.000284953
0.000273851
0.000273851
0.00021302
0.00021302
0.000264087
0.000264087
0.000264172
0.000264172
0.000272615
0.000272615
0.000213572
0.000213572
0.000245968
0.000245968
0.000250323
0.000250323
0.000275228
0.000275228
0.000211293
0.000211293
0.000233992
0.000233992
0.000193434
0.000193434
0.000253317
0.000253317
0.000279964
0.000279964
0.000285145
0.000285145
0.00026054
0.00026054
0.000270332
0.000270332
0.000283345
0.000283345
0.000271597
0.000271597
0.000210886
0.000210886
0.000231278
0.000231278
0.000264359
0.000264359
0.000237774
0.000237774
0.000263906
0.000263906
0.000175801
0.000175801
0.000284369
0.000284369
0.000268317
0.000268317
0.000266333
0.000266333
0.000239527
0.000239527
0.000289647
0.000289647
0.000231526
0.000231526
0.000266707
0.000266707
0.000268805
0.000268805
0.000285072
0.000285072
0.00027548
0.00027548
0.000281308
0.000281308
0.000237904
0.000237904
0.000209776
0.000209776
0.000274731
0.000274731
5.21679e-05
5.21679e-05
0.000269883
0.000269883
0.000272667
0.000272667
0.000284363
0.000284363
0.000237817
0.000237817
0.000285336
0.000285336
0.000244738
0.000244738
0.000275507
0.000275507
0.000238845
0.000238845
0.000284938
0.000284938
0.000283951
0.000283951
0.000198202
0.000198202
0.000273004
0.000273004
0.000286781
0.000286781
0.00022548
0.00022548
0.000275707
0.000275707
0.000245166
0.000245166
0.000274411
0.000274411
0.00024102
0.00024102
0.000286315
0.000286315
0.000267048
0.000267048
0.000285723
0.000285723
0.000269011
0.000269011
0.000247101
0.000247101
0.000264161
0.000264161
0.000185388
0.000185388
0.00025493
0.00025493
0.000208443
0.000208443
0.000283531
0.000283531
0.000280106
0.000280106
0.000284949
0.000284949
0.000262828
0.000262828
0.000288971
0.000288971
0.000259433
0.000259433
0.000269807
0.000269807
0.000239786
0.000239786
0.000235182
0.000235182
0.000269471
0.000269471
0.000254268
0.000254268
0.000272436
0.000272436
0.000284975
0.000284975
0.000275612
0.000275612
0.000274182
0.000274182
0.000246731
0.000246731
0.000271301
0.000271301
0.000208191
0.000208191
0.000274677
0.000274677
0.000283245
0.000283245
0.000277422
0.000277422
0.000236123
0.000236123
0.000272163
0.000272163
0.000211868
0.000211868
0.000277981
0.000277981
0.000285561
0.000285561
0.000267816
0.000267816
0.000284377
0.000284377
0.000275042
0.000275042
0.000197735
0.000197735
0.000275249
0.000275249
0.000230392
0.000230392
0.000283734
0.000283734
0.000283952
0.000283952
0.000270176
0.000270176
0.000235928
0.000235928
0.000275237
0.000275237
0.000273555
0.000273555
0.000212006
0.000212006
0.000271947
0.000271947
0.000263283
0.000263283
0.000273604
0.000273604
0.000260395
0.000260395
0.000281422
0.000281422
0.000247656
0.000247656
0.000200983
0.000200983
0.000262394
0.000262394
0.000241819
0.000241819
0.000275088
0.000275088
0.000273631
0.000273631
0.00027121
0.00027121
0.000275728
0.000275728
0.000245292
0.000245292
0.000285945
0.000285945
0.000285315
0.000285315
0.000280394
0.000280394
0.000289214
0.000289214
0.000284907
0.000284907
0.000273724
0.000273724
0.000272011
0.000272011
0.00028374
0.00028374
0.000283601
0.000283601
0.000239506
0.000239506
0.000239174
0.000239174
0.000264102
0.000264102
0.000288758
0.000288758
0.000237659
0.000237659
0.000198507
0.000198507
0.000283009
0.000283009
0.000273303
0.000273303
0.000237672
0.000237672
0.000284012
0.000284012
0.000284404
0.000284404
0.00027186
0.00027186
0.000274975
0.000274975
0.000284265
0.000284265
0.000273365
0.000273365
0.000265324
0.000265324
0.000273061
0.000273061
0.000270638
0.000270638
0.000275977
0.000275977
0.000274898
0.000274898
0.000274517
0.000274517
0.000180609
0.000180609
0.000267929
0.000267929
0.000275095
0.000275095
0.000277876
0.000277876
0.000218746
0.000218746
0.00028292
0.00028292
0.000274861
0.000274861
0.000275064
0.000275064
0.00027426
0.00027426
0.000271168
0.000271168
0.000199937
0.000199937
0.000225086
0.000225086
0.000246709
0.000246709
0.000241066
0.000241066
0.00027468
0.00027468
0.00028406
0.00028406
0.000180777
0.000180777
0.000261831
0.000261831
0.000240045
0.000240045
0.000273646
0.000273646
0.00027428
0.00027428
0.000283875
0.000283875
3.08852e-05
3.08852e-05
1.62318e-05
1.62318e-05
1.62318e-05
0.000250354
0.000250354
0.000198815
0.000198815
0.000281383
0.000281383
0.000271733
0.000271733
0.00027447
0.00027447
0.000207014
0.000207014
0.000272594
0.000272594
0.000239162
0.000239162
0.000259218
0.000259218
0.000239148
0.000239148
0.000276211
0.000276211
0.000239538
0.000239538
0.000274363
0.000274363
0.000270261
0.000270261
0.000280215
0.000280215
0.000273815
0.000273815
3.84324e-05
3.84324e-05
0.000282861
0.000282861
4.60168e-05
4.60168e-05
0.00027463
0.00027463
0.000274646
0.000274646
0.000275067
0.000275067
0.000280634
0.000280634
0.000270259
0.000270259
0.000278308
0.000278308
0.00028899
0.00028899
0.000196809
0.000196809
0.00020528
0.00020528
0.000282586
0.000282586
0.000248662
0.000248662
0.000256943
0.000256943
0.000201615
0.000201615
0.00024
0.00024
0.000247733
0.000247733
0.000281052
0.000281052
0.000283424
0.000283424
0.000276504
0.000276504
0.000272299
0.000272299
0.00027536
0.00027536
0.000220265
0.000220265
0.000274404
0.000274404
0.000275316
0.000275316
0.000274289
0.000274289
0.000282649
0.000282649
0.000273805
0.000273805
0.00021335
0.00021335
0.000277642
0.000277642
0.000184014
0.000184014
0.00028223
0.00028223
0.000275057
0.000275057
0.000238104
0.000238104
0.00027543
0.00027543
0.00027798
0.00027798
0.000273872
0.000273872
0.000265395
0.000265395
0.000287955
0.000287955
0.000196526
0.000196526
0.000289024
0.000289024
0.000243949
0.000243949
0.000284969
0.000284969
0.000276102
0.000276102
0.000282665
0.000282665
0.000213009
0.000213009
0.000275639
0.000275639
0.000273516
0.000273516
0.000282874
0.000282874
0.000279344
0.000279344
0.000274301
0.000274301
0.000274417
0.000274417
0.000282326
0.000282326
0.000257576
0.000257576
0.000276757
0.000276757
0.000274008
0.000274008
0.000245019
0.000245019
0.000222012
0.000222012
0.000272143
0.000272143
0.000241788
0.000241788
0.000265127
0.000265127
0.00028464
0.00028464
0.00019342
0.00019342
0.000260376
0.000260376
0.000280315
0.000280315
0.000275074
0.000275074
0.000246159
0.000246159
0.000281064
0.000281064
0.000213036
0.000213036
4.36714e-05
4.36714e-05
0.000274359
0.000274359
0.000275775
0.000275775
0.000245064
0.000245064
0.00027357
0.00027357
0.000272641
0.000272641
0.000267958
0.000267958
0.000272529
0.000272529
0.000283358
0.000283358
0.000283202
0.000283202
0.00027436
0.00027436
0.000282198
0.000282198
0.000280625
0.000280625
0.000275122
0.000275122
0.000239448
0.000239448
0.000280583
0.000280583
0.000275835
0.000275835
0.000284828
0.000284828
0.000265295
0.000265295
0.000274643
0.000274643
0.000245863
0.000245863
0.000274436
0.000274436
0.000225455
0.000225455
0.000262172
0.000262172
0.000282234
0.000282234
0.000277014
0.000277014
1.5838e-05
1.5838e-05
1.5838e-05
0.000286322
0.000286322
5.03544e-05
5.03544e-05
0.000275159
0.000275159
0.000272683
0.000272683
0.000156937
0.000156937
0.000272075
0.000272075
0.000276334
0.000276334
0.000275182
0.000275182
0.000248705
0.000248705
0.000272856
0.000272856
0.000287584
0.000287584
0.00028144
0.00028144
0.000275131
0.000275131
0.000261925
0.000261925
0.000283807
0.000283807
0.000278389
0.000278389
0.000271416
0.000271416
0.00027491
0.00027491
0.000266802
0.000266802
0.000246781
0.000246781
0.000252022
0.000252022
0.00028298
0.00028298
0.000278666
0.000278666
0.000245308
0.000245308
0.000271696
0.000271696
0.000279547
0.000279547
0.000269239
0.000269239
0.000273578
0.000273578
0.00027536
0.00027536
0.000275669
0.000275669
0.000275263
0.000275263
0.000273375
0.000273375
0.000270446
0.000270446
0.000287786
0.000287786
0.000275192
0.000275192
0.000245013
0.000245013
0.000261772
0.000261772
0.000273019
0.000273019
4.08012e-05
4.08012e-05
0.000277763
0.000277763
0.00018508
0.00018508
0.000273815
0.000273815
0.000254092
0.000254092
0.00023835
0.00023835
0.000278211
0.000278211
0.000274953
0.000274953
0.000279883
0.000279883
0.000287062
0.000287062
0.00028177
0.00028177
0.000281824
0.000281824
0.00027544
0.00027544
0.000266237
0.000266237
4.61535e-05
4.61535e-05
0.000281507
0.000281507
0.000281245
0.000281245
0.000281432
0.000281432
0.0002804
0.0002804
0.000283624
0.000283624
0.000270555
0.000270555
0.000284604
0.000284604
0.000275197
0.000275197
0.000238769
0.000238769
0.00027422
0.00027422
0.000248938
0.000248938
0.000248344
0.000248344
0.000275377
0.000275377
0.000281715
0.000281715
0.00027234
0.00027234
0.000275544
0.000275544
0.000281462
0.000281462
0.000269938
0.000269938
0.000241277
0.000241277
0.000280256
0.000280256
1.50556e-05
1.50556e-05
1.50556e-05
0.000255555
0.000255555
0.000280575
0.000280575
0.000273234
0.000273234
0.000274684
0.000274684
0.000274628
0.000274628
0.000246345
0.000246345
0.000241582
0.000241582
0.000284299
0.000284299
0.000275651
0.000275651
0.000203175
0.000203175
0.000277193
0.000277193
0.00027504
0.00027504
0.000262477
0.000262477
0.000283839
0.000283839
0.000286671
0.000286671
0.000277595
0.000277595
0.00027501
0.00027501
0.000280387
0.000280387
0.0002757
0.0002757
0.000269508
0.000269508
0.000278715
0.000278715
0.000195731
0.000195731
0.000283286
0.000283286
0.000270401
0.000270401
0.000277864
0.000277864
0.000280862
0.000280862
0.000245398
0.000245398
2.79407e-05
2.79407e-05
0.000275916
0.000275916
0.000265335
0.000265335
5.34953e-05
5.34953e-05
0.000278415
0.000278415
0.000275331
0.000275331
0.000278974
0.000278974
0.000273793
0.000273793
0.000284245
0.000284245
0.000267821
0.000267821
0.000275788
0.000275788
2.31291e-05
2.31291e-05
2.31291e-05
0.000271139
0.000271139
0.000277888
0.000277888
2.25797e-05
2.25797e-05
2.25797e-05
0.00026946
0.00026946
1.55796e-05
1.55796e-05
1.55796e-05
0.000273948
0.000273948
0.00028416
0.00028416
0.00021164
0.00021164
0.000267651
0.000267651
0.000271815
0.000271815
0.000289297
0.000289297
0.000264873
0.000264873
0.000279641
0.000279641
0.000281779
0.000281779
0.00027585
0.00027585
0.000261183
0.000261183
0.000267441
0.000267441
0.000244953
0.000244953
0.000272435
0.000272435
0.000241053
0.000241053
0.000252589
0.000252589
0.000283161
0.000283161
0.000185999
0.000185999
0.000277855
0.000277855
0.000277005
0.000277005
0.000282255
0.000282255
0.000185733
0.000185733
0.000284105
0.000284105
0.000277656
0.000277656
0.000266617
0.000266617
0.000273013
0.000273013
0.000276536
0.000276536
0.000281334
0.000281334
0.000275558
0.000275558
0.000191626
0.000191626
0.000180812
0.000180812
0.000267922
0.000267922
0.000243073
0.000243073
0.000279867
0.000279867
0.000264028
0.000264028
0.00027344
0.00027344
0.000268787
0.000268787
0.000240256
0.000240256
0.000266638
0.000266638
0.000282981
0.000282981
0.000283474
0.000283474
0.000273413
0.000273413
0.000276343
0.000276343
0.000270425
0.000270425
0.000265647
0.000265647
0.00028395
0.00028395
0.000269572
0.000269572
0.000225407
0.000225407
0.000283232
0.000283232
0.000287139
0.000287139
0.000279461
0.000279461
0.000194106
0.000194106
0.000273691
0.000273691
0.000271307
0.000271307
0.000283793
0.000283793
0.000278288
0.000278288
0.000279465
0.000279465
0.000276908
0.000276908
0.000278422
0.000278422
0.000278071
0.000278071
0.000270324
0.000270324
0.000275984
0.000275984
0.000279928
0.000279928
0.00027965
0.00027965
0.0002802
0.0002802
2.35258e-05
2.35258e-05
0.000239308
0.000239308
0.000245897
0.000245897
0.000278699
0.000278699
0.000271066
0.000271066
0.000280277
0.000280277
0.000282567
0.000282567
0.000271109
0.000271109
0.000203003
0.000203003
0.000264395
0.000264395
0.000276085
0.000276085
0.000282462
0.000282462
0.000246512
0.000246512
0.000253411
0.000253411
0.000271725
0.000271725
0.00028773
0.00028773
0.000211174
0.000211174
0.000275661
0.000275661
0.000265074
0.000265074
0.000283015
0.000283015
0.000287859
0.000287859
0.000281549
0.000281549
0.000283594
0.000283594
0.000277104
0.000277104
0.000268711
0.000268711
0.000277237
0.000277237
0.000273574
0.000273574
0.000278887
0.000278887
0.000272211
0.000272211
0.000280112
0.000280112
0.000271581
0.000271581
0.000273703
0.000273703
0.000284976
0.000284976
0.000289341
0.000289341
0.000276807
0.000276807
0.000279773
0.000279773
0.00028044
0.00028044
0.000262553
0.000262553
0.000277716
0.000277716
0.000262935
0.000262935
0.000263595
0.000263595
0.000176754
0.000176754
0.000271513
0.000271513
0.000239604
0.000239604
0.000281541
0.000281541
0.000275883
0.000275883
0.000265852
0.000265852
0.000262471
0.000262471
0.000282654
0.000282654
0.000265088
0.000265088
0.00027245
0.00027245
0.000264576
0.000264576
0.000277879
0.000277879
0.000279236
0.000279236
5.32119e-05
5.32119e-05
0.000282087
0.000282087
0.000265489
0.000265489
0.000275572
0.000275572
5.21034e-05
5.21034e-05
0.000278019
0.000278019
0.000266327
0.000266327
0.000176714
0.000176714
0.000262569
0.000262569
0.000261327
0.000261327
0.000247989
0.000247989
0.000277952
0.000277952
0.000282478
0.000282478
0.000277366
0.000277366
0.000266938
0.000266938
0.000282324
0.000282324
5.01678e-05
5.01678e-05
5.46628e-05
5.46628e-05
0.000273362
0.000273362
0.000278144
0.000278144
0.0002813
0.0002813
0.000285314
0.000285314
0.000279353
0.000279353
0.000267815
0.000267815
0.000258852
0.000258852
0.000267239
0.000267239
0.000258793
0.000258793
5.10104e-05
5.10104e-05
0.000276874
0.000276874
0.000220667
0.000220667
0.000257166
0.000257166
0.000277206
0.000277206
0.000281959
0.000281959
0.000276667
0.000276667
0.000268514
0.000268514
0.000281333
0.000281333
1.22889e-05
1.22889e-05
1.22889e-05
1.41173e-05
1.41173e-05
1.41173e-05
0.00028956
0.00028956
0.000267594
0.000267594
0.000272342
0.000272342
0.000278101
0.000278101
0.000260031
0.000260031
0.000275325
0.000275325
0.000277358
0.000277358
0.000260897
0.000260897
0.000281019
0.000281019
0.00027825
0.00027825
0.000276251
0.000276251
0.000195933
0.000195933
0.000278278
0.000278278
0.00026118
0.00026118
4.96582e-05
4.96582e-05
0.000241539
0.000241539
0.000281793
0.000281793
0.000280338
0.000280338
0.000280856
0.000280856
0.000262288
0.000262288
0.000257654
0.000257654
0.000275067
0.000275067
0.000275661
0.000275661
0.000269176
0.000269176
0.000250813
0.000250813
0.000263264
0.000263264
0.000280789
0.000280789
1.81022e-05
1.81022e-05
1.81022e-05
0.000243699
0.000243699
0.000255281
0.000255281
0.000267096
0.000267096
5.04174e-05
5.04174e-05
0.000272497
0.000272497
0.000263978
0.000263978
5.53178e-05
5.53178e-05
3.59341e-05
3.59341e-05
0.000278372
0.000278372
0.000266923
0.000266923
0.000280655
0.000280655
0.000281876
0.000281876
0.00027929
0.00027929
0.000278475
0.000278475
0.000268157
0.000268157
0.000279239
0.000279239
0.000211028
0.000211028
0.000277342
0.000277342
0.000277277
0.000277277
2.04015e-05
2.04015e-05
2.04015e-05
5.00057e-05
5.00057e-05
0.000271783
0.000271783
3.70415e-05
3.70415e-05
0.000259512
0.000259512
0.000277438
0.000277438
0.000250723
0.000250723
0.000264292
0.000264292
0.000278077
0.000278077
0.000255908
0.000255908
0.000252888
0.000252888
0.000261988
0.000261988
0.000288852
0.000288852
0.000281954
0.000281954
0.000277466
0.000277466
0.000178141
0.000178141
0.000283115
0.000283115
0.000281299
0.000281299
0.000280308
0.000280308
0.000251032
0.000251032
0.000279212
0.000279212
0.000254603
0.000254603
0.000276521
0.000276521
0.000247303
0.000247303
5.26565e-05
5.26565e-05
0.00026634
0.00026634
0.000276006
0.000276006
0.000274374
0.000274374
4.95827e-05
4.95827e-05
0.000248519
0.000248519
0.000275848
0.000275848
0.000173303
0.000173303
4.53714e-05
4.53714e-05
0.000277552
0.000277552
0.000192626
0.000192626
0.000274019
0.000274019
0.000249683
0.000249683
0.000252589
0.000252589
0.000279192
0.000279192
0.000278689
0.000278689
0.000277532
0.000277532
0.000246126
0.000246126
0.000278217
0.000278217
0.000250759
0.000250759
0.000271176
0.000271176
0.000197179
0.000197179
0.000244259
0.000244259
0.000278472
0.000278472
0.000251552
0.000251552
0.000277306
0.000277306
0.000264017
0.000264017
0.000278961
0.000278961
0.000178732
0.000178732
0.000206527
0.000206527
0.000275826
0.000275826
0.000264039
0.000264039
0.000275033
0.000275033
1.56584e-05
1.56584e-05
1.56584e-05
1.43038e-05
1.43038e-05
1.43038e-05
0.000276412
0.000276412
0.000270611
0.000270611
0.000251922
0.000251922
0.000211394
0.000211394
0.000278374
0.000278374
0.000264208
0.000264208
0.000248707
0.000248707
0.000220813
0.000220813
4.96349e-05
4.96349e-05
0.000274682
0.000274682
0.00026484
0.00026484
0.000276507
0.000276507
0.000276463
0.000276463
0.000277107
0.000277107
0.000277816
0.000277816
0.000275389
0.000275389
0.00024512
0.00024512
0.000278148
0.000278148
0.00023759
0.00023759
0.000277803
0.000277803
0.000279085
0.000279085
0.000277277
0.000277277
0.000247601
0.000247601
0.000240492
0.000240492
0.00027689
0.00027689
0.000251643
0.000251643
0.000276626
0.000276626
0.00023916
0.00023916
2.25147e-05
2.25147e-05
2.25147e-05
0.000276619
0.000276619
0.000240755
0.000240755
0.000278472
0.000278472
0.000242326
0.000242326
0.00027778
0.00027778
4.43314e-05
4.43314e-05
0.000269166
0.000269166
0.000188057
0.000188057
5.78206e-05
5.78206e-05
0.000276686
0.000276686
0.000278641
0.000278641
0.000243745
0.000243745
1.98443e-05
1.98443e-05
1.98443e-05
0.000190441
0.000190441
0.000263092
0.000263092
0.000247996
0.000247996
0.000239502
0.000239502
0.000244842
0.000244842
0.000236215
0.000236215
0.000276135
0.000276135
0.000273182
0.000273182
0.000267225
0.000267225
0.000255502
0.000255502
0.000237322
0.000237322
0.000252414
0.000252414
0.000269672
0.000269672
0.000276528
0.000276528
0.000272732
0.000272732
0.000241797
0.000241797
0.000257472
0.000257472
0.000245063
0.000245063
0.000276804
0.000276804
0.000270276
0.000270276
5.20188e-05
5.20188e-05
0.000278094
0.000278094
5.03321e-05
5.03321e-05
0.000274609
0.000274609
0.000273417
0.000273417
0.000276402
0.000276402
0.000268864
0.000268864
0.000272252
0.000272252
0.000245396
0.000245396
0.000277275
0.000277275
0.000190948
0.000190948
0.000277191
0.000277191
0.000245109
0.000245109
0.000268643
0.000268643
0.000272899
0.000272899
0.000275499
0.000275499
0.000250484
0.000250484
2.18736e-05
2.18736e-05
2.18736e-05
0.00027482
0.00027482
0.000262816
0.000262816
0.000189188
0.000189188
0.000276469
0.000276469
0.000272177
0.000272177
0.000247197
0.000247197
0.000276303
0.000276303
2.02599e-05
2.02599e-05
2.02599e-05
0.000234668
0.000234668
0.000266257
0.000266257
0.000284844
0.000284844
2.04834e-05
2.04834e-05
2.04834e-05
0.000252704
0.000252704
0.000261378
0.000261378
0.000272999
0.000272999
0.000284461
0.000284461
0.000234471
0.000234471
0.000270669
0.000270669
0.000276298
0.000276298
3.96656e-05
3.96656e-05
0.000267713
0.000267713
0.000271588
0.000271588
0.000270616
0.000270616
0.000245154
0.000245154
0.000275629
0.000275629
2.3485e-05
2.3485e-05
2.3485e-05
0.000269106
0.000269106
0.00027309
0.00027309
0.000228356
0.000228356
0.000275859
0.000275859
0.000275962
0.000275962
0.000230575
0.000230575
0.000275718
0.000275718
0.000275348
0.000275348
0.000257155
0.000257155
0.000268432
0.000268432
0.000257958
0.000257958
0.000274328
0.000274328
1.95644e-05
1.95644e-05
1.95644e-05
2.05297e-05
2.05297e-05
2.05297e-05
0.000204576
0.000204576
0.00023336
0.00023336
0.000256903
0.000256903
1.90632e-05
1.90632e-05
1.90632e-05
0.00027547
0.00027547
0.000270068
0.000270068
4.54596e-05
4.54596e-05
0.000275339
0.000275339
0.000248341
0.000248341
0.000265287
0.000265287
0.000275998
0.000275998
4.35078e-05
4.35078e-05
2.03823e-05
2.03823e-05
2.03823e-05
0.000257091
0.000257091
0.000263257
0.000263257
5.14723e-05
5.14723e-05
1.7027e-05
1.7027e-05
1.7027e-05
1.63385e-05
1.63385e-05
1.63385e-05
0.000243211
0.000243211
0.000193867
0.000193867
0.000253455
0.000253455
0.000236541
0.000236541
0.000268141
0.000268141
0.000270568
0.000270568
0.000271284
0.000271284
0.000270802
0.000270802
0.000269875
0.000269875
0.00027537
0.00027537
2.18956e-05
2.18956e-05
2.18956e-05
0.000274255
0.000274255
2.10729e-05
2.10729e-05
2.10729e-05
2.30527e-05
2.30527e-05
2.30527e-05
0.000273773
0.000273773
0.000262154
0.000262154
0.000184828
0.000184828
2.01869e-05
2.01869e-05
2.01869e-05
0.000271856
0.000271856
0.000225938
0.000225938
0.000267102
0.000267102
5.05694e-05
5.05694e-05
0.000230059
0.000230059
5.07827e-05
5.07827e-05
0.00027493
0.00027493
5.12963e-05
5.12963e-05
0.0001939
0.0001939
0.000174901
0.000174901
5.10129e-05
5.10129e-05
0.000274409
0.000274409
4.74181e-05
4.74181e-05
0.000269269
0.000269269
0.000260677
0.000260677
4.20015e-05
4.20015e-05
5.12239e-05
5.12239e-05
0.000256748
0.000256748
5.14404e-05
5.14404e-05
0.000266816
0.000266816
3.86244e-05
3.86244e-05
5.15797e-05
5.15797e-05
0.000243938
0.000243938
0.000173312
0.000173312
0.00025315
0.00025315
0.000253741
0.000253741
3.33305e-05
3.33305e-05
3.33305e-05
2.01313e-05
2.01313e-05
2.01313e-05
5.16057e-05
5.16057e-05
0.000273628
0.000273628
0.000249407
0.000249407
0.000274383
0.000274383
0.000273289
0.000273289
0.000253437
0.000253437
0.000258861
0.000258861
0.000248096
0.000248096
0.000274009
0.000274009
0.000253639
0.000253639
0.000274359
0.000274359
5.06988e-05
5.06988e-05
0.000251122
0.000251122
0.000170074
0.000170074
0.000269941
0.000269941
0.000266821
0.000266821
0.000274435
0.000274435
0.000250254
0.000250254
0.000178893
0.000178893
1.82366e-05
1.82366e-05
1.82366e-05
0.000183241
0.000183241
5.14037e-05
5.14037e-05
0.000275407
0.000275407
0.000273854
0.000273854
0.000274301
0.000274301
0.000245475
0.000245475
0.000268359
0.000268359
0.000222482
0.000222482
0.000256143
0.000256143
0.00027343
0.00027343
2.04123e-05
2.04123e-05
2.04123e-05
0.000265548
0.000265548
0.00025987
0.00025987
0.000222152
0.000222152
5.34095e-05
5.34095e-05
0.000253313
0.000253313
0.000252412
0.000252412
0.00024458
0.00024458
0.000258547
0.000258547
0.000273008
0.000273008
4.98672e-05
4.98672e-05
0.000272429
0.000272429
0.000266578
0.000266578
4.91933e-05
4.91933e-05
0.000269011
0.000269011
0.00027366
0.00027366
5.05693e-05
5.05693e-05
0.00025108
0.00025108
0.000270382
0.000270382
0.000266586
0.000266586
5.08425e-05
5.08425e-05
0.000245888
0.000245888
0.0002705
0.0002705
0.000265342
0.000265342
4.86045e-05
4.86045e-05
0.000272836
0.000272836
0.000241744
0.000241744
0.000248989
0.000248989
0.000272416
0.000272416
2.14548e-05
2.14548e-05
2.14548e-05
0.000272006
0.000272006
0.000248589
0.000248589
0.000269775
0.000269775
0.000271765
0.000271765
0.00027289
0.00027289
0.00024222
0.00024222
0.000185045
0.000185045
0.00026753
0.00026753
0.000175063
0.000175063
0.000270956
0.000270956
0.000216495
0.000216495
0.000267361
0.000267361
2.37648e-05
2.37648e-05
2.37648e-05
5.40538e-05
5.40538e-05
5.3874e-05
5.3874e-05
2.0972e-05
2.0972e-05
2.0972e-05
0.000258642
0.000258642
4.63602e-05
4.63602e-05
0.000270447
0.000270447
0.000255361
0.000255361
0.000174727
0.000174727
5.04213e-05
5.04213e-05
1.74068e-05
1.74068e-05
1.74068e-05
0.000234062
0.000234062
0.000271808
0.000271808
0.000270162
0.000270162
0.000273287
0.000273287
0.000183313
0.000183313
0.000263215
0.000263215
0.000264096
0.000264096
4.7982e-05
4.7982e-05
0.00026804
0.00026804
0.00023098
0.00023098
0.000270172
0.000270172
0.000269095
0.000269095
0.000251461
0.000251461
0.000270756
0.000270756
0.000256449
0.000256449
0.000236455
0.000236455
0.00025341
0.00025341
4.98548e-05
4.98548e-05
0.000271244
0.000271244
0.00026824
0.00026824
0.000252536
0.000252536
0.000264964
0.000264964
0.000169632
0.000169632
1.67427e-05
1.67427e-05
1.67427e-05
0.000240783
0.000240783
4.09032e-05
4.09032e-05
1.71514e-05
1.71514e-05
1.71514e-05
0.000266978
0.000266978
1.76595e-05
1.76595e-05
1.76595e-05
0.000269713
0.000269713
0.000256325
0.000256325
1.82019e-05
1.82019e-05
1.82019e-05
0.00026631
0.00026631
5.36851e-05
5.36851e-05
1.87582e-05
1.87582e-05
1.87582e-05
0.000267658
0.000267658
0.000250488
0.000250488
4.7179e-05
4.7179e-05
1.93105e-05
1.93105e-05
1.93105e-05
1.97896e-05
1.97896e-05
1.97896e-05
0.000263523
0.000263523
0.000259127
0.000259127
0.000267452
0.000267452
0.000254709
0.000254709
0.000242484
0.000242484
0.000267252
0.000267252
0.000238205
0.000238205
0.000208824
0.000208824
1.92057e-05
1.92057e-05
1.92057e-05
2.11089e-05
2.11089e-05
2.11089e-05
2.01485e-05
2.01485e-05
2.01485e-05
0.000256699
0.000256699
0.000254429
0.000254429
0.000265716
0.000265716
5.15388e-05
5.15388e-05
0.00026645
0.00026645
4.48089e-05
4.48089e-05
5.30955e-05
5.30955e-05
0.000263277
0.000263277
0.000264025
0.000264025
5.22861e-05
5.22861e-05
4.5871e-05
4.5871e-05
0.000239356
0.000239356
0.00016551
0.00016551
2.03016e-05
2.03016e-05
2.03016e-05
5.08113e-05
5.08113e-05
0.000265178
0.000265178
1.65803e-05
1.65803e-05
1.65803e-05
0.000246734
0.000246734
0.000263531
0.000263531
0.000261485
0.000261485
0.000259508
0.000259508
0.000261642
0.000261642
1.6372e-05
1.6372e-05
1.6372e-05
1.59078e-05
1.59078e-05
1.59078e-05
0.000250326
0.000250326
0.000263881
0.000263881
1.5549e-05
1.5549e-05
1.5549e-05
0.000263252
0.000263252
4.85899e-05
4.85899e-05
0.000263831
0.000263831
0.000238227
0.000238227
2.27114e-05
2.27114e-05
2.27114e-05
2.19382e-05
2.19382e-05
2.19382e-05
2.27265e-05
2.27265e-05
2.27265e-05
5.34382e-05
5.34382e-05
0.000238193
0.000238193
0.000248426
0.000248426
0.000264509
0.000264509
0.000259898
0.000259898
0.000262235
0.000262235
0.000271508
0.000271508
0.000243671
0.000243671
0.000254761
0.000254761
0.000269345
0.000269345
0.000261208
0.000261208
1.52272e-05
1.52272e-05
1.52272e-05
0.000267047
0.000267047
0.000246973
0.000246973
0.000254187
0.000254187
4.11348e-05
4.11348e-05
0.000266487
0.000266487
2.01912e-05
2.01912e-05
2.01912e-05
0.000268268
0.000268268
0.000209866
0.000209866
2.03353e-05
2.03353e-05
2.03353e-05
3.98624e-05
3.98624e-05
0.000259905
0.000259905
0.000259536
0.000259536
0.000257384
0.000257384
0.000249431
0.000249431
2.24978e-05
2.24978e-05
2.24978e-05
0.000251049
0.000251049
2.15564e-05
2.15564e-05
2.15564e-05
4.92205e-05
4.92205e-05
5.20917e-05
5.20917e-05
0.000256276
0.000256276
0.000261671
0.000261671
0.000252836
0.000252836
0.000252783
0.000252783
0.000265868
0.000265868
0.000247095
0.000247095
5.00335e-05
5.00335e-05
0.000251954
0.000251954
2.03783e-05
2.03783e-05
2.03783e-05
2.14323e-05
2.14323e-05
2.14323e-05
0.00024898
0.00024898
1.48589e-05
1.48589e-05
1.48589e-05
0.000253414
0.000253414
5.27251e-05
5.27251e-05
0.000257708
0.000257708
0.00027006
0.00027006
0.000239782
0.000239782
0.000250856
0.000250856
0.000252312
0.000252312
0.000236901
0.000236901
0.000160685
0.000160685
0.000265724
0.000265724
1.98193e-05
1.98193e-05
1.98193e-05
1.4307e-05
1.4307e-05
1.4307e-05
0.00025646
0.00025646
2.15673e-05
2.15673e-05
2.15673e-05
1.57026e-05
1.57026e-05
1.57026e-05
0.000259
0.000259
0.00024205
0.00024205
0.000244419
0.000244419
2.28474e-05
2.28474e-05
2.28474e-05
0.000250518
0.000250518
2.22744e-05
2.22744e-05
2.22744e-05
5.30885e-05
5.30885e-05
0.000260066
0.000260066
0.00026916
0.00026916
2.24021e-05
2.24021e-05
2.24021e-05
5.2328e-05
5.2328e-05
0.000249687
0.000249687
2.19748e-05
2.19748e-05
2.19748e-05
0.000272401
0.000272401
0.000243401
0.000243401
1.95111e-05
1.95111e-05
1.95111e-05
0.000250447
0.000250447
0.000234037
0.000234037
0.0002503
0.0002503
5.28007e-05
5.28007e-05
0.000237387
0.000237387
0.000263088
0.000263088
1.12562e-05
1.12562e-05
1.12562e-05
1.29841e-05
1.29841e-05
1.29841e-05
0.000257096
0.000257096
0.000157836
0.000157836
0.000249075
0.000249075
0.000256163
0.000256163
0.000253916
0.000253916
0.000260755
0.000260755
0.000238615
0.000238615
0.000246217
0.000246217
2.11361e-05
2.11361e-05
2.11361e-05
0.00025367
0.00025367
0.0002496
0.0002496
0.000247269
0.000247269
0.000259593
0.000259593
0.000247028
0.000247028
0.000238825
0.000238825
4.26726e-05
4.26726e-05
1.99377e-05
1.99377e-05
1.99377e-05
0.000237164
0.000237164
0.00026448
0.00026448
0.000241488
0.000241488
0.000222032
0.000222032
0.000176387
0.000176387
5.14668e-05
5.14668e-05
2.19864e-05
2.19864e-05
2.19864e-05
0.000246633
0.000246633
0.000233139
0.000233139
5.09837e-05
5.09837e-05
0.000254091
0.000254091
4.77397e-05
4.77397e-05
1.92911e-05
1.92911e-05
1.92911e-05
0.0002332
0.0002332
0.000239995
0.000239995
0.000244065
0.000244065
0.000235149
0.000235149
2.15706e-05
2.15706e-05
2.15706e-05
2.12597e-05
2.12597e-05
2.12597e-05
0.000234971
0.000234971
5.15626e-05
5.15626e-05
5.18856e-05
5.18856e-05
5.03503e-05
5.03503e-05
0.000226091
0.000226091
0.00022508
0.00022508
0.000238312
0.000238312
0.000243583
0.000243583
0.00023298
0.00023298
3.81229e-05
3.81229e-05
1.83147e-05
1.83147e-05
1.83147e-05
0.000247202
0.000247202
0.00022404
0.00022404
0.000245618
0.000245618
4.91774e-05
4.91774e-05
2.06492e-05
2.06492e-05
2.06492e-05
0.000243847
0.000243847
0.000252295
0.000252295
0.000247721
0.000247721
0.000244493
0.000244493
0.000229417
0.000229417
0.000233199
0.000233199
0.000250373
0.000250373
4.93815e-05
4.93815e-05
2.07157e-05
2.07157e-05
2.07157e-05
0.000230691
0.000230691
5.25588e-05
5.25588e-05
0.000232094
0.000232094
1.99722e-05
1.99722e-05
1.99722e-05
0.000231508
0.000231508
2.04772e-05
2.04772e-05
2.04772e-05
5.26944e-05
5.26944e-05
2.16563e-05
2.16563e-05
2.16563e-05
0.000239632
0.000239632
2.16809e-05
2.16809e-05
2.16809e-05
0.000240564
0.000240564
5.03578e-05
5.03578e-05
0.000227483
0.000227483
0.000229891
0.000229891
1.93407e-05
1.93407e-05
1.93407e-05
4.76612e-05
4.76612e-05
0.000221261
0.000221261
4.65209e-05
4.65209e-05
4.60394e-05
4.60394e-05
1.8084e-05
1.8084e-05
1.8084e-05
0.000229704
0.000229704
1.46068e-05
1.46068e-05
1.46068e-05
0.000226633
0.000226633
1.84786e-05
1.84786e-05
1.84786e-05
0.00020721
0.00020721
0.000236654
0.000236654
0.000220483
0.000220483
1.98791e-05
1.98791e-05
1.98791e-05
1.95287e-05
1.95287e-05
1.95287e-05
4.8274e-05
4.8274e-05
4.73861e-05
4.73861e-05
5.22889e-05
5.22889e-05
4.8563e-05
4.8563e-05
2.09087e-05
2.09087e-05
2.09087e-05
1.71696e-05
1.71696e-05
1.71696e-05
0.000220572
0.000220572
0.00022358
0.00022358
0.000233207
0.000233207
0.000226785
0.000226785
1.86218e-05
1.86218e-05
1.86218e-05
1.48442e-05
1.48442e-05
1.48442e-05
4.38851e-05
4.38851e-05
0.000204958
0.000204958
0.000219754
0.000219754
0.0002138
0.0002138
0.000224104
0.000224104
0.000225966
0.000225966
0.00023084
0.00023084
0.000220904
0.000220904
1.65986e-05
1.65986e-05
1.65986e-05
4.5704e-05
4.5704e-05
0.000215726
0.000215726
2.15988e-05
2.15988e-05
2.15988e-05
4.36445e-05
4.36445e-05
1.55169e-05
1.55169e-05
1.55169e-05
4.16417e-05
4.16417e-05
0.000202978
0.000202978
0.000209344
0.000209344
1.5736e-05
1.5736e-05
1.5736e-05
3.04689e-05
3.04689e-05
8.26867e-06
8.26867e-06
8.26867e-06
8.26867e-06
1.34348e-05
1.34348e-05
1.34348e-05
1.34348e-05
3.45922e-05
3.45922e-05
1.69615e-05
1.69615e-05
1.69615e-05
1.72854e-05
1.72854e-05
1.72854e-05
4.52439e-05
4.52439e-05
2.12968e-05
2.12968e-05
2.12968e-05
4.56215e-05
4.56215e-05
1.76983e-05
1.76983e-05
1.76983e-05
1.84647e-05
1.84647e-05
1.84647e-05
4.47841e-05
4.47841e-05
1.67852e-05
1.67852e-05
1.67852e-05
1.88579e-05
1.88579e-05
1.88579e-05
4.70742e-05
4.70742e-05
4.57467e-05
4.57467e-05
1.76856e-05
1.76856e-05
1.76856e-05
2.01052e-05
2.01052e-05
2.01052e-05
1.6833e-05
1.6833e-05
1.6833e-05
4.48493e-05
4.48493e-05
1.83482e-05
1.83482e-05
1.83482e-05
4.65534e-05
4.65534e-05
1.27696e-05
1.27696e-05
1.27696e-05
8.6541e-06
8.6541e-06
8.6541e-06
1.03472e-05
1.03472e-05
1.03472e-05
4.12648e-05
4.12648e-05
1.46163e-05
1.46163e-05
1.46163e-05
1.60414e-05
1.60414e-05
1.60414e-05
4.3874e-05
4.3874e-05
1.89444e-05
1.89444e-05
1.89444e-05
0.000200051
0.000200051
0.000284343
0.000284343
0.000214963
0.000214963
0.00022238
0.00022238
0.00021893
0.00021893
4.72019e-05
4.72019e-05
1.28579e-05
1.28579e-05
1.28579e-05
0.00020476
0.00020476
0.000187628
0.000187628
0.000202034
0.000202034
8.52043e-06
8.52043e-06
8.52043e-06
0.000206061
0.000206061
0.000263867
0.000263867
0.000243427
0.000243427
0.000204163
0.000204163
4.30183e-05
4.30183e-05
3.90726e-05
3.90726e-05
0.00028522
0.00028522
0.000205669
0.000205669
2.24515e-05
2.24515e-05
2.24515e-05
8.18934e-06
8.18934e-06
8.18934e-06
2.29116e-05
2.29116e-05
2.29116e-05
0.000266981
0.000266981
0.000151369
0.000151369
0.000208285
0.000208285
0.000247949
0.000247949
2.38851e-05
2.38851e-05
2.38851e-05
0.000237404
0.000237404
0.00017832
0.00017832
0.000209101
0.000209101
7.87026e-06
7.87026e-06
7.87026e-06
8.15062e-06
8.15062e-06
8.15062e-06
2.28034e-05
2.28034e-05
2.28034e-05
2.02638e-05
2.02638e-05
2.02638e-05
2.5777e-05
2.5777e-05
2.5777e-05
1.98264e-05
1.98264e-05
1.98264e-05
2.19219e-05
2.19219e-05
2.19219e-05
2.09867e-05
2.09867e-05
2.09867e-05
0.000205994
0.000205994
4.57137e-05
4.57137e-05
0.000201866
0.000201866
1.72485e-05
1.72485e-05
1.72485e-05
1.51132e-05
1.51132e-05
1.51132e-05
1.63587e-05
1.63587e-05
1.63587e-05
4.68619e-05
4.68619e-05
0.00017968
0.00017968
0.000269765
0.000269765
1.89972e-05
1.89972e-05
1.89972e-05
1.20298e-05
1.20298e-05
1.20298e-05
1.28471e-05
1.28471e-05
1.28471e-05
0.000204751
0.000204751
0.00020755
0.00020755
3.65764e-05
3.65764e-05
0.000184989
0.000184989
0.000284881
0.000284881
0.000166968
0.000166968
0.000151166
0.000151166
3.97001e-05
3.97001e-05
1.87443e-05
1.87443e-05
1.87443e-05
5.43813e-05
5.43813e-05
3.84207e-05
3.84207e-05
5.63839e-05
5.63839e-05
4.10425e-05
4.10425e-05
3.80909e-05
3.80909e-05
3.94652e-05
3.94652e-05
1.3942e-05
1.3942e-05
1.3942e-05
1.34988e-05
1.34988e-05
1.34988e-05
0.00020125
0.00020125
0.000182119
0.000182119
0.000153898
0.000153898
0.000285296
0.000285296
2.31648e-05
2.31648e-05
3.37866e-05
3.37866e-05
3.85566e-05
3.85566e-05
0.000152786
0.000152786
0.000165045
0.000165045
3.58415e-05
3.58415e-05
0.000185239
0.000185239
0.000158237
0.000158237
0.00016726
0.00016726
0.000256558
0.000256558
1.64864e-05
1.64864e-05
1.64864e-05
0.000155572
0.000155572
0.000167814
0.000167814
0.000214375
0.000214375
3.82486e-05
3.82486e-05
0.000285934
0.000285934
0.000195751
0.000195751
0.000188365
0.000188365
1.19425e-05
1.19425e-05
1.19425e-05
0.000172061
0.000172061
0.000287285
0.000287285
0.000168491
0.000168491
3.07804e-05
3.07804e-05
1.90471e-05
1.90471e-05
1.90471e-05
0.000259588
0.000259588
0.000204876
0.000204876
0.000288249
0.000288249
0.000150683
0.000150683
0.000156532
0.000156532
1.62201e-05
1.62201e-05
1.62201e-05
0.000223058
0.000223058
0.000286172
0.000286172
0.000153475
0.000153475
0.000286347
0.000286347
0.000235485
0.000235485
3.69734e-05
3.69734e-05
0.000250157
0.000250157
0.000286744
0.000286744
0.000173701
0.000173701
0.000263428
0.000263428
0.000178475
0.000178475
0.000153898
0.000153898
0.000158757
0.000158757
1.32431e-05
1.32431e-05
1.32431e-05
0.000260315
0.000260315
3.30398e-05
3.30398e-05
1.69304e-05
1.69304e-05
1.69304e-05
0.000287601
0.000287601
)
;
    }
}


// ************************************************************************* //
